0,000869	-0,0174
0,001738	-0,0134
0,002607	-0,0131
0,003476	-0,0146
0,004345	-0,0119
0,005214	-0,0107
0,006083	-0,0122
0,006952	-0,0122
0,007821	-0,0131
0,008690	-0,0125
0,009559	-0,0134
0,010428	-0,0119
0,011297	-0,0131
0,012166	-0,0119
0,013035	-0,0122
0,013904	-0,0131
0,014773	-0,0107
0,015642	-0,0168
0,016511	-0,0125
0,017380	-0,0125
0,018249	-0,0131
0,019118	-0,0125
0,019987	-0,0113
0,020856	-0,0143
0,021725	-0,0125
0,022594	-0,0131
0,023463	-0,0131
0,024332	-0,0150
0,025201	-0,0104
0,026070	-0,0128
0,026939	-0,0134
0,027808	-0,0131
0,028677	-0,0122
0,029546	-0,0128
0,030415	-0,0113
0,031284	-0,0165
0,032153	-0,0125
0,033022	-0,0128
0,033891	-0,0168
0,034760	-0,0134
0,035629	-0,0143
0,036498	-0,0128
0,037367	-0,0125
0,038236	-0,0131
0,039105	-0,0131
0,039974	-0,0119
0,040843	-0,0104
0,041712	-0,0180
0,042581	-0,0122
0,043450	-0,0122
0,044319	-0,0143
0,045188	-0,0104
0,046057	-0,0128
0,046926	-0,0125
0,047795	-0,0128
0,048664	-0,0125
0,049533	-0,0131
0,050402	-0,0134
0,051271	-0,0110
0,052140	-0,0137
0,053009	-0,0128
0,053878	-0,0156
0,054747	-0,0162
0,055616	-0,0113
0,056485	-0,0116
0,057354	-0,0125
0,058223	-0,0128
0,059092	-0,0122
0,059961	-0,0116
0,060830	-0,0134
0,061699	-0,0150
0,062568	-0,0131
0,063437	-0,0134
0,064306	-0,0168
0,065175	-0,0104
0,066044	-0,0128
0,066913	-0,0134
0,067782	-0,0131
0,068651	-0,0125
0,069520	-0,0171
0,070389	0,1093
0,071258	0,2689
0,072127	0,4566
0,072996	0,6507
0,073865	0,8243
0,074734	0,9549
0,075603	1,0373
0,076472	1,0535
0,077341	0,9989
0,078210	0,8832
0,079079	0,7138
0,079948	0,5011
0,080817	0,2612
0,081686	0,0134
0,082555	-0,2380
0,083424	-0,4727
0,084293	-0,6549
0,085162	-0,7923
0,086031	-0,8701
0,086900	-0,8771
0,087769	-0,8167
0,088638	-0,6964
0,089507	-0,5216
0,090376	-0,3076
0,091245	-0,0751
0,092114	0,1663
0,092983	0,3995
0,093852	0,6006
0,094721	0,7608
0,095590	0,8612
0,096459	0,8969
0,097328	0,8652
0,098197	0,7736
0,099066	0,6259
0,099935	0,4321
0,100804	0,2045
0,101673	-0,0366
0,102542	-0,2759
0,103411	-0,5020
0,104280	-0,6809
0,105149	-0,8072
0,106018	-0,8731
0,106887	-0,8774
0,107756	-0,8151
0,108625	-0,6940
0,109494	-0,5176
0,110363	-0,3040
0,111232	-0,0678
0,112101	0,1727
0,112970	0,4041
0,113839	0,6058
0,114708	0,7596
0,115577	0,8542
0,116446	0,8902
0,117315	0,8548
0,118184	0,7602
0,119053	0,6101
0,119922	0,4132
0,120791	0,1849
0,121660	-0,0501
0,122529	-0,2933
0,123398	-0,5167
0,124267	-0,6946
0,125136	-0,8197
0,126005	-0,8835
0,126874	-0,8884
0,127743	-0,8219
0,128612	-0,6961
0,129481	-0,5152
0,130350	-0,2960
0,131219	-0,0607
0,132088	0,1819
0,132957	0,4181
0,133826	0,6250
0,134695	0,7807
0,135564	0,8817
0,136433	0,9204
0,137302	0,8829
0,138171	0,7828
0,139040	0,6256
0,139909	0,4242
0,140778	0,1923
0,141647	-0,0427
0,142516	-0,2887
0,143385	-0,5133
0,144254	-0,6980
0,145123	-0,8283
0,145992	-0,8994
0,146861	-0,9049
0,147730	-0,8383
0,148599	-0,7120
0,149468	-0,5325
0,150337	-0,3162
0,151206	-0,0803
0,152075	0,1599
0,152944	0,3986
0,153813	0,6003
0,154682	0,7614
0,155551	0,8612
0,156420	0,9052
0,157289	0,8716
0,158158	0,7807
0,159027	0,6323
0,159896	0,4364
0,160765	0,2106
0,161634	-0,0256
0,162503	-0,2704
0,163372	-0,4956
0,164241	-0,6754
0,165110	-0,7953
0,165979	-0,8719
0,166848	-0,8753
0,167717	-0,8133
0,168586	-0,6919
0,169455	-0,5155
0,170324	-0,3000
0,171193	-0,0674
0,172062	0,1730
0,172931	0,4108
0,173800	0,6131
0,174669	0,7709
0,175538	0,8689
0,176407	0,9067
0,177276	0,8713
0,178145	0,7755
0,179014	0,6211
0,179883	0,4221
0,180752	0,1938
0,181621	-0,0446
0,182490	-0,2911
0,183359	-0,5127
0,184228	-0,6903
0,185097	-0,8222
0,185966	-0,8945
0,186835	-0,9012
0,187704	-0,8362
0,188573	-0,7089
0,189442	-0,5310
0,190311	-0,3177
0,191180	-0,0815
0,192049	0,1584
0,192918	0,3964
0,193787	0,5994
0,194656	0,7627
0,195525	0,8615
0,196394	0,9046
0,197263	0,8722
0,198132	0,7807
0,199001	0,6333
0,199870	0,4382
0,200739	0,2130
0,201608	-0,0235
0,202477	-0,2698
0,203346	-0,4917
0,204215	-0,6803
0,205084	-0,7996
0,205953	-0,8698
0,206822	-0,8759
0,207691	-0,8151
0,208560	-0,6937
0,209429	-0,5161
0,210298	-0,3012
0,211167	-0,0665
0,212036	0,1737
0,212905	0,4074
0,213774	0,6101
0,214643	0,7736
0,215512	0,8710
0,216381	0,9159
0,217250	0,8817
0,218119	0,7859
0,218988	0,6345
0,219857	0,4361
0,220726	0,2124
0,221595	-0,0232
0,222464	-0,2655
0,223333	-0,4892
0,224202	-0,6757
0,225071	-0,8066
0,225940	-0,8829
0,226809	-0,8890
0,227678	-0,8274
0,228547	-0,7059
0,229416	-0,5329
0,230285	-0,3177
0,231154	-0,0836
0,232023	0,1581
0,232892	0,3977
0,233761	0,5988
0,234630	0,7538
0,235499	0,8563
0,236368	0,8982
0,237237	0,8667
0,238106	0,7739
0,238975	0,6250
0,239844	0,4294
0,240713	0,2023
0,241582	-0,0336
0,242451	-0,2771
0,243320	-0,5017
0,244189	-0,6818
0,245058	-0,8151
0,245927	-0,8875
0,246796	-0,8954
0,247665	-0,8319
0,248534	-0,7086
0,249403	-0,5325
0,250272	-0,3168
0,251141	-0,0858
0,252010	0,1526
0,252879	0,3873
0,253748	0,5939
0,254617	0,7529
0,255486	0,8560
0,256355	0,8951
0,257224	0,8649
0,258093	0,7749
0,258962	0,6290
0,259831	0,4379
0,260700	0,2118
0,261569	-0,0256
0,262438	-0,2676
0,263307	-0,4913
0,264176	-0,6803
0,265045	-0,8017
0,265914	-0,8795
0,266783	-0,8875
0,267652	-0,8271
0,268521	-0,7053
0,269390	-0,5283
0,270259	-0,3131
0,271128	-0,0797
0,271997	0,1578
0,272866	0,3928
0,273735	0,5979
0,274604	0,7596
0,275473	0,8594
0,276342	0,8997
0,277211	0,8673
0,278080	0,7764
0,278949	0,6308
0,279818	0,4376
0,280687	0,2121
0,281556	-0,0229
0,282425	-0,2661
0,283294	-0,4935
0,284163	-0,6738
0,285032	-0,8039
0,285901	-0,8728
0,286770	-0,8850
0,287639	-0,8249
0,288508	-0,7053
0,289377	-0,5298
0,290246	-0,3235
0,291115	-0,0864
0,291984	0,1541
0,292853	0,3867
0,293722	0,5899
0,294591	0,7489
0,295460	0,8591
0,296329	0,8979
0,297198	0,8646
0,298067	0,7733
0,298936	0,6272
0,299805	0,4355
0,300674	0,2094
0,301543	-0,0253
0,302412	-0,2683
0,303281	-0,4944
0,304150	-0,6781
0,305019	-0,8103
0,305888	-0,8792
0,306757	-0,8902
0,307626	-0,8307
0,308495	-0,7120
0,309364	-0,5362
0,310233	-0,3287
0,311102	-0,0913
0,311971	0,1462
0,312840	0,3827
0,313709	0,5844
0,314578	0,7450
0,315447	0,8509
0,316316	0,8914
0,317185	0,8591
0,318054	0,7669
0,318923	0,6214
0,319792	0,4297
0,320661	0,2054
0,321530	-0,0299
0,322399	-0,2734
0,323268	-0,5011
0,324137	-0,6824
0,325006	-0,8170
0,325875	-0,8890
0,326744	-0,8985
0,327613	-0,8405
0,328482	-0,7208
0,329351	-0,5454
0,330220	-0,3333
0,331089	-0,1010
0,331958	0,1392
0,332827	0,3739
0,333696	0,5777
0,334565	0,7428
0,335434	0,8451
0,336303	0,8850
0,337172	0,8530
0,338041	0,7620
0,338910	0,6165
0,339779	0,4266
0,340648	0,1935
0,341517	-0,0354
0,342386	-0,2777
0,343255	-0,5075
0,344124	-0,6879
0,344993	-0,8179
0,345862	-0,8948
0,346731	-0,9058
0,347600	-0,8472
0,348469	-0,7279
0,349338	-0,5527
0,350207	-0,3442
0,351076	-0,1080
0,351945	0,1288
0,352814	0,3650
0,353683	0,5713
0,354552	0,7324
0,355421	0,8374
0,356290	0,8783
0,357159	0,8481
0,358028	0,7593
0,358897	0,6146
0,359766	0,4227
0,360635	0,1987
0,361504	-0,0378
0,362373	-0,2768
0,363242	-0,5063
0,364111	-0,6882
0,364980	-0,8213
0,365849	-0,8969
0,366718	-0,9095
0,367587	-0,8506
0,368456	-0,7303
0,369325	-0,5567
0,370194	-0,3491
0,371063	-0,1178
0,371932	0,1221
0,372801	0,3601
0,373670	0,5649
0,374539	0,7303
0,375408	0,8347
0,376277	0,8744
0,377146	0,8475
0,378015	0,7620
0,378884	0,6171
0,379753	0,4236
0,380622	0,1987
0,381491	-0,0351
0,382360	-0,2744
0,383229	-0,5017
0,384098	-0,6842
0,384967	-0,8170
0,385836	-0,8936
0,386705	-0,9055
0,387574	-0,8463
0,388443	-0,7285
0,389312	-0,5579
0,390181	-0,3500
0,391050	-0,1193
0,391919	0,1239
0,392788	0,3592
0,393657	0,5628
0,394526	0,7208
0,395395	0,8283
0,396264	0,8731
0,397133	0,8460
0,398002	0,7578
0,398871	0,6104
0,399740	0,4175
0,400609	0,1950
0,401478	-0,0385
0,402347	-0,2795
0,403216	-0,5054
0,404085	-0,6952
0,404954	-0,8289
0,405823	-0,9000
0,406692	-0,9122
0,407561	-0,8560
0,408430	-0,7416
0,409299	-0,5701
0,410168	-0,3601
0,411037	-0,1282
0,411906	0,1099
0,412775	0,3436
0,413644	0,5454
0,414513	0,7074
0,415382	0,8133
0,416251	0,8570
0,417120	0,8267
0,417989	0,7382
0,418858	0,5933
0,419727	0,4031
0,420596	0,1828
0,421465	-0,0531
0,422334	-0,2942
0,423203	-0,5237
0,424072	-0,6989
0,424941	-0,8371
0,425810	-0,9104
0,426679	-0,9232
0,427548	-0,8670
0,428417	-0,7468
0,429286	-0,5716
0,430155	-0,3607
0,431024	-0,1282
0,431893	0,1105
0,432762	0,3467
0,433631	0,5557
0,434500	0,7166
0,435369	0,8231
0,436238	0,8637
0,437107	0,8380
0,437976	0,7532
0,438845	0,6119
0,439714	0,4202
0,440583	0,1999
0,441452	-0,0366
0,442321	-0,2738
0,443190	-0,4981
0,444059	-0,6839
0,444928	-0,8185
0,445797	-0,8914
0,446666	-0,9037
0,447535	-0,8457
0,448404	-0,7306
0,449273	-0,5612
0,450142	-0,3537
0,451011	-0,1175
0,451880	0,1169
0,452749	0,3516
0,453618	0,5564
0,454487	0,7181
0,455356	0,8225
0,456225	0,8679
0,457094	0,8390
0,457963	0,7489
0,458832	0,6034
0,459701	0,4123
0,460570	0,1895
0,461439	-0,0458
0,462308	-0,2857
0,463177	-0,5158
0,464046	-0,7007
0,464915	-0,8313
0,465784	-0,9131
0,466653	-0,9241
0,467522	-0,8686
0,468391	-0,7505
0,469260	-0,5744
0,470129	-0,3665
0,470998	-0,1315
0,471867	0,1041
0,472736	0,3427
0,473605	0,5542
0,474474	0,7187
0,475343	0,8246
0,476212	0,8695
0,477081	0,8463
0,477950	0,7620
0,478819	0,6217
0,479688	0,4309
0,480557	0,2084
0,481426	-0,0250
0,482295	-0,2591
0,483164	-0,4849
0,484033	-0,6726
0,484902	-0,8014
0,485771	-0,8765
0,486640	-0,8914
0,487509	-0,8374
0,488378	-0,7251
0,489247	-0,5570
0,490116	-0,3485
0,490985	-0,1181
0,491854	0,1141
0,492723	0,3525
0,493592	0,5545
0,494461	0,7166
0,495330	0,8194
0,496199	0,8655
0,497068	0,8374
0,497937	0,7471
0,498806	0,6061
0,499675	0,4169
0,500544	0,1959
0,501413	-0,0372
0,502282	-0,2771
0,503151	-0,5017
0,504020	-0,6787
0,504889	-0,8179
0,505758	-0,8927
0,506627	-0,9040
0,507496	-0,8466
0,508365	-0,7270
0,509234	-0,5539
0,510103	-0,3446
0,510972	-0,1096
0,511841	0,1303
0,512710	0,3693
0,513579	0,5783
0,514448	0,7407
0,515317	0,8451
0,516186	0,8893
0,517055	0,8658
0,517924	0,7770
0,518793	0,6311
0,519662	0,4386
0,520531	0,2155
0,521400	-0,0174
0,522269	-0,2618
0,523138	-0,4907
0,524007	-0,6781
0,524876	-0,8121
0,525745	-0,8893
0,526614	-0,9055
0,527483	-0,8530
0,528352	-0,7379
0,529221	-0,5649
0,530090	-0,3552
0,530959	-0,1218
0,531828	0,1141
0,532697	0,3528
0,533566	0,5643
0,534435	0,7288
0,535304	0,8380
0,536173	0,8826
0,537042	0,8615
0,537911	0,7785
0,538780	0,6378
0,539649	0,4483
0,540518	0,2286
0,541387	-0,0021
0,542256	-0,2399
0,543125	-0,4666
0,543994	-0,6580
0,544863	-0,7932
0,545732	-0,8683
0,546601	-0,8838
0,547470	-0,8304
0,548339	-0,7208
0,549208	-0,5524
0,550077	-0,3464
0,550946	-0,1169
0,551815	0,1193
0,552684	0,3470
0,553553	0,5542
0,554422	0,7160
0,555291	0,8237
0,556160	0,8698
0,557029	0,8460
0,557898	0,7633
0,558767	0,6244
0,559636	0,4367
0,560505	0,2185
0,561374	-0,0119
0,562243	-0,2478
0,563112	-0,4709
0,563981	-0,6531
0,564850	-0,7834
0,565719	-0,8631
0,566588	-0,8741
0,567457	-0,8182
0,568326	-0,7065
0,569195	-0,5402
0,570064	-0,3348
0,570933	-0,1038
0,571802	0,1303
0,572671	0,3619
0,573540	0,5637
0,574409	0,7248
0,575278	0,8325
0,576147	0,8722
0,577016	0,8432
0,577885	0,7562
0,578754	0,6168
0,579623	0,4294
0,580492	0,2084
0,581361	-0,0217
0,582230	-0,2564
0,583099	-0,4788
0,583968	-0,6601
0,584837	-0,7855
0,585706	-0,8655
0,586575	-0,8805
0,587444	-0,8213
0,588313	-0,7059
0,589182	-0,5396
0,590051	-0,3317
0,590920	-0,0983
0,591789	0,1300
0,592658	0,3641
0,593527	0,5649
0,594396	0,7242
0,595265	0,8295
0,596134	0,8734
0,597003	0,8426
0,597872	0,7538
0,598741	0,6146
0,599610	0,4266
0,600479	0,2063
0,601348	-0,0244
0,602217	-0,2628
0,603086	-0,4810
0,603955	-0,6604
0,604824	-0,7920
0,605693	-0,8698
0,606562	-0,8792
0,607431	-0,8222
0,608300	-0,7089
0,609169	-0,5432
0,610038	-0,3351
0,610907	-0,1086
0,611776	0,1236
0,612645	0,3467
0,613514	0,5554
0,614383	0,7105
0,615252	0,8206
0,616121	0,8609
0,616990	0,8344
0,617859	0,7498
0,618728	0,6128
0,619597	0,4266
0,620466	0,2109
0,621335	-0,0150
0,622204	-0,2509
0,623073	-0,4736
0,623942	-0,6507
0,624811	-0,7862
0,625680	-0,8609
0,626549	-0,8792
0,627418	-0,8286
0,628287	-0,7212
0,629156	-0,5591
0,630025	-0,3589
0,630894	-0,1309
0,631763	0,0995
0,632632	0,3281
0,633501	0,5350
0,634370	0,6928
0,635239	0,8060
0,636108	0,8542
0,636977	0,8356
0,637846	0,7593
0,638715	0,6269
0,639584	0,4419
0,640453	0,2261
0,641322	-0,0021
0,642191	-0,2390
0,643060	-0,4617
0,643929	-0,6552
0,644798	-0,7950
0,645667	-0,8780
0,646536	-0,8960
0,647405	-0,8509
0,648274	-0,7431
0,649143	-0,5771
0,650012	-0,3760
0,650881	-0,1431
0,651750	0,0906
0,652619	0,3278
0,653488	0,5390
0,654357	0,7041
0,655226	0,8225
0,656095	0,8707
0,656964	0,8530
0,657833	0,7736
0,658702	0,6351
0,659571	0,4443
0,660440	0,2222
0,661309	-0,0085
0,662178	-0,2539
0,663047	-0,4859
0,663916	-0,6745
0,664785	-0,8148
0,665654	-0,9024
0,666523	-0,9174
0,667392	-0,8667
0,668261	-0,7501
0,669130	-0,5759
0,669999	-0,3684
0,670868	-0,1334
0,671737	0,1080
0,672606	0,3455
0,673475	0,5570
0,674344	0,7218
0,675213	0,8289
0,676082	0,8811
0,676951	0,8582
0,677820	0,7672
0,678689	0,6235
0,679558	0,4324
0,680427	0,2121
0,681296	-0,0253
0,682165	-0,2664
0,683034	-0,4978
0,683903	-0,6854
0,684772	-0,8194
0,685641	-0,8930
0,686510	-0,9061
0,687379	-0,8484
0,688248	-0,7309
0,689117	-0,5615
0,689986	-0,3500
0,690855	-0,1224
0,691724	0,1141
0,692593	0,3467
0,693462	0,5493
0,694331	0,7129
0,695200	0,8173
0,696069	0,8585
0,696938	0,8313
0,697807	0,7450
0,698676	0,6085
0,699545	0,4236
0,700414	0,2075
0,701283	-0,0192
0,702152	-0,2518
0,703021	-0,4736
0,703890	-0,6513
0,704759	-0,7846
0,705628	-0,8621
0,706497	-0,8783
0,707366	-0,8280
0,708235	-0,7221
0,709104	-0,5618
0,709973	-0,3629
0,710842	-0,1361
0,711711	0,0903
0,712580	0,3226
0,713449	0,5231
0,714318	0,6937
0,715187	0,8081
0,716056	0,8560
0,716925	0,8411
0,717794	0,7675
0,718663	0,6345
0,719532	0,4511
0,720401	0,2316
0,721270	0,0055
0,722139	-0,2332
0,723008	-0,4651
0,723877	-0,6598
0,724746	-0,8002
0,725615	-0,8835
0,726484	-0,9076
0,727353	-0,8609
0,728222	-0,7492
0,729091	-0,5780
0,729960	-0,3693
0,730829	-0,1334
0,731698	0,1065
0,732567	0,3479
0,733436	0,5560
0,734305	0,7239
0,735174	0,8386
0,736043	0,8863
0,736912	0,8621
0,737781	0,7724
0,738650	0,6281
0,739519	0,4382
0,740388	0,2176
0,741257	-0,0180
0,742126	-0,2582
0,742995	-0,4843
0,743864	-0,6687
0,744733	-0,8042
0,745602	-0,8768
0,746471	-0,8881
0,747340	-0,8298
0,748209	-0,7160
0,749078	-0,5524
0,749947	-0,3452
0,750816	-0,1196
0,751685	0,1090
0,752554	0,3394
0,753423	0,5411
0,754292	0,6998
0,755161	0,8023
0,756030	0,8515
0,756899	0,8319
0,757768	0,7562
0,758637	0,6281
0,759506	0,4483
0,760375	0,2368
0,761244	0,0110
0,762113	-0,2219
0,762982	-0,4486
0,763851	-0,6400
0,764720	-0,7846
0,765589	-0,8658
0,766458	-0,8899
0,767327	-0,8484
0,768196	-0,7431
0,769065	-0,5795
0,769934	-0,3760
0,770803	-0,1444
0,771672	0,0958
0,772541	0,3360
0,773410	0,5527
0,774279	0,7233
0,775148	0,8316
0,776017	0,8872
0,776886	0,8664
0,777755	0,7794
0,778624	0,6354
0,779493	0,4453
0,780362	0,2234
0,781231	-0,0143
0,782100	-0,2554
0,782969	-0,4813
0,783838	-0,6687
0,784707	-0,8023
0,785576	-0,8753
0,786445	-0,8878
0,787314	-0,8289
0,788183	-0,7160
0,789052	-0,5533
0,789921	-0,3479
0,790790	-0,1273
0,791659	0,1041
0,792528	0,3311
0,793397	0,5335
0,794266	0,6909
0,795135	0,8036
0,796004	0,8539
0,796873	0,8368
0,797742	0,7633
0,798611	0,6354
0,799480	0,4544
0,800349	0,2435
0,801218	0,0150
0,802087	-0,2179
0,802956	-0,4547
0,803825	-0,6470
0,804694	-0,7907
0,805563	-0,8756
0,806432	-0,9043
0,807301	-0,8606
0,808170	-0,7526
0,809039	-0,5820
0,809908	-0,3751
0,810777	-0,1382
0,811646	0,1032
0,812515	0,3424
0,813384	0,5515
0,814253	0,7163
0,815122	0,8255
0,815991	0,8759
0,816860	0,8487
0,817729	0,7587
0,818598	0,6186
0,819467	0,4315
0,820336	0,2161
0,821205	-0,0153
0,822074	-0,2451
0,822943	-0,4642
0,823812	-0,6449
0,824681	-0,7782
0,825550	-0,8573
0,826419	-0,8731
0,827288	-0,8264
0,828157	-0,7248
0,829026	-0,5707
0,829895	-0,3720
0,830764	-0,1489
0,831633	0,0815
0,832502	0,3104
0,833371	0,5200
0,834240	0,6925
0,835109	0,8060
0,835978	0,8679
0,836847	0,8585
0,837716	0,7828
0,838585	0,6458
0,839454	0,4575
0,840323	0,2362
0,841192	-0,0006
0,842061	-0,2445
0,842930	-0,4773
0,843799	-0,6619
0,844668	-0,8057
0,845537	-0,8866
0,846406	-0,9021
0,847275	-0,8441
0,848144	-0,7285
0,849013	-0,5612
0,849882	-0,3565
0,850751	-0,1291
0,851620	0,1001
0,852489	0,3281
0,853358	0,5258
0,854227	0,6885
0,855096	0,7965
0,855965	0,8441
0,856834	0,8292
0,857703	0,7553
0,858572	0,6311
0,859441	0,4550
0,860310	0,2445
0,861179	0,0177
0,862048	-0,2130
0,862917	-0,4468
0,863786	-0,6415
0,864655	-0,7883
0,865524	-0,8774
0,866393	-0,9070
0,867262	-0,8637
0,868131	-0,7547
0,869000	-0,5844
0,869869	-0,3769
0,870738	-0,1410
0,871607	0,1004
0,872476	0,3397
0,873345	0,5435
0,874214	0,7062
0,875083	0,8219
0,875952	0,8597
0,876821	0,8377
0,877690	0,7495
0,878559	0,6140
0,879428	0,4315
0,880297	0,2206
0,881166	-0,0006
0,882035	-0,2280
0,882904	-0,4465
0,883773	-0,6305
0,884642	-0,7648
0,885511	-0,8524
0,886380	-0,8777
0,887249	-0,8417
0,888118	-0,7462
0,888987	-0,5884
0,889856	-0,3885
0,890725	-0,1596
0,891594	0,0769
0,892463	0,3207
0,893332	0,5365
0,894201	0,7083
0,895070	0,8283
0,895939	0,8795
0,896808	0,8618
0,897677	0,7752
0,898546	0,6326
0,899415	0,4434
0,900284	0,2225
0,901153	-0,0089
0,902022	-0,2481
0,902891	-0,4682
0,903760	-0,6439
0,904629	-0,7749
0,905498	-0,8557
0,906367	-0,8716
0,907236	-0,8261
0,908105	-0,7257
0,908974	-0,5728
0,909843	-0,3763
0,910712	-0,1563
0,911581	0,0723
0,912450	0,3049
0,913319	0,5136
0,914188	0,6900
0,915057	0,8063
0,915926	0,8722
0,916795	0,8637
0,917664	0,7877
0,918533	0,6485
0,919402	0,4593
0,920271	0,2377
0,921140	0,0000
0,922009	-0,2396
0,922878	-0,4697
0,923747	-0,6534
0,924616	-0,7901
0,925485	-0,8652
0,926354	-0,8783
0,927223	-0,8237
0,928092	-0,7169
0,928961	-0,5588
0,929830	-0,3644
0,930699	-0,1431
0,931568	0,0763
0,932437	0,2982
0,933306	0,5054
0,934175	0,6772
0,935044	0,7993
0,935913	0,8579
0,936782	0,8548
0,937651	0,7843
0,938520	0,6546
0,939389	0,4685
0,940258	0,2487
0,941127	0,0122
0,941996	-0,2322
0,942865	-0,4688
0,943734	-0,6610
0,944603	-0,8026
0,945472	-0,8786
0,946341	-0,8918
0,947210	-0,8341
0,948079	-0,7221
0,948948	-0,5612
0,949817	-0,3610
0,950686	-0,1398
0,951555	0,0824
0,952424	0,3055
0,953293	0,5106
0,954162	0,6751
0,955031	0,7917
0,955900	0,8524
0,956769	0,8472
0,957638	0,7810
0,958507	0,6540
0,959376	0,4715
0,960245	0,2527
0,961114	0,0198
0,961983	-0,2249
0,962852	-0,4617
0,963721	-0,6577
0,964590	-0,7920
0,965459	-0,8774
0,966328	-0,8933
0,967197	-0,8377
0,968066	-0,7230
0,968935	-0,5618
0,969804	-0,3619
0,970673	-0,1401
0,971542	0,0821
0,972411	0,3049
0,973280	0,5078
0,974149	0,6711
0,975018	0,7901
0,975887	0,8466
0,976756	0,8426
0,977625	0,7770
0,978494	0,6519
0,979363	0,4712
0,980232	0,2539
0,981101	0,0186
0,981970	-0,2264
0,982839	-0,4605
0,983708	-0,6543
0,984577	-0,7968
0,985446	-0,8768
0,986315	-0,8930
0,987184	-0,8353
0,988053	-0,7233
0,988922	-0,5634
0,989791	-0,3623
0,990660	-0,1431
0,991529	0,0784
0,992398	0,3018
0,993267	0,5075
0,994136	0,6772
0,995005	0,7926
0,995874	0,8551
0,996743	0,8524
0,997612	0,7828
0,998481	0,6540
0,999350	0,4697
1,000219	0,2509
1,001088	0,0156
1,001957	-0,2292
1,002826	-0,4645
1,003695	-0,6543
1,004564	-0,7920
1,005433	-0,8716
1,006302	-0,8808
1,007171	-0,8258
1,008040	-0,7218
1,008909	-0,5673
1,009778	-0,3775
1,010647	-0,1544
1,011516	0,0681
1,012385	0,2918
1,013254	0,4996
1,014123	0,6793
1,014992	0,8017
1,015861	0,8606
1,016730	0,8585
1,017599	0,7855
1,018468	0,6488
1,019337	0,4617
1,020206	0,2402
1,021075	0,0055
1,021944	-0,2362
1,022813	-0,4624
1,023682	-0,6452
1,024551	-0,7825
1,025420	-0,8524
1,026289	-0,8683
1,027158	-0,8228
1,028027	-0,7254
1,028896	-0,5780
1,029765	-0,3864
1,030634	-0,1654
1,031503	0,0586
1,032372	0,2969
1,033241	0,5182
1,034110	0,6931
1,034979	0,8148
1,035848	0,8741
1,036717	0,8625
1,037586	0,7764
1,038455	0,6363
1,039324	0,4477
1,040193	0,2283
1,041062	-0,0003
1,041931	-0,2280
1,042800	-0,4468
1,043669	-0,6272
1,044538	-0,7611
1,045407	-0,8414
1,046276	-0,8716
1,047145	-0,8377
1,048014	-0,7474
1,048883	-0,5963
1,049752	-0,3974
1,050621	-0,1691
1,051490	0,0674
1,052359	0,3119
1,053228	0,5295
1,054097	0,6998
1,054966	0,8164
1,055835	0,8655
1,056704	0,8426
1,057573	0,7535
1,058442	0,6204
1,059311	0,4425
1,060180	0,2356
1,061049	0,0198
1,061918	-0,2039
1,062787	-0,4254
1,063656	-0,6137
1,064525	-0,7657
1,065394	-0,8551
1,066263	-0,8924
1,067132	-0,8579
1,068001	-0,7578
1,068870	-0,5924
1,069739	-0,3848
1,070608	-0,1474
1,071477	0,0903
1,072346	0,3262
1,073215	0,5332
1,074084	0,6879
1,074953	0,7932
1,075822	0,8402
1,076691	0,8240
1,077560	0,7529
1,078429	0,6345
1,079298	0,4648
1,080167	0,2603
1,081036	0,0394
1,081905	-0,1968
1,082774	-0,4358
1,083643	-0,6369
1,084512	-0,7901
1,085381	-0,8741
1,086250	-0,9012
1,087119	-0,8490
1,087988	-0,7349
1,088857	-0,5689
1,089726	-0,3681
1,090595	-0,1425
1,091464	0,0806
1,092333	0,2973
1,093202	0,4956
1,094071	0,6616
1,094940	0,7846
1,095809	0,8472
1,096678	0,8499
1,097547	0,7852
1,098416	0,6583
1,099285	0,4736
1,100154	0,2570
1,101023	0,0201
1,101892	-0,2258
1,102761	-0,4556
1,103630	-0,6409
1,104499	-0,7736
1,105368	-0,8478
1,106237	-0,8658
1,107106	-0,8200
1,107975	-0,7245
1,108844	-0,5786
1,109713	-0,3903
1,110582	-0,1724
1,111451	0,0558
1,112320	0,2921
1,113189	0,5112
1,114058	0,6882
1,114927	0,8145
1,115796	0,8722
1,116665	0,8554
1,117534	0,7678
1,118403	0,6275
1,119272	0,4450
1,120141	0,2316
1,121010	0,0134
1,121879	-0,2087
1,122748	-0,4257
1,123617	-0,6128
1,124486	-0,7584
1,125355	-0,8484
1,126224	-0,8878
1,127093	-0,8579
1,127962	-0,7602
1,128831	-0,5976
1,129700	-0,3928
1,130569	-0,1608
1,131438	0,0818
1,132307	0,3137
1,133176	0,5203
1,134045	0,6806
1,134914	0,7886
1,135783	0,8368
1,136652	0,8216
1,137521	0,7562
1,138390	0,6427
1,139259	0,4740
1,140128	0,2670
1,140997	0,0406
1,141866	-0,2017
1,142735	-0,4407
1,143604	-0,6406
1,144473	-0,7846
1,145342	-0,8747
1,146211	-0,8881
1,147080	-0,8341
1,147949	-0,7230
1,148818	-0,5667
1,149687	-0,3735
1,150556	-0,1575
1,151425	0,0607
1,152294	0,2850
1,153163	0,4953
1,154032	0,6754
1,154901	0,7968
1,155770	0,8679
1,156639	0,8631
1,157508	0,7837
1,158377	0,6439
1,159246	0,4547
1,160115	0,2359
1,160984	0,0043
1,161853	-0,2185
1,162722	-0,4337
1,163591	-0,6149
1,164460	-0,7505
1,165329	-0,8414
1,166198	-0,8747
1,167067	-0,8484
1,167936	-0,7572
1,168805	-0,6021
1,169674	-0,4013
1,170543	-0,1679
1,171412	0,0751
1,172281	0,3146
1,173150	0,5231
1,174019	0,6854
1,174888	0,7923
1,175757	0,8353
1,176626	0,8200
1,177495	0,7535
1,178364	0,6409
1,179233	0,4736
1,180102	0,2695
1,180971	0,0436
1,181840	-0,1947
1,182709	-0,4361
1,183578	-0,6348
1,184447	-0,7794
1,185316	-0,8664
1,186185	-0,8847
1,187054	-0,8316
1,187923	-0,7233
1,188792	-0,5683
1,189661	-0,3772
1,190530	-0,1645
1,191399	0,0507
1,192268	0,2795
1,193137	0,4975
1,194006	0,6742
1,194875	0,8026
1,195744	0,8667
1,196613	0,8606
1,197482	0,7776
1,198351	0,6369
1,199220	0,4514
1,200089	0,2383
1,200958	0,0150
1,201827	-0,2057
1,202696	-0,4205
1,203565	-0,6061
1,204434	-0,7532
1,205303	-0,8454
1,206172	-0,8866
1,207041	-0,8582
1,207910	-0,7624
1,208779	-0,5988
1,209648	-0,3949
1,210517	-0,1581
1,211386	0,0806
1,212255	0,3098
1,213124	0,5072
1,213993	0,6613
1,214862	0,7746
1,215731	0,8292
1,216600	0,8286
1,217469	0,7733
1,218338	0,6583
1,219207	0,4840
1,220076	0,2695
1,220945	0,0345
1,221814	-0,2109
1,222683	-0,4453
1,223552	-0,6363
1,224421	-0,7709
1,225290	-0,8475
1,226159	-0,8618
1,227028	-0,8191
1,227897	-0,7291
1,228766	-0,5887
1,229635	-0,3998
1,230504	-0,1837
1,231373	0,0467
1,232242	0,2918
1,233111	0,5106
1,233980	0,6906
1,234849	0,8026
1,235718	0,8560
1,236587	0,8344
1,237456	0,7505
1,238325	0,6259
1,239194	0,4575
1,240063	0,2570
1,240932	0,0433
1,241801	-0,1807
1,242670	-0,4135
1,243539	-0,6156
1,244408	-0,7749
1,245277	-0,8658
1,246146	-0,8972
1,247015	-0,8472
1,247884	-0,7343
1,248753	-0,5756
1,249622	-0,3754
1,250491	-0,1617
1,251360	0,0528
1,252229	0,2738
1,253098	0,4822
1,253967	0,6586
1,254836	0,7886
1,255705	0,8606
1,256574	0,8609
1,257443	0,7825
1,258312	0,6439
1,259181	0,4593
1,260050	0,2454
1,260919	0,0192
1,261788	-0,2017
1,262657	-0,4144
1,263526	-0,5972
1,264395	-0,7450
1,265264	-0,8463
1,266133	-0,8853
1,267002	-0,8582
1,267871	-0,7617
1,268740	-0,5982
1,269609	-0,3873
1,270478	-0,1566
1,271347	0,0766
1,272216	0,2997
1,273085	0,4999
1,273954	0,6568
1,274823	0,7746
1,275692	0,8332
1,276561	0,8399
1,277430	0,7831
1,278299	0,6619
1,279168	0,4804
1,280037	0,2643
1,280906	0,0250
1,281775	-0,2139
1,282644	-0,4364
1,283513	-0,6146
1,284382	-0,7508
1,285251	-0,8286
1,286120	-0,8597
1,286989	-0,8362
1,287858	-0,7541
1,288727	-0,6095
1,289596	-0,4096
1,290465	-0,1804
1,291334	0,0610
1,292203	0,3027
1,293072	0,5136
1,293941	0,6732
1,294810	0,7791
1,295679	0,8286
1,296548	0,8194
1,297417	0,7584
1,298286	0,6485
1,299155	0,4840
1,300024	0,2780
1,300893	0,0470
1,301762	-0,1996
1,302631	-0,4382
1,303500	-0,6290
1,304369	-0,7669
1,305238	-0,8426
1,306107	-0,8628
1,306976	-0,8209
1,307845	-0,7334
1,308714	-0,5945
1,309583	-0,4096
1,310452	-0,1914
1,311321	0,0501
1,312190	0,2939
1,313059	0,5203
1,313928	0,6796
1,314797	0,7968
1,315666	0,8417
1,316535	0,8219
1,317404	0,7498
1,318273	0,6354
1,319142	0,4724
1,320011	0,2750
1,320880	0,0534
1,321749	-0,1852
1,322618	-0,4263
1,323487	-0,6262
1,324356	-0,7715
1,325225	-0,8521
1,326094	-0,8713
1,326963	-0,8209
1,327832	-0,7254
1,328701	-0,5847
1,329570	-0,4028
1,330439	-0,1877
1,331308	0,0394
1,332177	0,2795
1,333046	0,5039
1,333915	0,6800
1,334784	0,8002
1,335653	0,8496
1,336522	0,8280
1,337391	0,7477
1,338260	0,6278
1,339129	0,4657
1,339998	0,2707
1,340867	0,0534
1,341736	-0,1819
1,342605	-0,4190
1,343474	-0,6284
1,344343	-0,7736
1,345212	-0,8618
1,346081	-0,8798
1,346950	-0,8252
1,347819	-0,7239
1,348688	-0,5789
1,349557	-0,3958
1,350426	-0,1868
1,351295	0,0385
1,352164	0,2741
1,353033	0,4990
1,353902	0,6769
1,354771	0,7965
1,355640	0,8536
1,356509	0,8341
1,357378	0,7514
1,358247	0,6302
1,359116	0,4669
1,359985	0,2728
1,360854	0,0555
1,361723	-0,1770
1,362592	-0,4123
1,363461	-0,6143
1,364330	-0,7697
1,365199	-0,8670
1,366068	-0,8783
1,366937	-0,8258
1,367806	-0,7239
1,368675	-0,5799
1,369544	-0,3977
1,370413	-0,1914
1,371282	0,0317
1,372151	0,2725
1,373020	0,4950
1,373889	0,6781
1,374758	0,7947
1,375627	0,8518
1,376496	0,8310
1,377365	0,7492
1,378234	0,6287
1,379103	0,4685
1,379972	0,2759
1,380841	0,0555
1,381710	-0,1746
1,382579	-0,4196
1,383448	-0,6192
1,384317	-0,7700
1,385186	-0,8533
1,386055	-0,8759
1,386924	-0,8234
1,387793	-0,7248
1,388662	-0,5838
1,389531	-0,4047
1,390400	-0,1935
1,391269	0,0327
1,392138	0,2756
1,393007	0,4999
1,393876	0,6806
1,394745	0,7968
1,395614	0,8444
1,396483	0,8222
1,397352	0,7471
1,398221	0,6339
1,399090	0,4758
1,399959	0,2829
1,400828	0,0601
1,401697	-0,1770
1,402566	-0,4236
1,403435	-0,6220
1,404304	-0,7666
1,405173	-0,8460
1,406042	-0,8618
1,406911	-0,8164
1,407780	-0,7282
1,408649	-0,5927
1,409518	-0,4114
1,410387	-0,1950
1,411256	0,0385
1,412125	0,2872
1,412994	0,5087
1,413863	0,6735
1,414732	0,7843
1,415601	0,8310
1,416470	0,8158
1,417339	0,7520
1,418208	0,6467
1,419077	0,4855
1,419946	0,2838
1,420815	0,0525
1,421684	-0,1914
1,422553	-0,4321
1,423422	-0,6262
1,424291	-0,7526
1,425160	-0,8316
1,426029	-0,8548
1,426898	-0,8243
1,427767	-0,7477
1,428636	-0,6095
1,429505	-0,4233
1,430374	-0,1892
1,431243	0,0540
1,432112	0,2948
1,432981	0,4990
1,433850	0,6543
1,434719	0,7630
1,435588	0,8219
1,436457	0,8216
1,437326	0,7712
1,438195	0,6616
1,439064	0,4880
1,439933	0,2750
1,440802	0,0345
1,441671	-0,2029
1,442540	-0,4224
1,443409	-0,5982
1,444278	-0,7327
1,445147	-0,8197
1,446016	-0,8628
1,446885	-0,8472
1,447754	-0,7624
1,448623	-0,6049
1,449492	-0,4035
1,450361	-0,1648
1,451230	0,0659
1,452099	0,2847
1,452968	0,4794
1,453837	0,6391
1,454706	0,7636
1,455575	0,8371
1,456444	0,8502
1,457313	0,7877
1,458182	0,6540
1,459051	0,4700
1,459920	0,2579
1,460789	0,0311
1,461658	-0,1859
1,462527	-0,3977
1,463396	-0,5853
1,464265	-0,7410
1,465134	-0,8435
1,466003	-0,8911
1,466872	-0,8545
1,467741	-0,7434
1,468610	-0,5802
1,469479	-0,3845
1,470348	-0,1679
1,471217	0,0412
1,472086	0,2576
1,472955	0,4730
1,473824	0,6537
1,474693	0,7877
1,475562	0,8570
1,476431	0,8444
1,477300	0,7581
1,478169	0,6269
1,479038	0,4584
1,479907	0,2689
1,480776	0,0543
1,481645	-0,1663
1,482514	-0,4050
1,483383	-0,6149
1,484252	-0,7669
1,485121	-0,8506
1,485990	-0,8728
1,486859	-0,8200
1,487728	-0,7245
1,488597	-0,5875
1,489466	-0,4071
1,490335	-0,1978
1,491204	0,0296
1,492073	0,2744
1,492942	0,4987
1,493811	0,6705
1,494680	0,7810
1,495549	0,8246
1,496418	0,8127
1,497287	0,7535
1,498156	0,6510
1,499025	0,4917
1,499894	0,2918
1,500763	0,0513
1,501632	-0,1932
1,502501	-0,4239
1,503370	-0,6095
1,504239	-0,7425
1,505108	-0,8222
1,505977	-0,8512
1,506846	-0,8347
1,507715	-0,7578
1,508584	-0,6095
1,509453	-0,4074
1,510322	-0,1721
1,511191	0,0610
1,512060	0,2844
1,512929	0,4767
1,513798	0,6336
1,514667	0,7624
1,515536	0,8313
1,516405	0,8463
1,517274	0,7855
1,518143	0,6531
1,519012	0,4685
1,519881	0,2557
1,520750	0,0345
1,521619	-0,1773
1,522488	-0,3882
1,523357	-0,5811
1,524226	-0,7431
1,525095	-0,8463
1,525964	-0,8902
1,526833	-0,8478
1,527702	-0,7346
1,528571	-0,5795
1,529440	-0,3925
1,530309	-0,1865
1,531178	0,0253
1,532047	0,2472
1,532916	0,4740
1,533785	0,6610
1,534654	0,7831
1,535523	0,8420
1,536392	0,8264
1,537261	0,7450
1,538130	0,6293
1,538999	0,4758
1,539868	0,2872
1,540737	0,0623
1,541606	-0,1740
1,542475	-0,4160
1,543344	-0,6119
1,544213	-0,7523
1,545082	-0,8277
1,545951	-0,8496
1,546820	-0,8191
1,547689	-0,7465
1,548558	-0,6110
1,549427	-0,4193
1,550296	-0,1877
1,551165	0,0525
1,552034	0,2860
1,552903	0,4874
1,553772	0,6403
1,554641	0,7529
1,555510	0,8216
1,556379	0,8380
1,557248	0,7862
1,558117	0,6607
1,558986	0,4761
1,559855	0,2606
1,560724	0,0339
1,561593	-0,1819
1,562462	-0,3897
1,563331	-0,5768
1,564200	-0,7358
1,565069	-0,8383
1,565938	-0,8860
1,566807	-0,8460
1,567676	-0,7358
1,568545	-0,5774
1,569414	-0,3879
1,570283	-0,1849
1,571152	0,0250
1,572021	0,2524
1,572890	0,4779
1,573759	0,6619
1,574628	0,7886
1,575497	0,8411
1,576366	0,8203
1,577235	0,7456
1,578104	0,6354
1,578973	0,4819
1,579842	0,2893
1,580711	0,0632
1,581580	-0,1794
1,582449	-0,4184
1,583318	-0,6046
1,584187	-0,7416
1,585056	-0,8173
1,585925	-0,8493
1,586794	-0,8325
1,587663	-0,7587
1,588532	-0,6134
1,589401	-0,4120
1,590270	-0,1791
1,591139	0,0558
1,592008	0,2747
1,592877	0,4761
1,593746	0,6302
1,594615	0,7569
1,595484	0,8353
1,596353	0,8481
1,597222	0,7782
1,598091	0,6424
1,598960	0,4617
1,599829	0,2591
1,600698	0,0485
1,601567	-0,1611
1,602436	-0,3827
1,603305	-0,5908
1,604174	-0,7526
1,605043	-0,8518
1,605912	-0,8737
1,606781	-0,8216
1,607650	-0,7233
1,608519	-0,5881
1,609388	-0,4120
1,610257	-0,2057
1,611126	0,0262
1,611995	0,2692
1,612864	0,4941
1,613733	0,6537
1,614602	0,7627
1,615471	0,8148
1,616340	0,8139
1,617209	0,7688
1,618078	0,6647
1,618947	0,4932
1,619816	0,2780
1,620685	0,0403
1,621554	-0,1892
1,622423	-0,3989
1,623292	-0,5750
1,624161	-0,7245
1,625030	-0,8240
1,625899	-0,8762
1,626768	-0,8518
1,627637	-0,7477
1,628506	-0,5841
1,629375	-0,3885
1,630244	-0,1810
1,631113	0,0284
1,631982	0,2448
1,632851	0,4636
1,633720	0,6537
1,634589	0,7788
1,635458	0,8448
1,636327	0,8222
1,637196	0,7437
1,638065	0,6348
1,638934	0,4822
1,639803	0,2933
1,640672	0,0674
1,641541	-0,1801
1,642410	-0,4114
1,643279	-0,6024
1,644148	-0,7379
1,645017	-0,8090
1,645886	-0,8469
1,646755	-0,8368
1,647624	-0,7620
1,648493	-0,6113
1,649362	-0,4083
1,650231	-0,1785
1,651100	0,0485
1,651969	0,2609
1,652838	0,4538
1,653707	0,6311
1,654576	0,7624
1,655445	0,8429
1,656314	0,8457
1,657183	0,7648
1,658052	0,6305
1,658921	0,4627
1,659790	0,2744
1,660659	0,0681
1,661528	-0,1511
1,662397	-0,3912
1,663266	-0,6015
1,664135	-0,7501
1,665004	-0,8298
1,665873	-0,8490
1,666742	-0,8127
1,667611	-0,7389
1,668480	-0,6098
1,669349	-0,4224
1,670218	-0,1953
1,671087	0,0482
1,671956	0,2725
1,672825	0,4730
1,673694	0,6278
1,674563	0,7465
1,675432	0,8219
1,676301	0,8441
1,677170	0,7828
1,678039	0,6491
1,678908	0,4682
1,679777	0,2625
1,680646	0,0537
1,681515	-0,1538
1,682384	-0,3748
1,683253	-0,5847
1,684122	-0,7462
1,684991	-0,8457
1,685860	-0,8643
1,686729	-0,8142
1,687598	-0,7224
1,688467	-0,5960
1,689336	-0,4230
1,690205	-0,2066
1,691074	0,0311
1,691943	0,2747
1,692812	0,4819
1,693681	0,6345
1,694550	0,7440
1,695419	0,8078
1,696288	0,8292
1,697157	0,7819
1,698026	0,6592
1,698895	0,4782
1,699764	0,2637
1,700633	0,0446
1,701502	-0,1630
1,702371	-0,3735
1,703240	-0,5765
1,704109	-0,7425
1,704978	-0,8469
1,705847	-0,8747
1,706716	-0,8219
1,707585	-0,7227
1,708454	-0,5902
1,709323	-0,4199
1,710192	-0,2145
1,711061	0,0220
1,711930	0,2646
1,712799	0,4816
1,713668	0,6394
1,714537	0,7465
1,715406	0,8042
1,716275	0,8173
1,717144	0,7755
1,718013	0,6629
1,718882	0,4840
1,719751	0,2692
1,720620	0,0430
1,721489	-0,1666
1,722358	-0,3748
1,723227	-0,5701
1,724096	-0,7315
1,724965	-0,8380
1,725834	-0,8765
1,726703	-0,8283
1,727572	-0,7242
1,728441	-0,5857
1,729310	-0,4144
1,730179	-0,2124
1,731048	0,0162
1,731917	0,2600
1,732786	0,4798
1,733655	0,6394
1,734524	0,7453
1,735393	0,8017
1,736262	0,8167
1,737131	0,7767
1,738000	0,6644
1,738869	0,4859
1,739738	0,2710
1,740607	0,0446
1,741476	-0,1633
1,742345	-0,3702
1,743214	-0,5658
1,744083	-0,7318
1,744952	-0,8353
1,745821	-0,8734
1,746690	-0,8240
1,747559	-0,7224
1,748428	-0,5881
1,749297	-0,4178
1,750166	-0,2118
1,751035	0,0208
1,751904	0,2646
1,752773	0,4816
1,753642	0,6412
1,754511	0,7437
1,755380	0,8039
1,756249	0,8209
1,757118	0,7782
1,757987	0,6616
1,758856	0,4816
1,759725	0,2710
1,760594	0,0479
1,761463	-0,1559
1,762332	-0,3665
1,763201	-0,5667
1,764070	-0,7404
1,764939	-0,8386
1,765808	-0,8652
1,766677	-0,8151
1,767546	-0,7212
1,768415	-0,5951
1,769284	-0,4239
1,770153	-0,2136
1,771022	0,0250
1,771891	0,2643
1,772760	0,4752
1,773629	0,6262
1,774498	0,7337
1,775367	0,8063
1,776236	0,8319
1,777105	0,7825
1,777974	0,6531
1,778843	0,4715
1,779712	0,2634
1,780581	0,0577
1,781450	-0,1468
1,782319	-0,3690
1,783188	-0,5799
1,784057	-0,7431
1,784926	-0,8338
1,785795	-0,8521
1,786664	-0,8094
1,787533	-0,7324
1,788402	-0,6107
1,789271	-0,4279
1,790140	-0,2017
1,791009	0,0388
1,791878	0,2640
1,792747	0,4575
1,793616	0,6091
1,794485	0,7407
1,795354	0,8240
1,796223	0,8414
1,797092	0,7700
1,797961	0,6330
1,798830	0,4636
1,799699	0,2786
1,800568	0,0760
1,801437	-0,1447
1,802306	-0,3867
1,803175	-0,5954
1,804044	-0,7410
1,804913	-0,8179
1,805782	-0,8377
1,806651	-0,8170
1,807520	-0,7514
1,808389	-0,6125
1,809258	-0,4144
1,810127	-0,1862
1,810996	0,0400
1,811865	0,2441
1,812734	0,4416
1,813603	0,6235
1,814472	0,7663
1,815341	0,8399
1,816210	0,8277
1,817079	0,7434
1,817948	0,6302
1,818817	0,4840
1,819686	0,2957
1,820555	0,0748
1,821424	-0,1663
1,822293	-0,3980
1,823162	-0,5832
1,824031	-0,7102
1,824900	-0,8002
1,825769	-0,8472
1,826638	-0,8438
1,827507	-0,7523
1,828376	-0,5918
1,829245	-0,3961
1,830114	-0,1917
1,830983	0,0143
1,831852	0,2304
1,832721	0,4587
1,833590	0,6403
1,834459	0,7617
1,835328	0,8136
1,836197	0,8017
1,837066	0,7492
1,837935	0,6571
1,838804	0,4987
1,839673	0,2911
1,840542	0,0552
1,841411	-0,1697
1,842280	-0,3720
1,843149	-0,5512
1,844018	-0,7144
1,844887	-0,8267
1,845756	-0,8713
1,846625	-0,8277
1,847494	-0,7215
1,848363	-0,5841
1,849232	-0,4169
1,850101	-0,2158
1,850970	0,0113
1,851839	0,2567
1,852708	0,4706
1,853577	0,6244
1,854446	0,7355
1,855315	0,8008
1,856184	0,8264
1,857053	0,7788
1,857922	0,6503
1,858791	0,4706
1,859660	0,2680
1,860529	0,0616
1,861398	-0,1404
1,862267	-0,3681
1,863136	-0,5805
1,864005	-0,7315
1,864874	-0,8176
1,865743	-0,8368
1,866612	-0,8078
1,867481	-0,7447
1,868350	-0,6174
1,869219	-0,4233
1,870088	-0,1959
1,870957	0,0330
1,871826	0,2432
1,872695	0,4358
1,873564	0,6107
1,874433	0,7511
1,875302	0,8307
1,876171	0,8246
1,877040	0,7410
1,877909	0,6275
1,878778	0,4831
1,879647	0,3024
1,880516	0,0793
1,881385	-0,1639
1,882254	-0,3925
1,883123	-0,5683
1,883992	-0,7025
1,884861	-0,7981
1,885730	-0,8573
1,886599	-0,8441
1,887468	-0,7428
1,888337	-0,5847
1,889206	-0,3983
1,890075	-0,2014
1,890944	0,0012
1,891813	0,2292
1,892682	0,4633
1,893551	0,6372
1,894420	0,7459
1,895289	0,7938
1,896158	0,8039
1,897027	0,7678
1,897896	0,6626
1,898765	0,4852
1,899634	0,2716
1,900503	0,0577
1,901372	-0,1459
1,902241	-0,3562
1,903110	-0,5686
1,903979	-0,7324
1,904848	-0,8274
1,905717	-0,8451
1,906586	-0,8026
1,907455	-0,7291
1,908324	-0,6110
1,909193	-0,4263
1,910062	-0,1999
1,910931	0,0385
1,911800	0,2499
1,912669	0,4395
1,913538	0,6067
1,914407	0,7495
1,915276	0,8307
1,916145	0,8267
1,917014	0,7431
1,917883	0,6278
1,918752	0,4837
1,919621	0,3015
1,920490	0,0793
1,921359	-0,1636
1,922228	-0,3906
1,923097	-0,5679
1,923966	-0,6989
1,924835	-0,7971
1,925704	-0,8573
1,926573	-0,8408
1,927442	-0,7361
1,928311	-0,5802
1,929180	-0,3998
1,930049	-0,2094
1,930918	-0,0018
1,931787	0,2408
1,932656	0,4675
1,933525	0,6287
1,934394	0,7367
1,935263	0,7950
1,936132	0,8130
1,937001	0,7733
1,937870	0,6525
1,938739	0,4740
1,939608	0,2695
1,940477	0,0662
1,941346	-0,1364
1,942215	-0,3604
1,943084	-0,5768
1,943953	-0,7321
1,944822	-0,8094
1,945691	-0,8264
1,946560	-0,8081
1,947429	-0,7489
1,948298	-0,6140
1,949167	-0,4144
1,950036	-0,1865
1,950905	0,0284
1,951774	0,2258
1,952643	0,4288
1,953512	0,6189
1,954381	0,7547
1,955250	0,8222
1,956119	0,7999
1,956988	0,7355
1,957857	0,6476
1,958726	0,4999
1,959595	0,2951
1,960464	0,0565
1,961333	-0,1627
1,962202	-0,3619
1,963071	-0,5441
1,963940	-0,7065
1,964809	-0,8206
1,965678	-0,8606
1,966547	-0,8139
1,967416	-0,7169
1,968285	-0,5972
1,969154	-0,4312
1,970023	-0,2188
1,970892	0,0235
1,971761	0,2506
1,972630	0,4462
1,973499	0,5966
1,974368	0,7315
1,975237	0,8158
1,976106	0,8310
1,976975	0,7526
1,977844	0,6256
1,978713	0,4758
1,979582	0,3018
1,980451	0,0876
1,981320	-0,1505
1,982189	-0,3818
1,983058	-0,5670
1,983927	-0,6949
1,984796	-0,7929
1,985665	-0,8502
1,986534	-0,8399
1,987403	-0,7358
1,988272	-0,5820
1,989141	-0,4044
1,990010	-0,2136
1,990879	-0,0015
1,991748	0,2359
1,992617	0,4630
1,993486	0,6198
1,994355	0,7242
1,995224	0,7898
1,996093	0,8197
1,996962	0,7730
1,997831	0,6449
1,998700	0,4682
1,999569	0,2783
2,000438	0,0809
2,001307	-0,1285
2,002176	-0,3702
2,003045	-0,5750
2,003914	-0,7120
2,004783	-0,7837
2,005652	-0,8249
2,006521	-0,8246
2,007390	-0,7526
2,008259	-0,5972
2,009128	-0,3989
2,009997	-0,1941
2,010866	-0,0012
2,011735	0,2170
2,012604	0,4517
2,013473	0,6299
2,014342	0,7364
2,015211	0,7871
2,016080	0,7974
2,016949	0,7657
2,017818	0,6580
2,018687	0,4798
2,019556	0,2728
2,020425	0,0659
2,021294	-0,1325
2,022163	-0,3537
2,023032	-0,5695
2,023901	-0,7215
2,024770	-0,7974
2,025639	-0,8216
2,026508	-0,8063
2,027377	-0,7477
2,028246	-0,6088
2,029115	-0,4080
2,029984	-0,1886
2,030853	0,0156
2,031722	0,2179
2,032591	0,4361
2,033460	0,6262
2,034329	0,7492
2,035198	0,7932
2,036067	0,7901
2,036936	0,7495
2,037805	0,6586
2,038674	0,4917
2,039543	0,2786
2,040412	0,0592
2,041281	-0,1392
2,042150	-0,3476
2,043019	-0,5573
2,043888	-0,7187
2,044757	-0,8060
2,045626	-0,8246
2,046495	-0,7974
2,047364	-0,7398
2,048233	-0,6122
2,049102	-0,4169
2,049971	-0,1935
2,050840	0,0214
2,051709	0,2155
2,052578	0,4260
2,053447	0,6159
2,054316	0,7480
2,055185	0,8008
2,056054	0,7886
2,056923	0,7425
2,057792	0,6558
2,058661	0,4956
2,059530	0,2823
2,060399	0,0571
2,061268	-0,1431
2,062137	-0,3449
2,063006	-0,5509
2,063875	-0,7208
2,064744	-0,8109
2,065613	-0,8267
2,066482	-0,7956
2,067351	-0,7385
2,068220	-0,6140
2,069089	-0,4181
2,069958	-0,1944
2,070827	0,0223
2,071696	0,2176
2,072565	0,4242
2,073434	0,6146
2,074303	0,7462
2,075172	0,8008
2,076041	0,7849
2,076910	0,7422
2,077779	0,6565
2,078648	0,4926
2,079517	0,2802
2,080386	0,0574
2,081255	-0,1392
2,082124	-0,3424
2,082993	-0,5542
2,083862	-0,7221
2,084731	-0,8005
2,085600	-0,8225
2,086469	-0,7981
2,087338	-0,7419
2,088207	-0,6122
2,089076	-0,4138
2,089945	-0,1883
2,090814	0,0137
2,091683	0,2115
2,092552	0,4291
2,093421	0,6201
2,094290	0,7401
2,095159	0,7880
2,096028	0,7849
2,096897	0,7505
2,097766	0,6583
2,098635	0,4862
2,099504	0,2762
2,100373	0,0647
2,101242	-0,1303
2,102111	-0,3485
2,102980	-0,5612
2,103849	-0,7181
2,104718	-0,7920
2,105587	-0,8164
2,106456	-0,8094
2,107325	-0,7477
2,108194	-0,6006
2,109063	-0,4016
2,109932	-0,1996
2,110801	0,0006
2,111670	0,2133
2,112539	0,4434
2,113408	0,6198
2,114277	0,7273
2,115146	0,7755
2,116015	0,7959
2,116884	0,7633
2,117753	0,6452
2,118622	0,4682
2,119491	0,2731
2,120360	0,0800
2,121229	-0,1260
2,122098	-0,3638
2,122967	-0,5683
2,123836	-0,6973
2,124705	-0,7767
2,125574	-0,8243
2,126443	-0,8271
2,127312	-0,7376
2,128181	-0,5814
2,129050	-0,3998
2,129919	-0,2133
2,130788	-0,0085
2,131657	0,2301
2,132526	0,4489
2,133395	0,5994
2,134264	0,7086
2,135133	0,7840
2,136002	0,8197
2,136871	0,7550
2,137740	0,6232
2,138609	0,4678
2,139478	0,3012
2,140347	0,0916
2,141216	-0,1440
2,142085	-0,3720
2,142954	-0,5475
2,143823	-0,6778
2,144692	-0,7828
2,145561	-0,8478
2,146430	-0,8182
2,147299	-0,7114
2,148168	-0,5817
2,149037	-0,4239
2,149906	-0,2219
2,150775	0,0162
2,151644	0,2405
2,152513	0,4263
2,153382	0,5805
2,154251	0,7187
2,155120	0,8139
2,155989	0,8075
2,156858	0,7260
2,157727	0,6287
2,158596	0,4953
2,159465	0,3012
2,160334	0,0708
2,161203	-0,1526
2,162072	-0,3449
2,162941	-0,5264
2,163810	-0,6961
2,164679	-0,8087
2,165548	-0,8304
2,166417	-0,7874
2,167286	-0,7230
2,168155	-0,6107
2,169024	-0,4224
2,169893	-0,1968
2,170762	0,0192
2,171631	0,2121
2,172500	0,4169
2,173369	0,6049
2,174238	0,7385
2,175107	0,7868
2,175976	0,7801
2,176845	0,7483
2,177714	0,6549
2,178583	0,4813
2,179452	0,2744
2,180321	0,0745
2,181190	-0,1236
2,182059	-0,3485
2,182928	-0,5612
2,183797	-0,6992
2,184666	-0,7712
2,185535	-0,8124
2,186404	-0,8185
2,187273	-0,7398
2,188142	-0,5826
2,189011	-0,3983
2,189880	-0,2124
2,190749	-0,0055
2,191618	0,2268
2,192487	0,4468
2,193356	0,5942
2,194225	0,7025
2,195094	0,7837
2,195963	0,8167
2,196832	0,7453
2,197701	0,6180
2,198570	0,4740
2,199439	0,3027
2,200308	0,0851
2,201177	-0,1523
2,202046	-0,3641
2,202915	-0,5332
2,203784	-0,6845
2,204653	-0,7944
2,205522	-0,8420
2,206391	-0,7938
2,207260	-0,7053
2,208129	-0,5969
2,208998	-0,4282
2,209867	-0,2060
2,210736	0,0247
2,211605	0,2197
2,212474	0,4108
2,213343	0,5963
2,214212	0,7346
2,215081	0,7932
2,215950	0,7767
2,216819	0,7352
2,217688	0,6500
2,218557	0,4855
2,219426	0,2765
2,220295	0,0687
2,221164	-0,1199
2,222033	-0,3412
2,222902	-0,5564
2,223771	-0,6992
2,224640	-0,7685
2,225509	-0,8078
2,226378	-0,8145
2,227247	-0,7355
2,228116	-0,5808
2,228985	-0,3992
2,229854	-0,2161
2,230723	-0,0107
2,231592	0,2274
2,232461	0,4428
2,233330	0,5866
2,234199	0,7022
2,235068	0,7865
2,235937	0,8133
2,236806	0,7358
2,237675	0,6159
2,238544	0,4779
2,239413	0,3058
2,240282	0,0784
2,241151	-0,1535
2,242020	-0,3507
2,242889	-0,5219
2,243758	-0,6861
2,244627	-0,7996
2,245496	-0,8277
2,246365	-0,7825
2,247234	-0,7157
2,248103	-0,6064
2,248972	-0,4215
2,249841	-0,1941
2,250710	0,0110
2,251579	0,2042
2,252448	0,4172
2,253317	0,6076
2,254186	0,7270
2,255055	0,7660
2,255924	0,7791
2,256793	0,7523
2,257662	0,6403
2,258531	0,4663
2,259400	0,2774
2,260269	0,0894
2,261138	-0,1236
2,262007	-0,3626
2,262876	-0,5499
2,263745	-0,6720
2,264614	-0,7688
2,265483	-0,8350
2,266352	-0,8130
2,267221	-0,7056
2,268090	-0,5768
2,268959	-0,4224
2,269828	-0,2213
2,270697	0,0189
2,271566	0,2332
2,272435	0,4065
2,273304	0,5814
2,274173	0,7273
2,275042	0,7944
2,275911	0,7770
2,276780	0,7196
2,277649	0,6412
2,278518	0,4868
2,279387	0,2759
2,280256	0,0632
2,281125	-0,1236
2,281994	-0,3372
2,282863	-0,5524
2,283732	-0,6983
2,284601	-0,7636
2,285470	-0,8039
2,286339	-0,8121
2,287208	-0,7294
2,288077	-0,5731
2,288946	-0,3995
2,289815	-0,2188
2,290684	-0,0058
2,291553	0,2316
2,292422	0,4324
2,293291	0,5753
2,294160	0,7004
2,295029	0,7962
2,295898	0,7996
2,296767	0,7169
2,297636	0,6192
2,298505	0,4883
2,299374	0,2957
2,300243	0,0623
2,301112	-0,1444
2,301981	-0,3342
2,302850	-0,5347
2,303719	-0,7010
2,304588	-0,7898
2,305457	-0,7996
2,306326	-0,7892
2,307195	-0,7346
2,308064	-0,5884
2,308933	-0,3940
2,309802	-0,2036
2,310671	-0,0122
2,311540	0,2158
2,312409	0,4373
2,313278	0,5872
2,314147	0,6937
2,315016	0,7782
2,315885	0,8060
2,316754	0,7288
2,317623	0,6079
2,318492	0,4761
2,319361	0,3000
2,320230	0,0729
2,321099	-0,1523
2,321968	-0,3375
2,322837	-0,5188
2,323706	-0,6873
2,324575	-0,7889
2,325444	-0,8032
2,326313	-0,7749
2,327182	-0,7263
2,328051	-0,5976
2,328920	-0,3998
2,329789	-0,1941
2,330658	-0,0073
2,331527	0,2039
2,332396	0,4324
2,333265	0,5951
2,334134	0,6909
2,335003	0,7648
2,335872	0,8026
2,336741	0,7373
2,337610	0,6095
2,338479	0,4706
2,339348	0,3000
2,340217	0,0812
2,341086	-0,1502
2,341955	-0,3409
2,342824	-0,5148
2,343693	-0,6824
2,344562	-0,7889
2,345431	-0,8063
2,346300	-0,7721
2,347169	-0,7218
2,348038	-0,5976
2,348907	-0,4001
2,349776	-0,1926
2,350645	-0,0058
2,351514	0,2051
2,352383	0,4337
2,353252	0,5869
2,354121	0,6879
2,354990	0,7675
2,355859	0,8005
2,356728	0,7321
2,357597	0,6061
2,358466	0,4700
2,359335	0,2960
2,360204	0,0757
2,361073	-0,1508
2,361942	-0,3363
2,362811	-0,5136
2,363680	-0,6882
2,364549	-0,7865
2,365418	-0,7974
2,366287	-0,7739
2,367156	-0,7242
2,368025	-0,5896
2,368894	-0,3931
2,369763	-0,1941
2,370632	-0,0089
2,371501	0,2112
2,372370	0,4318
2,373239	0,5820
2,374108	0,6839
2,374977	0,7788
2,375846	0,7996
2,376715	0,7175
2,377584	0,6055
2,378453	0,4788
2,379322	0,2979
2,380191	0,0662
2,381060	-0,1444
2,381929	-0,3265
2,382798	-0,5298
2,383667	-0,6922
2,384536	-0,7736
2,385405	-0,7883
2,386274	-0,7883
2,387143	-0,7279
2,388012	-0,5750
2,388881	-0,3912
2,389750	-0,2164
2,390619	-0,0085
2,391488	0,2258
2,392357	0,4230
2,393226	0,5646
2,394095	0,6922
2,394964	0,7813
2,395833	0,7837
2,396702	0,7047
2,397571	0,6201
2,398440	0,4843
2,399309	0,2832
2,400178	0,0613
2,401047	-0,1248
2,401916	-0,3250
2,402785	-0,5445
2,403654	-0,6833
2,404523	-0,7508
2,405392	-0,7996
2,406261	-0,8039
2,407130	-0,7086
2,407999	-0,5625
2,408868	-0,4065
2,409737	-0,2173
2,410606	0,0107
2,411475	0,2280
2,412344	0,4013
2,413213	0,5661
2,414082	0,7129
2,414951	0,7794
2,415820	0,7584
2,416689	0,7181
2,417558	0,6360
2,418427	0,4672
2,419296	0,2673
2,420165	0,0818
2,421034	-0,1154
2,421903	-0,3510
2,422772	-0,5371
2,423641	-0,6525
2,424510	-0,7544
2,425379	-0,8216
2,426248	-0,7834
2,427117	-0,6851
2,427986	-0,5799
2,428855	-0,4193
2,429724	-0,1956
2,430593	0,0171
2,431462	0,1984
2,432331	0,4059
2,433200	0,5927
2,434069	0,6995
2,434938	0,7471
2,435807	0,7743
2,436676	0,7349
2,437545	0,6052
2,438414	0,4517
2,439283	0,2933
2,440152	0,0821
2,441021	-0,1511
2,441890	-0,3418
2,442759	-0,5115
2,443628	-0,6729
2,444497	-0,7807
2,445366	-0,7907
2,446235	-0,7645
2,447104	-0,7157
2,447973	-0,5808
2,448842	-0,3870
2,449711	-0,2011
2,450580	-0,0085
2,451449	0,2188
2,452318	0,4254
2,453187	0,5631
2,454056	0,6854
2,454925	0,7758
2,455794	0,7770
2,456663	0,6986
2,457532	0,6143
2,458401	0,4807
2,459270	0,2765
2,460139	0,0620
2,461008	-0,1193
2,461877	-0,3293
2,462746	-0,5377
2,463615	-0,6684
2,464484	-0,7382
2,465353	-0,7978
2,466222	-0,7950
2,467091	-0,6897
2,467960	-0,5634
2,468829	-0,4178
2,469698	-0,2139
2,470567	0,0211
2,471436	0,2072
2,472305	0,3919
2,473174	0,5814
2,474043	0,7031
2,474912	0,7428
2,475781	0,7581
2,476650	0,7331
2,477519	0,6116
2,478388	0,4480
2,479257	0,2869
2,480126	0,0879
2,480995	-0,1450
2,481864	-0,3436
2,482733	-0,5051
2,483602	-0,6632
2,484471	-0,7718
2,485340	-0,7926
2,486209	-0,7575
2,487078	-0,7117
2,487947	-0,5802
2,488816	-0,3870
2,489685	-0,2039
2,490554	-0,0116
2,491423	0,2173
2,492292	0,4172
2,493161	0,5548
2,494030	0,6842
2,494899	0,7688
2,495768	0,7657
2,496637	0,6940
2,497506	0,6192
2,498375	0,4733
2,499244	0,2664
2,500113	0,0671
2,500982	-0,1132
2,501851	-0,3415
2,502720	-0,5344
2,503589	-0,6534
2,504458	-0,7456
2,505327	-0,8078
2,506196	-0,7764
2,507065	-0,6763
2,507934	-0,5747
2,508803	-0,4117
2,509672	-0,1926
2,510541	0,0119
2,511410	0,1971
2,512279	0,4071
2,513148	0,5829
2,514017	0,6769
2,514886	0,7413
2,515755	0,7785
2,516624	0,7102
2,517493	0,5887
2,518362	0,4633
2,519231	0,2881
2,520100	0,0610
2,520969	-0,1395
2,521838	-0,3171
2,522707	-0,5261
2,523576	-0,6732
2,524445	-0,7431
2,525314	-0,7761
2,526183	-0,7883
2,527052	-0,6949
2,527921	-0,5512
2,528790	-0,4031
2,529659	-0,2155
2,530528	0,0192
2,531397	0,2145
2,532266	0,3894
2,533135	0,5676
2,534004	0,7007
2,534873	0,7349
2,535742	0,7483
2,536611	0,7254
2,537480	0,6015
2,538349	0,4422
2,539218	0,2853
2,540087	0,0845
2,540956	-0,1462
2,541825	-0,3330
2,542694	-0,5014
2,543563	-0,6647
2,544432	-0,7578
2,545301	-0,7700
2,546170	-0,7627
2,547039	-0,7068
2,547908	-0,5582
2,548777	-0,3842
2,549646	-0,2158
2,550515	0,0003
2,551384	0,2249
2,552253	0,3992
2,553122	0,5472
2,553991	0,6973
2,554860	0,7511
2,555729	0,7370
2,556598	0,7086
2,557467	0,6149
2,558336	0,4437
2,559205	0,2683
2,560074	0,0891
2,560943	-0,1343
2,561812	-0,3476
2,562681	-0,5023
2,563550	-0,6516
2,564419	-0,7584
2,565288	-0,7761
2,566157	-0,7462
2,567026	-0,7007
2,567895	-0,5670
2,568764	-0,3790
2,569633	-0,2060
2,570502	-0,0076
2,571371	0,2225
2,572240	0,4041
2,573109	0,5472
2,573978	0,6861
2,574847	0,7596
2,575716	0,7358
2,576585	0,6964
2,577454	0,6153
2,578323	0,4462
2,579192	0,2631
2,580061	0,0855
2,580930	-0,1321
2,581799	-0,3455
2,582668	-0,5023
2,583537	-0,6467
2,584406	-0,7581
2,585275	-0,7752
2,586144	-0,7419
2,587013	-0,6964
2,587882	-0,5609
2,588751	-0,3739
2,589620	-0,2026
2,590489	-0,0034
2,591358	0,2213
2,592227	0,4022
2,593096	0,5466
2,593965	0,6827
2,594834	0,7520
2,595703	0,7315
2,596572	0,6980
2,597441	0,6101
2,598310	0,4395
2,599179	0,2631
2,600048	0,0873
2,600917	-0,1343
2,601786	-0,3400
2,602655	-0,4944
2,603524	-0,6479
2,604393	-0,7569
2,605262	-0,7645
2,606131	-0,7425
2,607000	-0,6964
2,607869	-0,5527
2,608738	-0,3754
2,609607	-0,2103
2,610476	-0,0018
2,611345	0,2228
2,612214	0,3879
2,613083	0,5454
2,613952	0,6909
2,614821	0,7392
2,615690	0,7276
2,616559	0,7062
2,617428	0,5988
2,618297	0,4337
2,619166	0,2756
2,620035	0,0839
2,620904	-0,1437
2,621773	-0,3265
2,622642	-0,4917
2,623511	-0,6589
2,624380	-0,7501
2,625249	-0,7544
2,626118	-0,7575
2,626987	-0,6891
2,627856	-0,5396
2,628725	-0,3870
2,629594	-0,2133
2,630463	0,0165
2,631332	0,2115
2,632201	0,3787
2,633070	0,5600
2,633939	0,6803
2,634808	0,7175
2,635677	0,7410
2,636546	0,7047
2,637415	0,5771
2,638284	0,4425
2,639153	0,2838
2,640022	0,0644
2,640891	-0,1386
2,641760	-0,3095
2,642629	-0,5115
2,643498	-0,6583
2,644367	-0,7166
2,645236	-0,7642
2,646105	-0,7663
2,646974	-0,6595
2,647843	-0,5457
2,648712	-0,4013
2,649581	-0,1920
2,650450	0,0162
2,651319	0,1877
2,652188	0,3989
2,653057	0,5603
2,653926	0,6507
2,654795	0,7273
2,655664	0,7535
2,656533	0,6687
2,657402	0,5808
2,658271	0,4563
2,659140	0,2557
2,660009	0,0580
2,660878	-0,1154
2,661747	-0,3327
2,662616	-0,5158
2,663485	-0,6317
2,664354	-0,7300
2,665223	-0,7834
2,666092	-0,7291
2,666961	-0,6687
2,667830	-0,5612
2,668699	-0,3732
2,669568	-0,1874
2,670437	-0,0079
2,671306	0,2139
2,672175	0,3992
2,673044	0,5313
2,673913	0,6696
2,674782	0,7407
2,675651	0,7154
2,676520	0,6845
2,677389	0,5939
2,678258	0,4257
2,679127	0,2622
2,679996	0,0815
2,680865	-0,1440
2,681734	-0,3244
2,682603	-0,4877
2,683472	-0,6497
2,684341	-0,7318
2,685210	-0,7425
2,686079	-0,7501
2,686948	-0,6720
2,687817	-0,5289
2,688686	-0,3891
2,689555	-0,2011
2,690424	0,0250
2,691293	0,1978
2,692162	0,3824
2,693031	0,5673
2,693900	0,6583
2,694769	0,7086
2,695638	0,7468
2,696507	0,6775
2,697376	0,5673
2,698245	0,4538
2,699114	0,2618
2,699983	0,0519
2,700852	-0,1151
2,701721	-0,3217
2,702590	-0,5136
2,703459	-0,6171
2,704328	-0,7190
2,705197	-0,7743
2,706066	-0,7196
2,706935	-0,6574
2,707804	-0,5542
2,708673	-0,3662
2,709542	-0,1840
2,710411	-0,0043
2,711280	0,2145
2,712149	0,3934
2,713018	0,5289
2,713887	0,6674
2,714756	0,7224
2,715625	0,7068
2,716494	0,6845
2,717363	0,5777
2,718232	0,4181
2,719101	0,2673
2,719970	0,0717
2,720839	-0,1450
2,721708	-0,3095
2,722577	-0,4926
2,723446	-0,6452
2,724315	-0,7019
2,725184	-0,7434
2,726053	-0,7471
2,726922	-0,6415
2,727791	-0,5310
2,728660	-0,3879
2,729529	-0,1752
2,730398	0,0174
2,731267	0,1910
2,732136	0,4025
2,733005	0,5399
2,733874	0,6400
2,734743	0,7285
2,735612	0,7233
2,736481	0,6531
2,737350	0,5841
2,738219	0,4300
2,739088	0,2414
2,739957	0,0766
2,740826	-0,1337
2,741695	-0,3336
2,742564	-0,4804
2,743433	-0,6314
2,744302	-0,7270
2,745171	-0,7324
2,746040	-0,7321
2,746909	-0,6647
2,747778	-0,5188
2,748647	-0,3760
2,749516	-0,1968
2,750385	0,0293
2,751254	0,1938
2,752123	0,3769
2,752992	0,5545
2,753861	0,6412
2,754730	0,7022
2,755599	0,7337
2,756468	0,6513
2,757337	0,5588
2,758206	0,4386
2,759075	0,2402
2,759944	0,0565
2,760813	-0,1209
2,761682	-0,3351
2,762551	-0,4947
2,763420	-0,6122
2,764289	-0,7218
2,765158	-0,7385
2,766027	-0,7077
2,766896	-0,6619
2,767765	-0,5222
2,768634	-0,3580
2,769503	-0,1965
2,770372	0,0226
2,771241	0,2115
2,772110	0,3690
2,772979	0,5466
2,773848	0,6449
2,774717	0,6833
2,775586	0,7236
2,776455	0,6577
2,777324	0,5475
2,778193	0,4364
2,779062	0,2445
2,779931	0,0479
2,780800	-0,1154
2,781669	-0,3269
2,782538	-0,4947
2,783407	-0,6012
2,784276	-0,7144
2,785145	-0,7349
2,786014	-0,6973
2,786883	-0,6537
2,787752	-0,5161
2,788621	-0,3497
2,789490	-0,1910
2,790359	0,0262
2,791228	0,2109
2,792097	0,3677
2,792966	0,5475
2,793835	0,6470
2,794704	0,6891
2,795573	0,7205
2,796442	0,6497
2,797311	0,5435
2,798180	0,4309
2,799049	0,2402
2,799918	0,0494
2,800787	-0,1178
2,801656	-0,3305
2,802525	-0,4910
2,803394	-0,6073
2,804263	-0,7141
2,805132	-0,7282
2,806001	-0,6977
2,806870	-0,6546
2,807739	-0,5103
2,808608	-0,3549
2,809477	-0,1914
2,810346	0,0299
2,811215	0,2033
2,812084	0,3684
2,812953	0,5423
2,813822	0,6308
2,814691	0,6827
2,815560	0,7187
2,816429	0,6345
2,817298	0,5490
2,818167	0,4245
2,819036	0,2277
2,819905	0,0580
2,820774	-0,1227
2,821643	-0,3348
2,822512	-0,4755
2,823381	-0,6119
2,824250	-0,7154
2,825119	-0,7132
2,825988	-0,7093
2,826857	-0,6406
2,827726	-0,4990
2,828595	-0,3659
2,829464	-0,1816
2,830333	0,0278
2,831202	0,1859
2,832071	0,3827
2,832940	0,5377
2,833809	0,6177
2,834678	0,6961
2,835547	0,6940
2,836416	0,6247
2,837285	0,5588
2,838154	0,4013
2,839023	0,2310
2,839892	0,0662
2,840761	-0,1486
2,841630	-0,3153
2,842499	-0,4715
2,843368	-0,6220
2,844237	-0,6778
2,845106	-0,7132
2,845975	-0,7114
2,846844	-0,6052
2,847713	-0,5078
2,848582	-0,3552
2,849451	-0,1535
2,850320	0,0095
2,851189	0,2060
2,852058	0,3894
2,852927	0,5139
2,853796	0,6384
2,854665	0,6919
2,855534	0,6720
2,856403	0,6497
2,857272	0,5335
2,858141	0,3943
2,859010	0,2503
2,859879	0,0400
2,860748	-0,1343
2,861617	-0,3000
2,862486	-0,4959
2,863355	-0,5945
2,864224	-0,6806
2,865093	-0,7294
2,865962	-0,6754
2,866831	-0,6247
2,867700	-0,5084
2,868569	-0,3327
2,869438	-0,1816
2,870307	0,0250
2,871176	0,2103
2,872045	0,3595
2,872914	0,5255
2,873783	0,6244
2,874652	0,6668
2,875521	0,7004
2,876390	0,6165
2,877259	0,5325
2,878128	0,4086
2,878997	0,2161
2,879866	0,0552
2,880735	-0,1321
2,881604	-0,3287
2,882473	-0,4630
2,883342	-0,6088
2,884211	-0,6873
2,885080	-0,6912
2,885949	-0,7016
2,886818	-0,6061
2,887687	-0,4913
2,888556	-0,3580
2,889425	-0,1541
2,890294	0,0156
2,891163	0,1947
2,892032	0,3876
2,892901	0,5036
2,893770	0,6198
2,894639	0,6778
2,895508	0,6561
2,896377	0,6354
2,897246	0,5213
2,898115	0,3854
2,898984	0,2387
2,899853	0,0314
2,900722	-0,1334
2,901591	-0,3046
2,902460	-0,4859
2,903329	-0,5872
2,904198	-0,6781
2,905067	-0,7062
2,905936	-0,6586
2,906805	-0,6165
2,907674	-0,4804
2,908543	-0,3275
2,909412	-0,1706
2,910281	0,0409
2,911150	0,1987
2,912019	0,3711
2,912888	0,5234
2,913757	0,5972
2,914626	0,6705
2,915495	0,6696
2,916364	0,6003
2,917233	0,5316
2,918102	0,3781
2,918971	0,2185
2,919840	0,0525
2,920709	-0,1526
2,921578	-0,2979
2,922447	-0,4752
2,923316	-0,6021
2,924185	-0,6482
2,925054	-0,7013
2,925923	-0,6674
2,926792	-0,5887
2,927661	-0,4965
2,928530	-0,3195
2,929399	-0,1596
2,930268	0,0198
2,931137	0,2130
2,932006	0,3558
2,932875	0,5148
2,933744	0,6140
2,934613	0,6461
2,935482	0,6760
2,936351	0,5945
2,937220	0,5112
2,938089	0,3885
2,938958	0,2002
2,939827	0,0479
2,940696	-0,1447
2,941565	-0,3189
2,942434	-0,4575
2,943303	-0,5994
2,944172	-0,6558
2,945041	-0,6809
2,945910	-0,6760
2,946779	-0,5759
2,947648	-0,4892
2,948517	-0,3250
2,949386	-0,1486
2,950255	0,0146
2,951124	0,2176
2,951993	0,3595
2,952862	0,4987
2,953731	0,6156
2,954600	0,6369
2,955469	0,6619
2,956338	0,5960
2,957207	0,4956
2,958076	0,3848
2,958945	0,1990
2,959814	0,0421
2,960683	-0,1346
2,961552	-0,3180
2,962421	-0,4465
2,963290	-0,5911
2,964159	-0,6503
2,965028	-0,6644
2,965897	-0,6641
2,966766	-0,5622
2,967635	-0,4736
2,968504	-0,3171
2,969373	-0,1382
2,970242	0,0198
2,971111	0,2167
2,971980	0,3546
2,972849	0,4968
2,973718	0,6073
2,974587	0,6290
2,975456	0,6534
2,976325	0,5835
2,977194	0,4886
2,978063	0,3757
2,978932	0,1914
2,979801	0,0388
2,980670	-0,1440
2,981539	-0,3156
2,982408	-0,4492
2,983277	-0,5911
2,984146	-0,6384
2,985015	-0,6745
2,985884	-0,6549
2,986753	-0,5588
2,987622	-0,4749
2,988491	-0,3092
2,989360	-0,1447
2,990229	0,0211
2,991098	0,2133
2,991967	0,3482
2,992836	0,5002
2,993705	0,5893
2,994574	0,6226
2,995443	0,6513
2,996312	0,5686
2,997181	0,4947
2,998050	0,3632
2,998919	0,1901
2,999788	0,0436
3,000657	-0,1535
3,001526	-0,2997
3,002395	-0,4547
3,003264	-0,5795
3,004133	-0,6223
3,005002	-0,6784
3,005871	-0,6265
3,006740	-0,5615
3,007609	-0,4605
3,008478	-0,2921
3,009347	-0,1538
3,010216	0,0470
3,011085	0,2020
3,011954	0,3531
3,012823	0,5029
3,013692	0,5673
3,014561	0,6320
3,015430	0,6195
3,016299	0,5658
3,017168	0,4892
3,018037	0,3360
3,018906	0,2051
3,019775	0,0198
3,020644	-0,1474
3,021513	-0,2945
3,022382	-0,4648
3,023251	-0,5496
3,024120	-0,6354
3,024989	-0,6546
3,025858	-0,6168
3,026727	-0,5643
3,027596	-0,4309
3,028465	-0,3095
3,029334	-0,1337
3,030203	0,0433
3,031072	0,1892
3,031941	0,3668
3,032810	0,4712
3,033679	0,5814
3,034548	0,6165
3,035417	0,6024
3,036286	0,5750
3,037155	0,4541
3,038024	0,3525
3,038893	0,1837
3,039762	0,0146
3,040631	-0,1346
3,041500	-0,3153
3,042369	-0,4352
3,043238	-0,5670
3,044107	-0,6247
3,044976	-0,6375
3,045845	-0,6290
3,046714	-0,5301
3,047583	-0,4471
3,048452	-0,2863
3,049321	-0,1273
3,050190	0,0327
3,051059	0,2139
3,051928	0,3391
3,052797	0,4953
3,053666	0,5634
3,054535	0,6091
3,055404	0,6156
3,056273	0,5408
3,057142	0,4764
3,058011	0,3269
3,058880	0,1889
3,059749	0,0217
3,060618	-0,1535
3,061487	-0,2878
3,062356	-0,4559
3,063225	-0,5411
3,064094	-0,6244
3,064963	-0,6412
3,065832	-0,5963
3,066701	-0,5463
3,067570	-0,4132
3,068439	-0,2969
3,069308	-0,1209
3,070177	0,0412
3,071046	0,1926
3,071915	0,3571
3,072784	0,4578
3,073653	0,5640
3,074522	0,5832
3,075391	0,5927
3,076260	0,5435
3,077129	0,4367
3,077998	0,3357
3,078867	0,1608
3,079736	0,0232
3,080605	-0,1517
3,081474	-0,2994
3,082343	-0,4306
3,083212	-0,5625
3,084081	-0,5908
3,084950	-0,6311
3,085819	-0,5826
3,086688	-0,5213
3,087557	-0,4190
3,088426	-0,2646
3,089295	-0,1334
3,090164	0,0598
3,091033	0,1920
3,091902	0,3531
3,092771	0,4651
3,093640	0,5429
3,094509	0,6055
3,095378	0,5695
3,096247	0,5454
3,097116	0,4315
3,097985	0,3223
3,098854	0,1740
3,099723	0,0021
3,100592	-0,1343
3,101461	-0,3104
3,102330	-0,4239
3,103199	-0,5448
3,104068	-0,5976
3,104937	-0,6067
3,105806	-0,5939
3,106675	-0,5008
3,107544	-0,4205
3,108413	-0,2615
3,109282	-0,1233
3,110151	0,0497
3,111020	0,1981
3,111889	0,3336
3,112758	0,4685
3,113627	0,5267
3,114496	0,5908
3,115365	0,5609
3,116234	0,5228
3,117103	0,4282
3,117972	0,3015
3,118841	0,1727
3,119710	0,0003
3,120579	-0,1376
3,121448	-0,3027
3,122317	-0,4193
3,123186	-0,5234
3,124055	-0,5866
3,124924	-0,5847
3,125793	-0,5789
3,126662	-0,4837
3,127531	-0,4059
3,128400	-0,2509
3,129269	-0,1099
3,130138	0,0531
3,131007	0,2045
3,131876	0,3296
3,132745	0,4617
3,133614	0,5164
3,134483	0,5783
3,135352	0,5469
3,136221	0,5090
3,137090	0,4141
3,137959	0,2915
3,138828	0,1627
3,139697	-0,0125
3,140566	-0,1379
3,141435	-0,3037
3,142304	-0,4166
3,143173	-0,5243
3,144042	-0,5795
3,144911	-0,5875
3,145780	-0,5692
3,146649	-0,4764
3,147518	-0,3998
3,148387	-0,2417
3,149256	-0,1117
3,150125	0,0610
3,150994	0,1968
3,151863	0,3299
3,152732	0,4544
3,153601	0,5103
3,154470	0,5676
3,155339	0,5335
3,156208	0,5051
3,157077	0,3986
3,157946	0,2915
3,158815	0,1508
3,159684	-0,0049
3,160553	-0,1398
3,161422	-0,2988
3,162291	-0,4022
3,163160	-0,5194
3,164029	-0,5521
3,164898	-0,5777
3,165767	-0,5408
3,166636	-0,4746
3,167505	-0,3778
3,168374	-0,2350
3,169243	-0,1071
3,170112	0,0674
3,170981	0,1831
3,171850	0,3351
3,172719	0,4279
3,173588	0,5100
3,174457	0,5405
3,175326	0,5249
3,176195	0,4834
3,177064	0,3800
3,177933	0,2878
3,178802	0,1282
3,179671	0,0040
3,180540	-0,1584
3,181409	-0,2783
3,182278	-0,4129
3,183147	-0,4996
3,184016	-0,5472
3,184885	-0,5655
3,185754	-0,5182
3,186623	-0,4721
3,187492	-0,3482
3,188361	-0,2438
3,189230	-0,0800
3,190099	0,0531
3,190968	0,1990
3,191837	0,3217
3,192706	0,4282
3,193575	0,5054
3,194444	0,5210
3,195313	0,5335
3,196182	0,4550
3,197051	0,3940
3,197920	0,2588
3,198789	0,1410
3,199658	-0,0143
3,200527	-0,1462
3,201396	-0,2771
3,202265	-0,4080
3,203134	-0,4810
3,204003	-0,5521
3,204872	-0,5387
3,205741	-0,5295
3,206610	-0,4386
3,207479	-0,3626
3,208348	-0,2203
3,209217	-0,0903
3,210086	0,0601
3,210955	0,1947
3,211824	0,3128
3,212693	0,4224
3,213562	0,4798
3,214431	0,5277
3,215300	0,4932
3,216169	0,4648
3,217038	0,3562
3,217907	0,2658
3,218776	0,1184
3,219645	-0,0089
3,220514	-0,1526
3,221383	-0,2802
3,222252	-0,3897
3,223121	-0,4798
3,223990	-0,5158
3,224859	-0,5420
3,225728	-0,4889
3,226597	-0,4450
3,227466	-0,3259
3,228335	-0,2255
3,229204	-0,0708
3,230073	0,0555
3,230942	0,1941
3,231811	0,3082
3,232680	0,4120
3,233549	0,4761
3,234418	0,4901
3,235287	0,4944
3,236156	0,4254
3,237025	0,3616
3,237894	0,2353
3,238763	0,1282
3,239632	-0,0287
3,240501	-0,1416
3,241370	-0,2820
3,242239	-0,3760
3,243108	-0,4666
3,243977	-0,5145
3,244846	-0,5133
3,245715	-0,4913
3,246584	-0,4154
3,247453	-0,3342
3,248322	-0,1981
3,249191	-0,0827
3,250060	0,0745
3,250929	0,1764
3,251798	0,3134
3,252667	0,3912
3,253536	0,4727
3,254405	0,4758
3,255274	0,4794
3,256143	0,4215
3,257012	0,3427
3,257881	0,2383
3,258750	0,1086
3,259619	-0,0137
3,260488	-0,1544
3,261357	-0,2585
3,262226	-0,3845
3,263095	-0,4437
3,263964	-0,5063
3,264833	-0,4932
3,265702	-0,4831
3,266571	-0,3977
3,267440	-0,3247
3,268309	-0,1932
3,269178	-0,0775
3,270047	0,0659
3,270916	0,1788
3,271785	0,2951
3,272654	0,3891
3,273523	0,4425
3,274392	0,4752
3,275261	0,4468
3,276130	0,4135
3,276999	0,3168
3,277868	0,2326
3,278737	0,0934
3,279606	-0,0134
3,280475	-0,1578
3,281344	-0,2503
3,282213	-0,3775
3,283082	-0,4306
3,283951	-0,4852
3,284820	-0,4761
3,285689	-0,4608
3,286558	-0,3867
3,287427	-0,3046
3,288296	-0,1880
3,289165	-0,0616
3,290034	0,0641
3,290903	0,1834
3,291772	0,2863
3,292641	0,3867
3,293510	0,4236
3,294379	0,4685
3,295248	0,4349
3,296117	0,4035
3,296986	0,3046
3,297855	0,2258
3,298724	0,0870
3,299593	-0,0168
3,300462	-0,1599
3,301331	-0,2496
3,302200	-0,3684
3,303069	-0,4254
3,303938	-0,4788
3,304807	-0,4672
3,305676	-0,4495
3,306545	-0,3769
3,307414	-0,2954
3,308283	-0,1843
3,309152	-0,0580
3,310021	0,0613
3,310890	0,1782
3,311759	0,2777
3,312628	0,3729
3,313497	0,4157
3,314366	0,4437
3,315235	0,4163
3,316104	0,3867
3,316973	0,2942
3,317842	0,2152
3,318711	0,0842
3,319580	-0,0131
3,320449	-0,1495
3,321318	-0,2371
3,322187	-0,3552
3,323056	-0,4035
3,323925	-0,4657
3,324794	-0,4474
3,325663	-0,4355
3,326532	-0,3571
3,327401	-0,2881
3,328270	-0,1675
3,329139	-0,0607
3,330008	0,0742
3,330877	0,1624
3,331746	0,2756
3,332615	0,3522
3,333484	0,4071
3,334353	0,4266
3,335222	0,4102
3,336091	0,3638
3,336960	0,2881
3,337829	0,1984
3,338698	0,0830
3,339567	-0,0253
3,340436	-0,1465
3,341305	-0,2411
3,342174	-0,3449
3,343043	-0,4007
3,343912	-0,4483
3,344781	-0,4386
3,345650	-0,4205
3,346519	-0,3446
3,347388	-0,2765
3,348257	-0,1593
3,349126	-0,0629
3,349995	0,0717
3,350864	0,1593
3,351733	0,2738
3,352602	0,3351
3,353471	0,4028
3,354340	0,4022
3,355209	0,4059
3,356078	0,3418
3,356947	0,2875
3,357816	0,1791
3,358685	0,0894
3,359554	-0,0363
3,360423	-0,1282
3,361292	-0,2423
3,362161	-0,3171
3,363030	-0,3961
3,363899	-0,4138
3,364768	-0,4300
3,365637	-0,3864
3,366506	-0,3467
3,367375	-0,2518
3,368244	-0,1672
3,369113	-0,0424
3,369982	0,0562
3,370851	0,1700
3,371720	0,2478
3,372589	0,3391
3,373458	0,3754
3,374327	0,4022
3,375196	0,3732
3,376065	0,3403
3,376934	0,2609
3,377803	0,1831
3,378672	0,0735
3,379541	-0,0266
3,380410	-0,1389
3,381279	-0,2268
3,382148	-0,3204
3,383017	-0,3751
3,383886	-0,4144
3,384755	-0,4132
3,385624	-0,3870
3,386493	-0,3241
3,387362	-0,2512
3,388231	-0,1535
3,389100	-0,0455
3,389969	0,0653
3,390838	0,1611
3,391707	0,2496
3,392576	0,3204
3,393445	0,3699
3,394314	0,3848
3,395183	0,3690
3,396052	0,3241
3,396921	0,2567
3,397790	0,1709
3,398659	0,0720
3,399528	-0,0296
3,400397	-0,1340
3,401266	-0,2231
3,402135	-0,3070
3,403004	-0,3595
3,403873	-0,3906
3,404742	-0,3986
3,405611	-0,3674
3,406480	-0,3143
3,407349	-0,2390
3,408218	-0,1498
3,409087	-0,0436
3,409956	0,0586
3,410825	0,1480
3,411694	0,2341
3,412563	0,3037
3,413432	0,3476
3,414301	0,3656
3,415170	0,3488
3,416039	0,3104
3,416908	0,2414
3,417777	0,1642
3,418646	0,0647
3,419515	-0,0308
3,420384	-0,1306
3,421253	-0,2133
3,422122	-0,2988
3,422991	-0,3513
3,423860	-0,3827
3,424729	-0,3784
3,425598	-0,3577
3,426467	-0,2991
3,427336	-0,2322
3,428205	-0,1373
3,429074	-0,0439
3,429943	0,0665
3,430812	0,1462
3,431681	0,2368
3,432550	0,2951
3,433419	0,3412
3,434288	0,3516
3,435157	0,3470
3,436026	0,2924
3,436895	0,2380
3,437764	0,1495
3,438633	0,0678
3,439502	-0,0400
3,440371	-0,1205
3,441240	-0,2170
3,442109	-0,2826
3,442978	-0,3516
3,443847	-0,3616
3,444716	-0,3699
3,445585	-0,3348
3,446454	-0,2982
3,447323	-0,2136
3,448192	-0,1428
3,449061	-0,0311
3,449930	0,0482
3,450799	0,1480
3,451668	0,2097
3,452537	0,2951
3,453406	0,3177
3,454275	0,3461
3,455144	0,3171
3,456013	0,2921
3,456882	0,2164
3,457751	0,1563
3,458620	0,0531
3,459489	-0,0241
3,460358	-0,1263
3,461227	-0,1935
3,462096	-0,2832
3,462965	-0,3262
3,463834	-0,3610
3,464703	-0,3433
3,465572	-0,3330
3,466441	-0,2744
3,467310	-0,2170
3,468179	-0,1263
3,469048	-0,0403
3,469917	0,0571
3,470786	0,1343
3,471655	0,2158
3,472524	0,2722
3,473393	0,3189
3,474262	0,3265
3,475131	0,3146
3,476000	0,2759
3,476869	0,2136
3,477738	0,1440
3,478607	0,0555
3,479476	-0,0293
3,480345	-0,1233
3,481214	-0,1895
3,482083	-0,2710
3,482952	-0,3171
3,483821	-0,3537
3,484690	-0,3378
3,485559	-0,3253
3,486428	-0,2652
3,487297	-0,2133
3,488166	-0,1224
3,489035	-0,0449
3,489904	0,0598
3,490773	0,1248
3,491642	0,2094
3,492511	0,2582
3,493380	0,3055
3,494249	0,3061
3,495118	0,3101
3,495987	0,2573
3,496856	0,2118
3,497725	0,1331
3,498594	0,0620
3,499463	-0,0323
3,500332	-0,1071
3,501201	-0,1914
3,502070	-0,2536
3,502939	-0,3085
3,503808	-0,3363
3,504677	-0,3317
3,505546	-0,3061
3,506415	-0,2606
3,507284	-0,1996
3,508153	-0,1209
3,509022	-0,0366
3,509891	0,0528
3,510760	0,1224
3,511629	0,1996
3,512498	0,2503
3,513367	0,2969
3,514236	0,2994
3,515105	0,2951
3,515974	0,2490
3,516843	0,2057
3,517712	0,1251
3,518581	0,0586
3,519450	-0,0388
3,520319	-0,1050
3,521188	-0,1880
3,522057	-0,2417
3,522926	-0,3070
3,523795	-0,3159
3,524664	-0,3299
3,525533	-0,2924
3,526402	-0,2600
3,527271	-0,1895
3,528140	-0,1245
3,529009	-0,0354
3,529878	0,0464
3,530747	0,1224
3,531616	0,1865
3,532485	0,2475
3,533354	0,2805
3,534223	0,2905
3,535092	0,2808
3,535961	0,2438
3,536830	0,1956
3,537699	0,1242
3,538568	0,0571
3,539437	-0,0320
3,540306	-0,1016
3,541175	-0,1776
3,542044	-0,2322
3,542913	-0,2930
3,543782	-0,3030
3,544651	-0,3134
3,545520	-0,2820
3,546389	-0,2512
3,547258	-0,1819
3,548127	-0,1233
3,548996	-0,0284
3,549865	0,0403
3,550734	0,1196
3,551603	0,1785
3,552472	0,2414
3,553341	0,2713
3,554210	0,2838
3,555079	0,2707
3,555948	0,2371
3,556817	0,1877
3,557686	0,1224
3,558555	0,0522
3,559424	-0,0296
3,560293	-0,1004
3,561162	-0,1770
3,562031	-0,2310
3,562900	-0,2878
3,563769	-0,3000
3,564638	-0,3113
3,565507	-0,2774
3,566376	-0,2469
3,567245	-0,1770
3,568114	-0,1196
3,568983	-0,0299
3,569852	0,0427
3,570721	0,1178
3,571590	0,1733
3,572459	0,2380
3,573328	0,2634
3,574197	0,2789
3,575066	0,2689
3,575935	0,2332
3,576804	0,1825
3,577673	0,1196
3,578542	0,0525
3,579411	-0,0275
3,580280	-0,0958
3,581149	-0,1682
3,582018	-0,2203
3,582887	-0,2762
3,583756	-0,2872
3,584625	-0,2982
3,585494	-0,2692
3,586363	-0,2405
3,587232	-0,1737
3,588101	-0,1184
3,588970	-0,0314
3,589839	0,0375
3,590708	0,1096
3,591577	0,1645
3,592446	0,2234
3,593315	0,2503
3,594184	0,2652
3,595053	0,2576
3,595922	0,2228
3,596791	0,1773
3,597660	0,1141
3,598529	0,0510
3,599398	-0,0287
3,600267	-0,0891
3,601136	-0,1654
3,602005	-0,2155
3,602874	-0,2692
3,603743	-0,2832
3,604612	-0,2939
3,605481	-0,2615
3,606350	-0,2332
3,607219	-0,1709
3,608088	-0,1141
3,608957	-0,0305
3,609826	0,0385
3,610695	0,1074
3,611564	0,1642
3,612433	0,2164
3,613302	0,2524
3,614171	0,2618
3,615040	0,2536
3,615909	0,2167
3,616778	0,1761
3,617647	0,1111
3,618516	0,0522
3,619385	-0,0287
3,620254	-0,0855
3,621123	-0,1605
3,621992	-0,2072
3,622861	-0,2658
3,623730	-0,2707
3,624599	-0,2820
3,625468	-0,2561
3,626337	-0,2249
3,627206	-0,1706
3,628075	-0,1105
3,628944	-0,0378
3,629813	0,0369
3,630682	0,0943
3,631551	0,1575
3,632420	0,2042
3,633289	0,2417
3,634158	0,2454
3,635027	0,2475
3,635896	0,2075
3,636765	0,1709
3,637634	0,1065
3,638503	0,0516
3,639372	-0,0275
3,640241	-0,0861
3,641110	-0,1541
3,641979	-0,2048
3,642848	-0,2573
3,643717	-0,2673
3,644586	-0,2771
3,645455	-0,2554
3,646324	-0,2176
3,647193	-0,1703
3,648062	-0,1047
3,648931	-0,0378
3,649800	0,0406
3,650669	0,0925
3,651538	0,1587
3,652407	0,2008
3,653276	0,2405
3,654145	0,2423
3,655014	0,2454
3,655883	0,2051
3,656752	0,1691
3,657621	0,1062
3,658490	0,0488
3,659359	-0,0253
3,660228	-0,0900
3,661097	-0,1502
3,661966	-0,2060
3,662835	-0,2435
3,663704	-0,2692
3,664573	-0,2646
3,665442	-0,2561
3,666311	-0,2109
3,667180	-0,1733
3,668049	-0,1010
3,668918	-0,0421
3,669787	0,0385
3,670656	0,0858
3,671525	0,1541
3,672394	0,1920
3,673263	0,2264
3,674132	0,2399
3,675001	0,2350
3,675870	0,2042
3,676739	0,1617
3,677608	0,1090
3,678477	0,0439
3,679346	-0,0189
3,680215	-0,0900
3,681084	-0,1358
3,681953	-0,2039
3,682822	-0,2356
3,683691	-0,2643
3,684560	-0,2557
3,685429	-0,2512
3,686298	-0,2057
3,687167	-0,1679
3,688036	-0,1016
3,688905	-0,0400
3,689774	0,0366
3,690643	0,0925
3,691512	0,1517
3,692381	0,1990
3,693250	0,2295
3,694119	0,2426
3,694988	0,2289
3,695857	0,2078
3,696726	0,1559
3,697595	0,1120
3,698464	0,0388
3,699333	-0,0168
3,700202	-0,0940
3,701071	-0,1382
3,701940	-0,2048
3,702809	-0,2359
3,703678	-0,2652
3,704547	-0,2600
3,705416	-0,2469
3,706285	-0,2094
3,707154	-0,1633
3,708023	-0,1062
3,708892	-0,0360
3,709761	0,0281
3,710630	0,0916
3,711499	0,1395
3,712368	0,1981
3,713237	0,2179
3,714106	0,2377
3,714975	0,2234
3,715844	0,2054
3,716713	0,1520
3,717582	0,1108
3,718451	0,0430
3,719320	-0,0134
3,720189	-0,0833
3,721058	-0,1370
3,721927	-0,1962
3,722796	-0,2356
3,723665	-0,2527
3,724534	-0,2625
3,725403	-0,2362
3,726272	-0,2118
3,727141	-0,1559
3,728010	-0,1086
3,728879	-0,0314
3,729748	0,0244
3,730617	0,0928
3,731486	0,1370
3,732355	0,1978
3,733224	0,2185
3,734093	0,2368
3,734962	0,2213
3,735831	0,1996
3,736700	0,1563
3,737569	0,1038
3,738438	0,0467
3,739307	-0,0226
3,740176	-0,0800
3,741045	-0,1416
3,741914	-0,1871
3,742783	-0,2393
3,743652	-0,2484
3,744521	-0,2594
3,745390	-0,2341
3,746259	-0,2100
3,747128	-0,1569
3,747997	-0,1080
3,748866	-0,0375
3,749735	0,0272
3,750604	0,0824
3,751473	0,1395
3,752342	0,1779
3,753211	0,2182
3,754080	0,2210
3,754949	0,2240
3,755818	0,1901
3,756687	0,1584
3,757556	0,1007
3,758425	0,0531
3,759294	-0,0208
3,760163	-0,0726
3,761032	-0,1315
3,761901	-0,1822
3,762770	-0,2258
3,763639	-0,2509
3,764508	-0,2475
3,765377	-0,2353
3,766246	-0,1996
3,767115	-0,1611
3,767984	-0,1001
3,768853	-0,0427
3,769722	0,0345
3,770591	0,0781
3,771460	0,1389
3,772329	0,1767
3,773198	0,2191
3,774067	0,2228
3,774936	0,2252
3,775805	0,1923
3,776674	0,1547
3,777543	0,1032
3,778412	0,0458
3,779281	-0,0171
3,780150	-0,0842
3,781019	-0,1315
3,781888	-0,1901
3,782757	-0,2219
3,783626	-0,2548
3,784495	-0,2451
3,785364	-0,2414
3,786233	-0,1981
3,787102	-0,1627
3,787971	-0,0995
3,788840	-0,0430
3,789709	0,0290
3,790578	0,0800
3,791447	0,1328
3,792316	0,1822
3,793185	0,2115
3,794054	0,2261
3,794923	0,2145
3,795792	0,1956
3,796661	0,1474
3,797530	0,1090
3,798399	0,0427
3,799268	-0,0098
3,800137	-0,0784
3,801006	-0,1230
3,801875	-0,1846
3,802744	-0,2191
3,803613	-0,2438
3,804482	-0,2472
3,805351	-0,2304
3,806220	-0,2008
3,807089	-0,1556
3,807958	-0,1059
3,808827	-0,0369
3,809696	0,0204
3,810565	0,0851
3,811434	0,1267
3,812303	0,1834
3,813172	0,2029
3,814041	0,2274
3,814910	0,2136
3,815779	0,1959
3,816648	0,1480
3,817517	0,1047
3,818386	0,0439
3,819255	-0,0153
3,820124	-0,0787
3,820993	-0,1325
3,821862	-0,1810
3,822731	-0,2283
3,823600	-0,2414
3,824469	-0,2481
3,825338	-0,2322
3,826207	-0,2057
3,827076	-0,1520
3,827945	-0,1077
3,828814	-0,0354
3,829683	0,0208
3,830552	0,0815
3,831421	0,1285
3,832290	0,1791
3,833159	0,2029
3,834028	0,2185
3,834897	0,2130
3,835766	0,1865
3,836635	0,1541
3,837504	0,0989
3,838373	0,0522
3,839242	-0,0150
3,840111	-0,0681
3,840980	-0,1270
3,841849	-0,1740
3,842718	-0,2191
3,843587	-0,2356
3,844456	-0,2408
3,845325	-0,2280
3,846194	-0,1981
3,847063	-0,1581
3,847932	-0,1016
3,848801	-0,0443
3,849670	0,0250
3,850539	0,0732
3,851408	0,1325
3,852277	0,1706
3,853146	0,2075
3,854015	0,2121
3,854884	0,2173
3,855753	0,1846
3,856622	0,1517
3,857491	0,1010
3,858360	0,0473
3,859229	-0,0131
3,860098	-0,0766
3,860967	-0,1254
3,861836	-0,1822
3,862705	-0,2164
3,863574	-0,2481
3,864443	-0,2396
3,865312	-0,2338
3,866181	-0,1932
3,867050	-0,1608
3,867919	-0,0986
3,868788	-0,0436
3,869657	0,0250
3,870526	0,0781
3,871395	0,1282
3,872264	0,1733
3,873133	0,2051
3,874002	0,2200
3,874871	0,2100
3,875740	0,1932
3,876609	0,1465
3,877478	0,1074
3,878347	0,0427
3,879216	-0,0064
3,880085	-0,0769
3,880954	-0,1184
3,881823	-0,1773
3,882692	-0,2167
3,883561	-0,2420
3,884430	-0,2423
3,885299	-0,2268
3,886168	-0,1993
3,887037	-0,1547
3,887906	-0,1071
3,888775	-0,0391
3,889644	0,0156
3,890513	0,0800
3,891382	0,1209
3,892251	0,1779
3,893120	0,1990
3,893989	0,2167
3,894858	0,2033
3,895727	0,1910
3,896596	0,1462
3,897465	0,1035
3,898334	0,0470
3,899203	-0,0143
3,900072	-0,0726
3,900941	-0,1279
3,901810	-0,1737
3,902679	-0,2237
3,903548	-0,2335
3,904417	-0,2460
3,905286	-0,2243
3,906155	-0,2029
3,907024	-0,1511
3,907893	-0,1080
3,908762	-0,0385
3,909631	0,0186
3,910500	0,0766
3,911369	0,1257
3,912238	0,1737
3,913107	0,2026
3,913976	0,2152
3,914845	0,2057
3,915714	0,1843
3,916583	0,1535
3,917452	0,0983
3,918321	0,0540
3,919190	-0,0140
3,920059	-0,0632
3,920928	-0,1187
3,921797	-0,1679
3,922666	-0,2145
3,923535	-0,2301
3,924404	-0,2405
3,925273	-0,2255
3,926142	-0,1950
3,927011	-0,1599
3,927880	-0,1025
3,928749	-0,0485
3,929618	0,0235
3,930487	0,0696
3,931356	0,1227
3,932225	0,1645
3,933094	0,2002
3,933963	0,2069
3,934832	0,2097
3,935701	0,1834
3,936570	0,1498
3,937439	0,1016
3,938308	0,0473
3,939177	-0,0116
3,940046	-0,0754
3,940915	-0,1233
3,941784	-0,1770
3,942653	-0,2118
3,943522	-0,2438
3,944391	-0,2347
3,945260	-0,2344
3,946129	-0,1923
3,946998	-0,1605
3,947867	-0,1007
3,948736	-0,0455
3,949605	0,0235
3,950474	0,0723
3,951343	0,1248
3,952212	0,1737
3,953081	0,1990
3,953950	0,2158
3,954819	0,2091
3,955688	0,1923
3,956557	0,1447
3,957426	0,1083
3,958295	0,0446
3,959164	-0,0052
3,960033	-0,0729
3,960902	-0,1132
3,961771	-0,1721
3,962640	-0,2103
3,963509	-0,2353
3,964378	-0,2371
3,965247	-0,2210
3,966116	-0,1990
3,966985	-0,1541
3,967854	-0,1108
3,968723	-0,0421
3,969592	0,0113
3,970461	0,0748
3,971330	0,1096
3,972199	0,1706
3,973068	0,1923
3,973937	0,2173
3,974806	0,2029
3,975675	0,1859
3,976544	0,1459
3,977413	0,1025
3,978282	0,0507
3,979151	-0,0119
3,980020	-0,0650
3,980889	-0,1242
3,981758	-0,1657
3,982627	-0,2170
3,983496	-0,2286
3,984365	-0,2451
3,985234	-0,2216
3,986103	-0,2017
3,986972	-0,1526
3,987841	-0,1086
3,988710	-0,0418
3,989579	0,0180
3,990448	0,0748
3,991317	0,1257
3,992186	0,1740
3,993055	0,2072
3,993924	0,2124
3,994793	0,2155
3,995662	0,1822
3,996531	0,1529
3,997400	0,0983
3,998269	0,0534
3,999138	-0,0137
4,000007	-0,0665
4,000876	-0,1209
4,001745	-0,1672
4,002614	-0,2142
4,003483	-0,2377
4,004352	-0,2350
4,005221	-0,2274
4,006090	-0,1929
4,006959	-0,1608
4,007828	-0,1028
4,008697	-0,0513
4,009566	0,0186
4,010435	0,0644
4,011304	0,1199
4,012173	0,1602
4,013042	0,2002
4,013911	0,2100
4,014780	0,2081
4,015649	0,1865
4,016518	0,1474
4,017387	0,1047
4,018256	0,0470
4,019125	-0,0058
4,019994	-0,0726
4,020863	-0,1120
4,021732	-0,1737
4,022601	-0,2097
4,023470	-0,2387
