0,000869	-0,0128
0,001738	-0,0116
0,002607	-0,0131
0,003476	-0,0125
0,004345	-0,0143
0,005214	-0,0183
0,006083	-0,0159
0,006952	-0,0125
0,007821	-0,0143
0,008690	-0,0134
0,009559	-0,0134
0,010428	-0,0125
0,011297	-0,0122
0,012166	-0,0137
0,013035	-0,0137
0,013904	-0,0116
0,014773	-0,0128
0,015642	-0,0134
0,016511	-0,0101
0,017380	-0,0116
0,018249	-0,0137
0,019118	-0,0131
0,019987	-0,0137
0,020856	-0,0134
0,021725	-0,0137
0,022594	-0,0153
0,023463	-0,0125
0,024332	-0,0137
0,025201	-0,0143
0,026070	-0,0116
0,026939	-0,0183
0,027808	-0,0107
0,028677	-0,0134
0,029546	-0,0131
0,030415	-0,0134
0,031284	-0,0131
0,032153	-0,0140
0,033022	-0,0134
0,033891	-0,0150
0,034760	-0,0146
0,035629	-0,0140
0,036498	-0,0104
0,037367	-0,0159
0,038236	-0,0131
0,039105	-0,0137
0,039974	-0,0140
0,040843	-0,0131
0,041712	-0,0110
0,042581	-0,0131
0,043450	-0,0125
0,044319	-0,0137
0,045188	-0,0165
0,046057	-0,0140
0,046926	-0,0150
0,047795	-0,0125
0,048664	-0,0131
0,049533	-0,0131
0,050402	-0,0134
0,051271	-0,0128
0,052140	-0,0116
0,053009	-0,0125
0,053878	-0,0131
0,054747	-0,0125
0,055616	-0,0107
0,056485	-0,0113
0,057354	-0,0113
0,058223	-0,0134
0,059092	-0,0128
0,059961	-0,0134
0,060830	-0,0140
0,061699	-0,0095
0,062568	-0,0156
0,063437	-0,0134
0,064306	-0,0134
0,065175	-0,0143
0,066044	-0,0122
0,066913	-0,0122
0,067782	-0,0104
0,068651	-0,0131
0,069520	-0,0128
0,070389	-0,0131
0,071258	-0,0128
0,072127	-0,0131
0,072996	-0,0134
0,073865	-0,0137
0,074734	-0,0119
0,075603	-0,0122
0,076472	-0,0137
0,077341	-0,0128
0,078210	-0,0134
0,079079	-0,0131
0,079948	-0,0131
0,080817	-0,0134
0,081686	-0,0116
0,082555	-0,0134
0,083424	-0,0134
0,084293	-0,0134
0,085162	-0,0110
0,086031	-0,0134
0,086900	-0,0137
0,087769	-0,0146
0,088638	-0,0137
0,089507	-0,0131
0,090376	-0,0128
0,091245	-0,0128
0,092114	-0,0128
0,092983	-0,0110
0,093852	-0,0119
0,094721	-0,0134
0,095590	-0,0125
0,096459	-0,0119
0,097328	-0,0082
0,098197	-0,0128
0,099066	-0,0125
0,099935	-0,0134
0,100804	-0,0134
0,101673	-0,0119
0,102542	-0,0067
0,103411	-0,0095
0,104280	-0,0134
0,105149	-0,0125
0,106018	-0,0116
0,106887	-0,0128
0,107756	-0,0128
0,108625	-0,0134
0,109494	-0,0140
0,110363	-0,0131
0,111232	-0,0131
0,112101	-0,0122
0,112970	-0,0107
0,113839	-0,0146
0,114708	-0,0125
0,115577	-0,0150
0,116446	-0,0128
0,117315	-0,0113
0,118184	-0,0131
0,119053	-0,0128
0,119922	-0,0131
0,120791	-0,0134
0,121660	-0,0119
0,122529	-0,0128
0,123398	-0,0153
0,124267	-0,0131
0,125136	-0,0131
0,126005	-0,0079
0,126874	-0,0137
0,127743	-0,0140
0,128612	-0,0137
0,129481	-0,0125
0,130350	-0,0125
0,131219	-0,0122
0,132088	-0,0128
0,132957	-0,0113
0,133826	-0,0116
0,134695	-0,0134
0,135564	-0,0128
0,136433	-0,0125
0,137302	-0,0110
0,138171	-0,0128
0,139040	-0,0128
0,139909	-0,0131
0,140778	-0,0140
0,141647	-0,0125
0,142516	-0,0153
0,143385	-0,0085
0,144254	-0,0125
0,145123	-0,0143
0,145992	-0,0101
0,146861	-0,0095
0,147730	-0,0131
0,148599	-0,0128
0,149468	-0,0128
0,150337	-0,0125
0,151206	-0,0134
0,152075	-0,0137
0,152944	-0,0134
0,153813	-0,0146
0,154682	-0,0119
0,155551	-0,0150
0,156420	-0,0162
0,157289	-0,0098
0,158158	-0,0134
0,159027	-0,0140
0,159896	-0,0134
0,160765	-0,0128
0,161634	-0,0119
0,162503	-0,0125
0,163372	-0,0128
0,164241	-0,0110
0,165110	-0,0131
0,165979	-0,0101
0,166848	-0,0171
0,167717	-0,0137
0,168586	-0,0137
0,169455	-0,0137
0,170324	-0,0125
0,171193	-0,0134
0,172062	-0,0140
0,172931	-0,0137
0,173800	-0,0128
0,174669	-0,0128
0,175538	-0,0125
0,176407	-0,0113
0,177276	-0,0092
0,178145	-0,0122
0,179014	-0,0125
0,179883	-0,0137
0,180752	-0,0134
0,181621	-0,0116
0,182490	-0,0128
0,183359	-0,0119
0,184228	-0,0134
0,185097	-0,0183
0,185966	-0,0110
0,186835	-0,0131
0,187704	-0,0125
0,188573	-0,0128
0,189442	-0,0125
0,190311	-0,0134
0,191180	-0,0131
0,192049	-0,0128
0,192918	-0,0131
0,193787	-0,0119
0,194656	-0,0122
0,195525	-0,0119
0,196394	-0,0150
0,197263	-0,0159
0,198132	-0,0128
0,199001	-0,0131
0,199870	-0,0131
0,200739	-0,0122
0,201608	-0,0122
0,202477	-0,0146
0,203346	-0,0125
0,204215	-0,0134
0,205084	-0,0171
0,205953	-0,0131
0,206822	-0,0153
0,207691	-0,0134
0,208560	-0,0131
0,209429	-0,0128
0,210298	-0,0125
0,211167	-0,0128
0,212036	-0,0140
0,212905	-0,0143
0,213774	-0,0122
0,214643	-0,0137
0,215512	-0,0113
0,216381	-0,0119
0,217250	-0,0073
0,218119	-0,0131
0,218988	-0,0131
0,219857	-0,0131
0,220726	-0,0140
0,221595	-0,0119
0,222464	-0,0137
0,223333	-0,0131
0,224202	-0,0137
0,225071	-0,0134
0,225940	-0,0128
0,226809	-0,0116
0,227678	-0,0113
0,228547	-0,0137
0,229416	-0,0134
0,230285	-0,0128
0,231154	-0,0131
0,232023	-0,0137
0,232892	-0,0122
0,233761	-0,0131
0,234630	-0,0150
0,235499	-0,0140
0,236368	-0,0150
0,237237	-0,0095
0,238106	-0,0128
0,238975	-0,0134
0,239844	-0,0134
0,240713	-0,0131
0,241582	-0,0116
0,242451	-0,0110
0,243320	-0,0134
0,244189	-0,0125
0,245058	-0,0140
0,245927	-0,0089
0,246796	-0,0195
0,247665	-0,0125
0,248534	-0,0128
0,249403	-0,0131
0,250272	-0,0131
0,251141	-0,0137
0,252010	-0,0153
0,252879	-0,0140
0,253748	-0,0140
0,254617	-0,0122
0,255486	-0,0168
0,256355	-0,0125
0,257224	-0,0101
0,258093	-0,0134
0,258962	-0,0125
0,259831	-0,0128
0,260700	-0,0140
0,261569	-0,0116
0,262438	-0,0125
0,263307	-0,0165
0,264176	-0,0128
0,265045	-0,0125
0,265914	-0,0119
0,266783	-0,0101
0,267652	-0,0131
0,268521	-0,0134
0,269390	-0,0137
0,270259	-0,0122
0,271128	-0,0131
0,271997	-0,0168
0,272866	-0,0146
0,273735	-0,0162
0,274604	-0,0131
0,275473	-0,0104
0,276342	-0,0159
0,277211	-0,0110
0,278080	-0,0131
0,278949	-0,0128
0,279818	-0,0134
0,280687	-0,0125
0,281556	-0,0116
0,282425	-0,0131
0,283294	-0,0146
0,284163	-0,0131
0,285032	-0,0131
0,285901	-0,0150
0,286770	-0,0119
0,287639	-0,0119
0,288508	-0,0131
0,289377	-0,0128
0,290246	-0,0128
0,291115	-0,0137
0,291984	-0,0122
0,292853	-0,0143
0,293722	-0,0146
0,294591	-0,0125
0,295460	-0,0137
0,296329	-0,0134
0,297198	-0,0140
0,298067	-0,0131
0,298936	-0,0134
0,299805	-0,0131
0,300674	-0,0134
0,301543	-0,0128
0,302412	-0,0128
0,303281	-0,0122
0,304150	-0,0137
0,305019	-0,0134
0,305888	-0,0095
0,306757	-0,0104
0,307626	-0,0119
0,308495	-0,0131
0,309364	-0,0137
0,310233	-0,0128
0,311102	-0,0137
0,311971	-0,0131
0,312840	-0,0153
0,313709	-0,0125
0,314578	-0,0171
0,315447	-0,0125
0,316316	-0,0134
0,317185	-0,0168
0,318054	-0,0128
0,318923	-0,0125
0,319792	-0,0128
0,320661	-0,0131
0,321530	-0,0125
0,322399	-0,0131
0,323268	-0,0137
0,324137	-0,0113
0,325006	-0,0119
0,325875	-0,0119
0,326744	-0,0150
0,327613	-0,0140
0,328482	-0,0131
0,329351	-0,0128
0,330220	-0,0128
0,331089	-0,0134
0,331958	-0,0134
0,332827	-0,0125
0,333696	-0,0125
0,334565	-0,0128
0,335434	-0,0156
0,336303	-0,0153
0,337172	-0,0128
0,338041	-0,0131
0,338910	-0,0134
0,339779	-0,0128
0,340648	-0,0134
0,341517	-0,0116
0,342386	-0,0140
0,343255	-0,0128
0,344124	-0,0134
0,344993	-0,0140
0,345862	-0,0137
0,346731	-0,0085
0,347600	-0,0116
0,348469	-0,0131
0,349338	-0,0125
0,350207	-0,0128
0,351076	-0,0131
0,351945	-0,0143
0,352814	-0,0137
0,353683	-0,0137
0,354552	-0,0146
0,355421	-0,0128
0,356290	-0,0134
0,357159	-0,0079
0,358028	-0,0125
0,358897	-0,0137
0,359766	-0,0128
0,360635	-0,0128
0,361504	-0,0098
0,362373	-0,0128
0,363242	-0,0153
0,364111	-0,0134
0,364980	-0,0125
0,365849	-0,0110
0,366718	-0,0110
0,367587	-0,0143
0,368456	-0,0131
0,369325	-0,0131
0,370194	-0,0134
0,371063	-0,0128
0,371932	-0,0143
0,372801	-0,0143
0,373670	-0,0128
0,374539	-0,0125
0,375408	-0,0098
0,376277	-0,0134
0,377146	-0,0131
0,378015	-0,0131
0,378884	-0,0134
0,379753	-0,0137
0,380622	-0,0131
0,381491	-0,0131
0,382360	-0,0137
0,383229	-0,0131
0,384098	-0,0131
0,384967	-0,0110
0,385836	-0,0146
0,386705	-0,0134
0,387574	-0,0122
0,388443	-0,0128
0,389312	-0,0131
0,390181	-0,0125
0,391050	-0,0137
0,391919	-0,0165
0,392788	-0,0159
0,393657	-0,0134
0,394526	-0,0128
0,395395	-0,0177
0,396264	-0,0137
0,397133	-0,0143
0,398002	-0,0131
0,398871	-0,0125
0,399740	-0,0131
0,400609	-0,0128
0,401478	-0,0122
0,402347	-0,0122
0,403216	-0,0156
0,404085	-0,0134
0,404954	-0,0162
0,405823	-0,0128
0,406692	-0,0089
0,407561	-0,0159
0,408430	-0,0131
0,409299	-0,0125
0,410168	-0,0134
0,411037	-0,0131
0,411906	-0,0137
0,412775	-0,0143
0,413644	-0,0137
0,414513	-0,0125
0,415382	-0,0128
0,416251	-0,0104
0,417120	-0,0150
0,417989	-0,0131
0,418858	-0,0134
0,419727	-0,0131
0,420596	-0,0137
0,421465	-0,0128
0,422334	-0,0119
0,423203	-0,0168
0,424072	-0,0150
0,424941	-0,0092
0,425810	-0,0128
0,426679	-0,0128
0,427548	-0,0131
0,428417	-0,0134
0,429286	-0,0128
0,430155	-0,0134
0,431024	-0,0137
0,431893	-0,0153
0,432762	-0,0140
0,433631	-0,0107
0,434500	-0,0153
0,435369	-0,0101
0,436238	-0,0113
0,437107	-0,0146
0,437976	-0,0128
0,438845	-0,0134
0,439714	-0,0125
0,440583	-0,0128
0,441452	-0,0122
0,442321	-0,0131
0,443190	-0,0131
0,444059	-0,0116
0,444928	-0,0119
0,445797	-0,0140
0,446666	-0,0150
0,447535	-0,0137
0,448404	-0,0131
0,449273	-0,0134
0,450142	-0,0125
0,451011	-0,0131
0,451880	-0,0146
0,452749	-0,0131
0,453618	-0,0150
0,454487	-0,0162
0,455356	-0,0159
0,456225	-0,0140
0,457094	-0,0110
0,457963	-0,0131
0,458832	-0,0125
0,459701	-0,0131
0,460570	-0,0131
0,461439	-0,0131
0,462308	-0,0140
0,463177	-0,0131
0,464046	-0,0128
0,464915	-0,0150
0,465784	-0,0165
0,466653	-0,0134
0,467522	-0,0137
0,468391	-0,0128
0,469260	-0,0131
0,470129	-0,0125
0,470998	-0,0131
0,471867	-0,0183
0,472736	-0,0134
0,473605	-0,0146
0,474474	-0,0119
0,475343	-0,0128
0,476212	-0,0137
0,477081	-0,0146
0,477950	-0,0131
0,478819	-0,0125
0,479688	-0,0131
0,480557	-0,0128
0,481426	-0,0101
0,482295	-0,0134
0,483164	-0,0131
0,484033	-0,0122
0,484902	-0,0162
0,485771	-0,0140
0,486640	-0,0156
0,487509	-0,0122
0,488378	-0,0131
0,489247	-0,0131
0,490116	-0,0125
0,490985	-0,0125
0,491854	-0,0137
0,492723	-0,0128
0,493592	-0,0131
0,494461	-0,0128
0,495330	-0,0137
0,496199	-0,0113
0,497068	-0,0107
0,497937	-0,0128
0,498806	-0,0131
0,499675	-0,0134
0,500544	-0,0131
0,501413	-0,0131
0,502282	-0,0125
0,503151	-0,0125
0,504020	-0,0146
0,504889	-0,0079
0,505758	-0,0113
0,506627	-0,0122
0,507496	-0,0125
0,508365	-0,0134
0,509234	-0,0128
0,510103	-0,0131
0,510972	-0,0128
0,511841	-0,0140
0,512710	-0,0137
0,513579	-0,0131
0,514448	-0,0134
0,515317	-0,0128
0,516186	-0,0101
0,517055	-0,0125
0,517924	-0,0134
0,518793	-0,0128
0,519662	-0,0128
0,520531	-0,0128
0,521400	-0,0128
0,522269	-0,0110
0,523138	-0,0125
0,524007	-0,0131
0,524876	-0,0110
0,525745	-0,0116
0,526614	-0,0134
0,527483	-0,0131
0,528352	-0,0131
0,529221	-0,0131
0,530090	-0,0131
0,530959	-0,0137
0,531828	-0,0140
0,532697	-0,0131
0,533566	-0,0110
0,534435	-0,0128
0,535304	-0,0098
0,536173	-0,0134
0,537042	-0,0159
0,537911	-0,0125
0,538780	-0,0134
0,539649	0,2728
0,540518	0,5872
0,541387	0,8869
0,542256	1,1328
0,543125	1,2931
0,543994	1,3605
0,544863	1,3401
0,545732	1,2146
0,546601	0,9980
0,547470	0,6977
0,548339	0,3516
0,549208	-0,0024
0,550077	-0,3449
0,550946	-0,6565
0,551815	-0,9168
0,552684	-1,0996
0,553553	-1,1948
0,554422	-1,2101
0,555291	-1,1423
0,556160	-0,9894
0,557029	-0,7572
0,557898	-0,4575
0,558767	-0,1233
0,559636	0,2130
0,560505	0,5353
0,561374	0,8304
0,562243	1,0730
0,563112	1,2281
0,563981	1,2946
0,564850	1,2732
0,565719	1,1588
0,566588	0,9577
0,567457	0,6818
0,568326	0,3586
0,569195	0,0189
0,570064	-0,3137
0,570933	-0,6299
0,571802	-0,8997
0,572671	-1,0947
0,573540	-1,1997
0,574409	-1,2156
0,575278	-1,1420
0,576147	-0,9851
0,577016	-0,7559
0,577885	-0,4614
0,578754	-0,1227
0,579623	0,2191
0,580492	0,5490
0,581361	0,8451
0,582230	1,0794
0,583099	1,2259
0,583968	1,2839
0,584837	1,2537
0,585706	1,1472
0,586575	0,9497
0,587444	0,6702
0,588313	0,3391
0,589182	-0,0034
0,590051	-0,3394
0,590920	-0,6503
0,591789	-0,9174
0,592658	-1,1035
0,593527	-1,2064
0,594396	-1,2232
0,595265	-1,1444
0,596134	-0,9848
0,597003	-0,7462
0,597872	-0,4450
0,598741	-0,1044
0,599610	0,2438
0,600479	0,5789
0,601348	0,8835
0,602217	1,1237
0,603086	1,2763
0,603955	1,3318
0,604824	1,3102
0,605693	1,1911
0,606562	0,9839
0,607431	0,6986
0,608300	0,3677
0,609169	0,0195
0,610038	-0,3168
0,610907	-0,6342
0,611776	-0,9095
0,612645	-1,1097
0,613514	-1,2143
0,614383	-1,2314
0,615252	-1,1512
0,616121	-0,9861
0,616990	-0,7556
0,617859	-0,4544
0,618728	-0,1108
0,619597	0,2387
0,620466	0,5686
0,621335	0,8689
0,622204	1,1112
0,623073	1,2638
0,623942	1,3303
0,624811	1,3068
0,625680	1,1933
0,626549	0,9894
0,627418	0,7126
0,628287	0,3952
0,629156	0,0488
0,630025	-0,2939
0,630894	-0,6192
0,631763	-0,8982
0,632632	-1,0968
0,633501	-1,2055
0,634370	-1,2351
0,635239	-1,1740
0,636108	-1,0276
0,636977	-0,7996
0,637846	-0,4993
0,638715	-0,1721
0,639584	0,1596
0,640453	0,4874
0,641322	0,7962
0,642191	1,0474
0,643060	1,2104
0,643929	1,2909
0,644798	1,2790
0,645667	1,1869
0,646536	0,9955
0,647405	0,7248
0,648274	0,4047
0,649143	0,0681
0,650012	-0,2615
0,650881	-0,5835
0,651750	-0,8652
0,652619	-1,0730
0,653488	-1,1884
0,654357	-1,2091
0,655226	-1,1496
0,656095	-1,0117
0,656964	-0,7947
0,657833	-0,5029
0,658702	-0,1743
0,659571	0,1508
0,660440	0,4602
0,661309	0,7465
0,662178	0,9793
0,663047	1,1304
0,663916	1,1979
0,664785	1,1798
0,665654	1,0886
0,666523	0,9149
0,667392	0,6510
0,668261	0,3363
0,669130	0,0049
0,669999	-0,3153
0,670868	-0,6214
0,671737	-0,8893
0,672606	-1,0886
0,673475	-1,1969
0,674344	-1,2162
0,675213	-1,1512
0,676082	-1,0135
0,676951	-0,8008
0,677820	-0,5121
0,678689	-0,1856
0,679558	0,1386
0,680427	0,4474
0,681296	0,7337
0,682165	0,9696
0,683034	1,1213
0,683903	1,1859
0,684772	1,1670
0,685641	1,0730
0,686510	0,8875
0,687379	0,6317
0,688248	0,3159
0,689117	-0,0186
0,689986	-0,3504
0,690855	-0,6745
0,691724	-0,9622
0,692593	-1,1692
0,693462	-1,2833
0,694331	-1,3053
0,695200	-1,2467
0,696069	-1,1063
0,696938	-0,8741
0,697807	-0,5725
0,698676	-0,2414
0,699545	0,0885
0,700414	0,4141
0,701283	0,7190
0,702152	0,9629
0,703021	1,1234
0,703890	1,1979
0,704759	1,1924
0,705628	1,1011
0,706497	0,9107
0,707366	0,6427
0,708235	0,3296
0,709104	-0,0122
0,709973	-0,3607
0,710842	-0,6906
0,711711	-0,9711
0,712580	-1,1802
0,713449	-1,2946
0,714318	-1,3211
0,715187	-1,2485
0,716056	-1,0883
0,716925	-0,8576
0,717794	-0,5640
0,718663	-0,2301
0,719532	0,1062
0,720401	0,4184
0,721270	0,6995
0,722139	0,9244
0,723008	1,0703
0,723877	1,1338
0,724746	1,1060
0,725615	1,0007
0,726484	0,8292
0,727353	0,5805
0,728222	0,2744
0,729091	-0,0467
0,729960	-0,3555
0,730829	-0,6552
0,731698	-0,9290
0,732567	-1,1347
0,733436	-1,2424
0,734305	-1,2751
0,735174	-1,2256
0,736043	-1,0910
0,736912	-0,8625
0,737781	-0,5673
0,738650	-0,2353
0,739519	0,1126
0,740388	0,4529
0,741257	0,7599
0,742126	0,9958
0,742995	1,1451
0,743864	1,2055
0,744733	1,1768
0,745602	1,0480
0,746471	0,8448
0,747340	0,5905
0,748209	0,2759
0,749078	-0,0540
0,749947	-0,3647
0,750816	-0,6552
0,751685	-0,9171
0,752554	-1,1136
0,753423	-1,2241
0,754292	-1,2583
0,755161	-1,2168
0,756030	-1,0883
0,756899	-0,8625
0,757768	-0,5707
0,758637	-0,2408
0,759506	0,1086
0,760375	0,4526
0,761244	0,7608
0,762113	0,9992
0,762982	1,1536
0,763851	1,2223
0,764720	1,1896
0,765589	1,0669
0,766458	0,8802
0,767327	0,6326
0,768196	0,3311
0,769065	0,0153
0,769934	-0,2841
0,770803	-0,5783
0,771672	-0,8493
0,772541	-1,0523
0,773410	-1,1722
0,774279	-1,2134
0,775148	-1,1603
0,776017	-1,0089
0,776886	-0,7718
0,777755	-0,4749
0,778624	-0,1343
0,779493	0,2033
0,780362	0,5048
0,781231	0,7715
0,782100	0,9946
0,782969	1,1390
0,783838	1,2064
0,784707	1,2009
0,785576	1,1228
0,786445	0,9497
0,787314	0,6903
0,788183	0,3748
0,789052	0,0262
0,789921	-0,3259
0,790790	-0,6473
0,791659	-0,9049
0,792528	-1,0862
0,793397	-1,1774
0,794266	-1,1798
0,795135	-1,1084
0,796004	-0,9763
0,796873	-0,7804
0,797742	-0,5127
0,798611	-0,2008
0,799480	0,1279
0,800349	0,4688
0,801218	0,7816
0,802087	1,0245
0,802956	1,1768
0,803825	1,2360
0,804694	1,1914
0,805563	1,0761
0,806432	0,8997
0,807301	0,6571
0,808170	0,3644
0,809039	0,0497
0,809908	-0,2741
0,810777	-0,6024
0,811646	-0,8866
0,812515	-1,0843
0,813384	-1,1859
0,814253	-1,1866
0,815122	-1,1014
0,815991	-0,9516
0,816860	-0,7541
0,817729	-0,4831
0,818598	-0,1849
0,819467	0,1251
0,820336	0,4498
0,821205	0,7620
0,822074	1,0083
0,822943	1,1585
0,823812	1,2113
0,824681	1,1618
0,825550	1,0373
0,826419	0,8542
0,827288	0,6235
0,828157	0,3308
0,829026	0,0153
0,829895	-0,3153
0,830764	-0,6436
0,831633	-0,9198
0,832502	-1,1142
0,833371	-1,2122
0,834240	-1,2128
0,835109	-1,1353
0,835978	-1,0077
0,836847	-0,8194
0,837716	-0,5533
0,838585	-0,2429
0,839454	0,0974
0,840323	0,4349
0,841192	0,7224
0,842061	0,9357
0,842930	1,0657
0,843799	1,1124
0,844668	1,0965
0,845537	1,0337
0,846406	0,8774
0,847275	0,6149
0,848144	0,3095
0,849013	-0,0394
0,849882	-0,3735
0,850751	-0,6519
0,851620	-0,8850
0,852489	-1,0660
0,853358	-1,1805
0,854227	-1,2235
0,855096	-1,1869
0,855965	-1,0364
0,856834	-0,7852
0,857703	-0,4892
0,858572	-0,1578
0,859441	0,1471
0,860310	0,4236
0,861179	0,7035
0,862048	0,9467
0,862917	1,1164
0,863786	1,1914
0,864655	1,1597
0,865524	1,0254
0,866393	0,8478
0,867262	0,6134
0,868131	0,3360
0,869000	0,0327
0,869869	-0,3012
0,870738	-0,6253
0,871607	-0,8856
0,872476	-1,0541
0,873345	-1,1362
0,874214	-1,1438
0,875083	-1,1069
0,875952	-1,0038
0,876821	-0,7834
0,877690	-0,4941
0,878559	-0,1502
0,879428	0,1798
0,880297	0,4520
0,881166	0,7068
0,882035	0,9430
0,882904	1,1121
0,883773	1,1985
0,884642	1,1747
0,885511	1,0279
0,886380	0,8307
0,887249	0,6012
0,888118	0,3211
0,888987	0,0204
0,889856	-0,3085
0,890725	-0,6272
0,891594	-0,8780
0,892463	-1,0514
0,893332	-1,1347
0,894201	-1,1576
0,895070	-1,1325
0,895939	-1,0175
0,896808	-0,7877
0,897677	-0,4837
0,898546	-0,1532
0,899415	0,1459
0,900284	0,4138
0,901153	0,6970
0,902022	0,9510
0,902891	1,1103
0,903760	1,1591
0,904629	1,0996
0,905498	0,9952
0,906367	0,8466
0,907236	0,6223
0,908105	0,3293
0,908974	-0,0214
0,909843	-0,3577
0,910712	-0,6241
0,911581	-0,8518
0,912450	-1,0468
0,913319	-1,1744
0,914188	-1,2186
0,915057	-1,1322
0,915926	-0,9488
0,916795	-0,7440
0,917664	-0,4920
0,918533	-0,2072
0,919402	0,1175
0,920271	0,4581
0,921140	0,7303
0,922009	0,9287
0,922878	1,0562
0,923747	1,1319
0,924616	1,1441
0,925485	1,0376
0,926354	0,8182
0,927223	0,5655
0,928092	0,2802
0,928961	0,0018
0,929830	-0,3058
0,930699	-0,6320
0,931568	-0,8808
0,932437	-1,0392
0,933306	-1,1179
0,934175	-1,1487
0,935044	-1,1286
0,935913	-0,9848
0,936782	-0,7398
0,937651	-0,4462
0,938520	-0,1544
0,939389	0,1242
0,940258	0,4328
0,941127	0,7282
0,941996	0,9415
0,942865	1,0556
0,943734	1,1017
0,944603	1,1176
0,945472	1,0544
0,946341	0,8466
0,947210	0,5789
0,948079	0,2811
0,948948	0,0003
0,949817	-0,2945
0,950686	-0,6168
0,951555	-0,8710
0,952424	-1,0248
0,953293	-1,0962
0,954162	-1,1350
0,955031	-1,1130
0,955900	-0,9574
0,956769	-0,7187
0,957638	-0,4459
0,958507	-0,1672
0,959376	0,1306
0,960245	0,4697
0,961114	0,7462
0,961983	0,9256
0,962852	1,0389
0,963721	1,1148
0,964590	1,1289
0,965459	0,9995
0,966328	0,8002
0,967197	0,5679
0,968066	0,3119
0,968935	0,0031
0,969804	-0,3388
0,970673	-0,6070
0,971542	-0,8148
0,972411	-0,9989
0,973280	-1,1313
0,974149	-1,1609
0,975018	-1,0404
0,975887	-0,9009
0,976756	-0,7334
0,977625	-0,4791
0,978494	-0,1462
0,979363	0,1819
0,980232	0,4291
0,981101	0,6879
0,981970	0,9394
0,982839	1,0852
0,983708	1,0962
0,984577	1,0468
0,985446	0,9897
0,986315	0,8280
0,987184	0,5655
0,988053	0,2557
0,988922	-0,0177
0,989791	-0,2963
0,990660	-0,6131
0,991529	-0,8570
0,992398	-0,9983
0,993267	-1,0755
0,994136	-1,1386
0,995005	-1,0843
0,995874	-0,8963
0,996743	-0,6955
0,997612	-0,4624
0,998481	-0,1743
0,999350	0,1746
1,000219	0,4544
1,001088	0,6763
1,001957	0,9043
1,002826	1,0709
1,003695	1,1060
1,004564	1,0321
1,005433	0,9607
1,006302	0,8170
1,007171	0,5585
1,008040	0,2466
1,008909	-0,0308
1,009778	-0,2988
1,010647	-0,6116
1,011516	-0,8509
1,012385	-0,9854
1,013254	-1,0724
1,014123	-1,1319
1,014992	-1,0581
1,015861	-0,8765
1,016730	-0,6946
1,017599	-0,4627
1,018468	-0,1471
1,019337	0,1837
1,020206	0,4221
1,021075	0,6766
1,021944	0,9195
1,022813	1,0385
1,023682	1,0431
1,024551	1,0334
1,025420	0,9696
1,026289	0,7678
1,027158	0,5112
1,028027	0,2634
1,028896	-0,0204
1,029765	-0,3522
1,030634	-0,6003
1,031503	-0,7996
1,032372	-0,9995
1,033241	-1,1115
1,034110	-1,0804
1,034979	-0,9992
1,035848	-0,9134
1,036717	-0,7001
1,037586	-0,4126
1,038455	-0,1358
1,039324	0,1358
1,040193	0,4608
1,041062	0,6946
1,041931	0,8551
1,042800	0,9958
1,043669	1,0691
1,044538	0,9958
1,045407	0,8966
1,046276	0,7700
1,047145	0,5237
1,048014	0,2142
1,048883	-0,0458
1,049752	-0,3238
1,050621	-0,6238
1,051490	-0,8139
1,052359	-0,9601
1,053228	-1,0794
1,054097	-1,0907
1,054966	-0,9784
1,055835	-0,8795
1,056704	-0,6900
1,057573	-0,4001
1,058442	-0,1056
1,059311	0,1386
1,060180	0,4337
1,061049	0,6681
1,061918	0,8298
1,062787	0,9812
1,063656	1,0562
1,064525	0,9784
1,065394	0,8820
1,066263	0,7410
1,067132	0,4816
1,068001	0,1965
1,068870	-0,0485
1,069739	-0,3449
1,070608	-0,6143
1,071477	-0,7935
1,072346	-0,9687
1,073215	-1,0837
1,074084	-1,0373
1,074953	-0,9641
1,075822	-0,8683
1,076691	-0,6424
1,077560	-0,3851
1,078429	-0,1437
1,079298	0,1688
1,080167	0,4498
1,081036	0,6473
1,081905	0,8661
1,082774	0,9931
1,083643	0,9821
1,084512	0,9735
1,085381	0,8985
1,086250	0,6949
1,087119	0,4770
1,087988	0,2457
1,088857	-0,0781
1,089726	-0,3339
1,090595	-0,5588
1,091464	-0,8127
1,092333	-0,9461
1,093202	-0,9851
1,094071	-1,0294
1,094940	-0,9400
1,095809	-0,7807
1,096678	-0,6269
1,097547	-0,3671
1,098416	-0,0623
1,099285	0,1694
1,100154	0,4541
1,101023	0,6864
1,101892	0,8341
1,102761	0,9760
1,103630	1,0224
1,104499	0,9433
1,105368	0,8908
1,106237	0,7086
1,107106	0,4587
1,107975	0,2274
1,108844	-0,0522
1,109713	-0,3235
1,110582	-0,5200
1,111451	-0,7682
1,112320	-0,9207
1,113189	-0,9552
1,114058	-0,9897
1,114927	-0,8914
1,115796	-0,7349
1,116665	-0,5857
1,117534	-0,3284
1,118403	-0,0479
1,119272	0,1737
1,120141	0,4599
1,121010	0,6565
1,121879	0,8161
1,122748	0,9589
1,123617	0,9442
1,124486	0,9088
1,125355	0,8295
1,126224	0,6348
1,127093	0,4346
1,127962	0,1898
1,128831	-0,1184
1,129700	-0,3247
1,130569	-0,5847
1,131438	-0,7801
1,132307	-0,8914
1,133176	-0,9961
1,134045	-0,9784
1,134914	-0,8841
1,135783	-0,7904
1,136652	-0,5731
1,137521	-0,3378
1,138390	-0,1022
1,139259	0,1859
1,140128	0,3748
1,140997	0,6168
1,141866	0,7984
1,142735	0,8618
1,143604	0,9220
1,144473	0,8499
1,145342	0,7413
1,146211	0,6125
1,147080	0,3711
1,147949	0,1462
1,148818	-0,1025
1,149687	-0,3742
1,150556	-0,5512
1,151425	-0,7715
1,152294	-0,8863
1,153163	-0,9165
1,154032	-0,9464
1,154901	-0,8191
1,155770	-0,7154
1,156639	-0,5335
1,157508	-0,2765
1,158377	-0,0598
1,159246	0,2310
1,160115	0,4288
1,160984	0,6281
1,161853	0,8124
1,162722	0,8649
1,163591	0,9250
1,164460	0,8600
1,165329	0,7480
1,166198	0,6207
1,167067	0,3900
1,167936	0,1849
1,168805	-0,0842
1,169674	-0,3207
1,170543	-0,5084
1,171412	-0,7163
1,172281	-0,7959
1,173150	-0,8731
1,174019	-0,8551
1,174888	-0,7685
1,175757	-0,6760
1,176626	-0,4721
1,177495	-0,2805
1,178364	-0,0238
1,179233	0,2133
1,180102	0,3912
1,180971	0,5918
1,181840	0,7044
1,182709	0,8170
1,183578	0,8151
1,184447	0,7620
1,185316	0,6702
1,186185	0,4917
1,187054	0,3299
1,187923	0,0745
1,188792	-0,1425
1,189661	-0,3610
1,190530	-0,5664
1,191399	-0,7059
1,192268	-0,8484
1,193137	-0,8469
1,194006	-0,8542
1,194875	-0,7547
1,195744	-0,6253
1,196613	-0,4767
1,197482	-0,2289
1,198351	-0,0305
1,199220	0,2353
1,200089	0,3977
1,200958	0,5942
1,201827	0,7294
1,202696	0,7865
1,203565	0,8298
1,204434	0,7376
1,205303	0,6766
1,206172	0,5100
1,207041	0,3500
1,207910	0,1184
1,208779	-0,1114
1,209648	-0,3015
1,210517	-0,4984
1,211386	-0,6211
1,212255	-0,7550
1,213124	-0,7556
1,213993	-0,7718
1,214862	-0,6778
1,215731	-0,5744
1,216600	-0,4120
1,217469	-0,1990
1,218338	-0,0168
1,219207	0,2020
1,220076	0,3470
1,220945	0,5405
1,221814	0,6333
1,222683	0,7147
1,223552	0,6858
1,224421	0,6534
1,225290	0,5493
1,226159	0,4157
1,227028	0,2622
1,227897	0,0369
1,228766	-0,1419
1,229635	-0,3534
1,230504	-0,4727
1,231373	-0,6250
1,232242	-0,6824
1,233111	-0,7367
1,233980	-0,6867
1,234849	-0,6198
1,235718	-0,4855
1,236587	-0,3369
1,237456	-0,1654
1,238325	0,0452
1,239194	0,2155
1,240063	0,3998
1,240932	0,5173
1,241801	0,6537
1,242670	0,6677
1,243539	0,6931
1,244408	0,6085
1,245277	0,5426
1,246146	0,3842
1,247015	0,2426
1,247884	0,0311
1,248753	-0,1437
1,249622	-0,3229
1,250491	-0,4596
1,251360	-0,5887
1,252229	-0,6690
1,253098	-0,6821
1,253967	-0,6619
1,254836	-0,5786
1,255705	-0,4862
1,256574	-0,3262
1,257443	-0,1788
1,258312	0,0244
1,259181	0,1727
1,260050	0,3394
1,260919	0,4434
1,261788	0,5664
1,262657	0,5875
1,263526	0,6131
1,264395	0,5322
1,265264	0,4767
1,266133	0,3452
1,267002	0,2277
1,267871	0,0327
1,268740	-0,1108
1,269609	-0,2792
1,270478	-0,3742
1,271347	-0,5020
1,272216	-0,5466
1,273085	-0,5841
1,273954	-0,5393
1,274823	-0,5014
1,275692	-0,3809
1,276561	-0,2820
1,277430	-0,1279
1,278299	0,0015
1,279168	0,1740
1,280037	0,2765
1,280906	0,4001
1,281775	0,4563
1,282644	0,5118
1,283513	0,4834
1,284382	0,4672
1,285251	0,3763
1,286120	0,2881
1,286989	0,1422
1,287858	0,0131
1,288727	-0,1425
1,289596	-0,2432
1,290465	-0,3711
1,291334	-0,4453
1,292203	-0,5148
1,293072	-0,4932
1,293941	-0,4877
1,294810	-0,4086
1,295679	-0,3442
1,296548	-0,2136
1,297417	-0,0977
1,298286	0,0598
1,299155	0,1642
1,300024	0,2789
1,300893	0,3540
1,301762	0,4416
1,302631	0,4483
1,303500	0,4477
1,304369	0,3885
1,305238	0,3336
1,306107	0,2332
1,306976	0,1294
1,307845	-0,0125
1,308714	-0,1340
1,309583	-0,2438
1,310452	-0,3259
1,311321	-0,3995
1,312190	-0,4495
1,313059	-0,4486
1,313928	-0,4239
1,314797	-0,3534
1,315666	-0,2905
1,316535	-0,1865
1,317404	-0,0943
1,318273	0,0418
1,319142	0,1355
1,320011	0,2365
1,320880	0,2945
1,321749	0,3632
1,322618	0,3732
1,323487	0,3769
1,324356	0,3323
1,325225	0,2811
1,326094	0,2005
1,326963	0,1175
1,327832	0,0018
1,328701	-0,1059
1,329570	-0,1944
1,330439	-0,2771
1,331308	-0,3357
1,332177	-0,3854
1,333046	-0,3784
1,333915	-0,3720
1,334784	-0,3098
1,335653	-0,2567
1,336522	-0,1639
1,337391	-0,0855
1,338260	0,0293
1,339129	0,1144
1,339998	0,1962
1,340867	0,2567
1,341736	0,3122
1,342605	0,3314
1,343474	0,3195
1,344343	0,2973
1,345212	0,2396
1,346081	0,1889
1,346950	0,0949
1,347819	0,0085
1,348688	-0,0928
1,349557	-0,1575
1,350426	-0,2362
1,351295	-0,2850
1,352164	-0,3287
1,353033	-0,3290
1,353902	-0,3140
1,354771	-0,2774
1,355640	-0,2213
1,356509	-0,1703
1,357378	-0,0790
1,358247	-0,0034
1,359116	0,0864
1,359985	0,1355
1,360854	0,2042
1,361723	0,2399
1,362592	0,2689
1,363461	0,2606
1,364330	0,2435
1,365199	0,2152
1,366068	0,1596
1,366937	0,1068
1,367806	0,0198
1,368675	-0,0494
1,369544	-0,1218
1,370413	-0,1700
1,371282	-0,2341
1,372151	-0,2649
1,373020	-0,2792
1,373889	-0,2649
1,374758	-0,2402
1,375627	-0,1987
1,376496	-0,1492
1,377365	-0,0848
1,378234	-0,0037
1,379103	0,0568
1,379972	0,1172
1,380841	0,1611
1,381710	0,2130
1,382579	0,2283
1,383448	0,2301
1,384317	0,2142
1,385186	0,1856
1,386055	0,1444
1,386924	0,0842
1,387793	0,0220
1,388662	-0,0568
1,389531	-0,1056
1,390400	-0,1639
1,391269	-0,2078
1,392138	-0,2512
1,393007	-0,2460
1,393876	-0,2417
1,394745	-0,2194
1,395614	-0,1819
1,396483	-0,1404
1,397352	-0,0760
1,398221	-0,0186
1,399090	0,0501
1,399959	0,0882
1,400828	0,1410
1,401697	0,1764
1,402566	0,1965
1,403435	0,1975
1,404304	0,1874
1,405173	0,1682
1,406042	0,1337
1,406911	0,0934
1,407780	0,0299
1,408649	-0,0214
1,409518	-0,0775
1,410387	-0,1181
1,411256	-0,1703
1,412125	-0,2057
1,412994	-0,2194
1,413863	-0,2170
1,414732	-0,1965
1,415601	-0,1785
1,416470	-0,1294
1,417339	-0,0903
1,418208	-0,0214
1,419077	0,0305
1,419946	0,0763
1,420815	0,1178
1,421684	0,1599
1,422553	0,1794
1,423422	0,1788
1,424291	0,1761
1,425160	0,1538
1,426029	0,1239
1,426898	0,0769
1,427767	0,0229
1,428636	-0,0421
1,429505	-0,0861
1,430374	-0,1303
1,431243	-0,1764
1,432112	-0,2063
1,432981	-0,2161
1,433850	-0,2026
1,434719	-0,1953
1,435588	-0,1581
1,436457	-0,1303
1,437326	-0,0781
1,438195	-0,0217
1,439064	0,0339
1,439933	0,0739
1,440802	0,1123
1,441671	0,1553
1,442540	0,1712
1,443409	0,1770
1,444278	0,1633
1,445147	0,1492
1,446016	0,1306
1,446885	0,0861
1,447754	0,0333
1,448623	-0,0220
1,449492	-0,0613
1,450361	-0,1053
1,451230	-0,1444
1,452099	-0,1849
1,452968	-0,1929
1,453837	-0,1953
1,454706	-0,1813
1,455575	-0,1596
1,456444	-0,1349
1,457313	-0,0922
1,458182	-0,0320
1,459051	0,0259
1,459920	0,0589
1,460789	0,1056
1,461658	0,1401
1,462527	0,1669
1,463396	0,1675
1,464265	0,1569
1,465134	0,1398
1,466003	0,1144
1,466872	0,0793
1,467741	0,0201
1,468610	-0,0320
1,469479	-0,0833
1,470348	-0,1151
1,471217	-0,1657
1,472086	-0,1923
1,472955	-0,2075
1,473824	-0,1984
1,474693	-0,1828
1,475562	-0,1605
1,476431	-0,1218
1,477300	-0,0818
1,478169	-0,0208
1,479038	0,0272
1,479907	0,0702
1,480776	0,1035
1,481645	0,1453
1,482514	0,1617
1,483383	0,1636
1,484252	0,1627
1,485121	0,1395
1,485990	0,1196
1,486859	0,0818
1,487728	0,0360
1,488597	-0,0198
1,489466	-0,0595
1,490335	-0,0967
1,491204	-0,1410
1,492073	-0,1712
1,492942	-0,1886
1,493811	-0,1822
1,494680	-0,1788
1,495549	-0,1520
1,496418	-0,1303
1,497287	-0,0873
1,498156	-0,0348
1,499025	0,0223
1,499894	0,0607
1,500763	0,0977
1,501632	0,1398
1,502501	0,1563
1,503370	0,1663
1,504239	0,1526
1,505108	0,1407
1,505977	0,1077
1,506846	0,0766
1,507715	0,0232
1,508584	-0,0323
1,509453	-0,0787
1,510322	-0,1190
1,511191	-0,1572
1,512060	-0,1935
1,512929	-0,1978
1,513798	-0,1971
1,514667	-0,1749
1,515536	-0,1535
1,516405	-0,1196
1,517274	-0,0818
1,518143	-0,0235
1,519012	0,0323
1,519881	0,0659
1,520750	0,1093
1,521619	0,1410
1,522488	0,1651
1,523357	0,1605
1,524226	0,1602
1,525095	0,1410
1,525964	0,1169
1,526833	0,0830
1,527702	0,0299
1,528571	-0,0150
1,529440	-0,0638
1,530309	-0,0955
1,531178	-0,1425
1,532047	-0,1688
1,532916	-0,1852
1,533785	-0,1834
1,534654	-0,1761
1,535523	-0,1578
1,536392	-0,1267
1,537261	-0,0961
1,538130	-0,0333
1,538999	0,0140
1,539868	0,0592
1,540737	0,0955
1,541606	0,1404
1,542475	0,1547
1,543344	0,1590
1,544213	0,1566
1,545082	0,1364
1,545951	0,1181
1,546820	0,0687
1,547689	0,0272
1,548558	-0,0330
1,549427	-0,0739
1,550296	-0,1172
1,551165	-0,1578
1,552034	-0,1871
1,552903	-0,1987
1,553772	-0,1910
1,554641	-0,1810
1,555510	-0,1511
1,556379	-0,1236
1,557248	-0,0714
1,558117	-0,0238
1,558986	0,0311
1,559855	0,0674
1,560724	0,1068
1,561593	0,1450
1,562462	0,1590
1,563331	0,1657
1,564200	0,1544
1,565069	0,1398
1,565938	0,1099
1,566807	0,0848
1,567676	0,0311
1,568545	-0,0201
1,569414	-0,0610
1,570283	-0,0995
1,571152	-0,1386
1,572021	-0,1746
1,572890	-0,1785
1,573759	-0,1856
1,574628	-0,1746
1,575497	-0,1559
1,576366	-0,1276
1,577235	-0,0891
1,578104	-0,0375
1,578973	0,0165
1,579842	0,0501
1,580711	0,0967
1,581580	0,1321
1,582449	0,1630
1,583318	0,1584
1,584187	0,1544
1,585056	0,1398
1,585925	0,1147
1,586794	0,0787
1,587663	0,0232
1,588532	-0,0284
1,589401	-0,0781
1,590270	-0,1099
1,591139	-0,1602
1,592008	-0,1898
1,592877	-0,2008
1,593746	-0,1932
1,594615	-0,1798
1,595484	-0,1566
1,596353	-0,1218
1,597222	-0,0812
1,598091	-0,0180
1,598960	0,0293
1,599829	0,0723
1,600698	0,1044
1,601567	0,1465
1,602436	0,1654
1,603305	0,1645
1,604174	0,1596
1,605043	0,1355
1,605912	0,1166
1,606781	0,0775
1,607650	0,0336
1,608519	-0,0247
1,609388	-0,0623
1,610257	-0,0995
1,611126	-0,1413
1,611995	-0,1727
1,612864	-0,1892
1,613733	-0,1810
1,614602	-0,1773
1,615471	-0,1529
1,616340	-0,1297
1,617209	-0,0870
1,618078	-0,0412
1,618947	0,0134
1,619816	0,0507
1,620685	0,0891
1,621554	0,1340
1,622423	0,1535
1,623292	0,1599
1,624161	0,1517
1,625030	0,1416
1,625899	0,1163
1,626768	0,0842
1,627637	0,0275
1,628506	-0,0284
1,629375	-0,0723
1,630244	-0,1117
1,631113	-0,1505
1,631982	-0,1895
1,632851	-0,1953
1,633720	-0,1959
1,634589	-0,1770
1,635458	-0,1547
1,636327	-0,1248
1,637196	-0,0778
1,638065	-0,0244
1,638934	0,0320
1,639803	0,0662
1,640672	0,1083
1,641541	0,1401
1,642410	0,1697
1,643279	0,1639
1,644148	0,1611
1,645017	0,1410
1,645886	0,1175
1,646755	0,0830
1,647624	0,0336
1,648493	-0,0168
1,649362	-0,0668
1,650231	-0,0974
1,651100	-0,1425
1,651969	-0,1694
1,652838	-0,1883
1,653707	-0,1849
1,654576	-0,1737
1,655445	-0,1578
1,656314	-0,1309
1,657183	-0,0970
1,658052	-0,0409
1,658921	0,0067
1,659790	0,0501
1,660659	0,0861
1,661528	0,1288
1,662397	0,1532
1,663266	0,1621
1,664135	0,1572
1,665004	0,1434
1,665873	0,1224
1,666742	0,0818
1,667611	0,0351
1,668480	-0,0259
1,669349	-0,0687
1,670218	-0,1083
1,671087	-0,1508
1,671956	-0,1834
1,672825	-0,1993
1,673694	-0,1914
1,674563	-0,1849
1,675432	-0,1535
1,676301	-0,1257
1,677170	-0,0806
1,678039	-0,0284
1,678908	0,0293
1,679777	0,0678
1,680646	0,1038
1,681515	0,1440
1,682384	0,1624
1,683253	0,1685
1,684122	0,1614
1,684991	0,1483
1,685860	0,1181
1,686729	0,0873
1,687598	0,0348
1,688467	-0,0192
1,689336	-0,0620
1,690205	-0,1016
1,691074	-0,1386
1,691943	-0,1770
1,692812	-0,1862
1,693681	-0,1886
1,694550	-0,1767
1,695419	-0,1596
1,696288	-0,1337
1,697157	-0,0961
1,698026	-0,0485
1,698895	0,0073
1,699764	0,0409
1,700633	0,0864
1,701502	0,1251
1,702371	0,1550
1,703240	0,1596
1,704109	0,1590
1,704978	0,1431
1,705847	0,1193
1,706716	0,0891
1,707585	0,0357
1,708454	-0,0146
1,709323	-0,0681
1,710192	-0,1004
1,711061	-0,1492
1,711930	-0,1807
1,712799	-0,1965
1,713668	-0,1968
1,714537	-0,1846
1,715406	-0,1605
1,716275	-0,1233
1,717144	-0,0879
1,718013	-0,0275
1,718882	0,0229
1,719751	0,0668
1,720620	0,1010
1,721489	0,1404
1,722358	0,1654
1,723227	0,1648
1,724096	0,1642
1,724965	0,1447
1,725834	0,1248
1,726703	0,0845
1,727572	0,0400
1,728441	-0,0168
1,729310	-0,0601
1,730179	-0,0986
1,731048	-0,1419
1,731917	-0,1730
1,732786	-0,1904
1,733655	-0,1862
1,734524	-0,1843
1,735393	-0,1532
1,736262	-0,1379
1,737131	-0,0989
1,738000	-0,0501
1,738869	0,0021
1,739738	0,0427
1,740607	0,0778
1,741476	0,1263
1,742345	0,1471
1,743214	0,1621
1,744083	0,1559
1,744952	0,1471
1,745821	0,1209
1,746690	0,0900
1,747559	0,0427
1,748428	-0,0153
1,749297	-0,0595
1,750166	-0,1028
1,751035	-0,1410
1,751904	-0,1810
1,752773	-0,1926
1,753642	-0,1941
1,754511	-0,1819
1,755380	-0,1593
1,756249	-0,1291
1,757118	-0,0870
1,757987	-0,0348
1,758856	0,0244
1,759725	0,0595
1,760594	0,1047
1,761463	0,1407
1,762332	0,1679
1,763201	0,1685
1,764070	0,1639
1,764939	0,1566
1,765808	0,1285
1,766677	0,0931
1,767546	0,0369
1,768415	-0,0116
1,769284	-0,0632
1,770153	-0,0958
1,771022	-0,1425
1,771891	-0,1749
1,772760	-0,1868
1,773629	-0,1926
1,774498	-0,1816
1,775367	-0,1666
1,776236	-0,1355
1,777105	-0,1071
1,777974	-0,0494
1,778843	-0,0009
1,779712	0,0397
1,780581	0,0797
1,781450	0,1199
1,782319	0,1483
1,783188	0,1584
1,784057	0,1621
1,784926	0,1468
1,785795	0,1303
1,786664	0,0955
1,787533	0,0467
1,788402	-0,0107
1,789271	-0,0580
1,790140	-0,0961
1,791009	-0,1434
1,791878	-0,1764
1,792747	-0,1962
1,793616	-0,1910
1,794485	-0,1852
1,795354	-0,1584
1,796223	-0,1352
1,797092	-0,0897
1,797961	-0,0354
1,798830	0,0186
1,799699	0,0616
1,800568	0,0967
1,801437	0,1428
1,802306	0,1572
1,803175	0,1688
1,804044	0,1621
1,804913	0,1526
1,805782	0,1227
1,806651	0,0964
1,807520	0,0412
1,808389	-0,0143
1,809258	-0,0571
1,810127	-0,0989
1,810996	-0,1379
1,811865	-0,1773
1,812734	-0,1868
1,813603	-0,1953
1,814472	-0,1837
1,815341	-0,1630
1,816210	-0,1413
1,817079	-0,1025
1,817948	-0,0552
1,818817	-0,0006
1,819686	0,0339
1,820555	0,0787
1,821424	0,1175
1,822293	0,1511
1,823162	0,1559
1,824031	0,1581
1,824900	0,1538
1,825769	0,1291
1,826638	0,0998
1,827507	0,0449
1,828376	-0,0021
1,829245	-0,0574
1,830114	-0,0919
1,830983	-0,1398
1,831852	-0,1770
1,832721	-0,1923
1,833590	-0,1956
1,834459	-0,1810
1,835328	-0,1645
1,836197	-0,1300
1,837066	-0,0937
1,837935	-0,0354
1,838804	0,0162
1,839673	0,0598
1,840542	0,0967
1,841411	0,1379
1,842280	0,1648
1,843149	0,1660
1,844018	0,1645
1,844887	0,1434
1,845756	0,1303
1,846625	0,0870
1,847494	0,0415
1,848363	-0,0128
1,849232	-10,0000
1,850101	-10,0000
1,850970	-10,0000
1,851839	-10,0000
1,852708	-10,0000
1,853577	-10,0000
1,854446	-10,0000
1,855315	-10,0000
1,856184	-10,0000
1,857053	-10,0000
1,857922	-10,0000
1,858791	-10,0000
1,859660	-10,0000
1,860529	-10,0000
1,861398	-10,0000
1,862267	-10,0000
1,863136	-10,0000
1,864005	-10,0000
1,864874	-10,0000
1,865743	-10,0000
1,866612	-10,0000
1,867481	-10,0000
1,868350	-10,0000
1,869219	-10,0000
1,870088	-10,0000
1,870957	-10,0000
1,871826	-10,0000
1,872695	-10,0000
1,873564	-10,0000
1,874433	-10,0000
1,875302	-10,0000
1,876171	-10,0000
1,877040	-10,0000
1,877909	-10,0000
1,878778	-10,0000
1,879647	-10,0000
1,880516	-10,0000
1,881385	-10,0000
1,882254	-10,0000
1,883123	-10,0000
1,883992	-10,0000
1,884861	-10,0000
1,885730	-10,0000
1,886599	-10,0000
1,887468	-10,0000
1,888337	-10,0000
1,889206	-10,0000
1,890075	-10,0000
1,890944	-10,0000
1,891813	-10,0000
1,892682	-10,0000
1,893551	-10,0000
1,894420	-10,0000
1,895289	-10,0000
1,896158	-10,0000
1,897027	-10,0000
1,897896	-10,0000
1,898765	-10,0000
1,899634	-10,0000
1,900503	-10,0000
1,901372	-10,0000
1,902241	-10,0000
1,903110	-10,0000
1,903979	-10,0000
1,904848	-10,0000
1,905717	-10,0000
1,906586	-10,0000
1,907455	-10,0000
1,908324	-10,0000
1,909193	-10,0000
1,910062	-10,0000
1,910931	-10,0000
1,911800	-10,0000
1,912669	-10,0000
1,913538	-10,0000
1,914407	-10,0000
1,915276	-10,0000
1,916145	-10,0000
1,917014	-10,0000
1,917883	-10,0000
1,918752	-10,0000
1,919621	-10,0000
1,920490	-10,0000
1,921359	-10,0000
1,922228	-10,0000
1,923097	-10,0000
1,923966	-10,0000
1,924835	-10,0000
1,925704	-10,0000
1,926573	-10,0000
1,927442	-10,0000
1,928311	-10,0000
1,929180	-10,0000
1,930049	-10,0000
1,930918	-10,0000
1,931787	-10,0000
1,932656	-10,0000
1,933525	-10,0000
1,934394	-10,0000
1,935263	-10,0000
1,936132	-10,0000
1,937001	-10,0000
1,937870	-10,0000
1,938739	-10,0000
1,939608	-10,0000
1,940477	-10,0000
1,941346	-10,0000
1,942215	-10,0000
1,943084	-10,0000
1,943953	-10,0000
1,944822	-10,0000
1,945691	-10,0000
1,946560	-10,0000
1,947429	-10,0000
1,948298	-10,0000
1,949167	-10,0000
1,950036	-10,0000
1,950905	-10,0000
1,951774	-10,0000
1,952643	-10,0000
1,953512	-10,0000
1,954381	-10,0000
1,955250	-10,0000
1,956119	-10,0000
1,956988	-10,0000
1,957857	-10,0000
1,958726	-10,0000
1,959595	-10,0000
1,960464	-10,0000
1,961333	-10,0000
1,962202	-10,0000
1,963071	-10,0000
1,963940	-10,0000
1,964809	-10,0000
1,965678	-10,0000
1,966547	-10,0000
1,967416	-10,0000
1,968285	-10,0000
1,969154	-10,0000
1,970023	-10,0000
1,970892	-10,0000
1,971761	-10,0000
1,972630	-10,0000
1,973499	-10,0000
1,974368	-10,0000
1,975237	-10,0000
1,976106	-10,0000
1,976975	-10,0000
1,977844	-10,0000
1,978713	-10,0000
1,979582	-10,0000
1,980451	-10,0000
1,981320	-10,0000
1,982189	-10,0000
1,983058	-10,0000
1,983927	-10,0000
1,984796	-10,0000
1,985665	-10,0000
1,986534	-10,0000
1,987403	-10,0000
1,988272	-10,0000
1,989141	-10,0000
1,990010	-10,0000
1,990879	-10,0000
1,991748	-10,0000
1,992617	-10,0000
1,993486	-10,0000
1,994355	-10,0000
1,995224	-10,0000
1,996093	-10,0000
1,996962	-10,0000
1,997831	-10,0000
1,998700	-10,0000
1,999569	-10,0000
2,000438	-10,0000
2,001307	-10,0000
2,002176	-10,0000
2,003045	-10,0000
2,003914	-10,0000
2,004783	-10,0000
2,005652	-10,0000
2,006521	-10,0000
2,007390	-10,0000
2,008259	-10,0000
2,009128	-10,0000
2,009997	-10,0000
2,010866	-10,0000
2,011735	-10,0000
2,012604	-10,0000
2,013473	-10,0000
2,014342	-10,0000
2,015211	-10,0000
2,016080	-10,0000
2,016949	-10,0000
2,017818	-10,0000
2,018687	-10,0000
2,019556	-10,0000
2,020425	-10,0000
2,021294	-10,0000
2,022163	-10,0000
2,023032	-10,0000
2,023901	-10,0000
2,024770	-10,0000
2,025639	-10,0000
2,026508	-10,0000
2,027377	-10,0000
2,028246	-10,0000
2,029115	-10,0000
2,029984	-10,0000
2,030853	-10,0000
2,031722	-10,0000
2,032591	-10,0000
2,033460	-10,0000
2,034329	-10,0000
2,035198	-10,0000
2,036067	-10,0000
2,036936	-10,0000
2,037805	-10,0000
2,038674	-10,0000
2,039543	-10,0000
2,040412	-10,0000
2,041281	-10,0000
2,042150	-10,0000
2,043019	-10,0000
2,043888	-10,0000
2,044757	-10,0000
2,045626	-10,0000
2,046495	-10,0000
2,047364	-10,0000
2,048233	-10,0000
2,049102	-10,0000
2,049971	-10,0000
2,050840	-10,0000
2,051709	-10,0000
2,052578	-10,0000
2,053447	-10,0000
2,054316	-10,0000
2,055185	-10,0000
2,056054	-10,0000
2,056923	-10,0000
2,057792	-10,0000
2,058661	-10,0000
2,059530	-10,0000
2,060399	-10,0000
2,061268	-10,0000
2,062137	-10,0000
2,063006	-10,0000
2,063875	-10,0000
2,064744	-10,0000
2,065613	-10,0000
2,066482	-10,0000
2,067351	-10,0000
2,068220	-10,0000
2,069089	-10,0000
2,069958	-10,0000
2,070827	-10,0000
2,071696	-10,0000
2,072565	-10,0000
2,073434	-10,0000
2,074303	-10,0000
2,075172	-10,0000
2,076041	-10,0000
2,076910	-10,0000
2,077779	-10,0000
2,078648	-10,0000
2,079517	-10,0000
2,080386	-10,0000
2,081255	-10,0000
2,082124	-10,0000
2,082993	-10,0000
2,083862	-10,0000
2,084731	-10,0000
2,085600	-10,0000
2,086469	-10,0000
2,087338	-10,0000
2,088207	-10,0000
2,089076	-10,0000
2,089945	-10,0000
2,090814	-10,0000
2,091683	-10,0000
2,092552	-10,0000
2,093421	-10,0000
2,094290	-10,0000
2,095159	-10,0000
2,096028	-10,0000
2,096897	-10,0000
2,097766	-10,0000
2,098635	-10,0000
2,099504	-10,0000
2,100373	-10,0000
2,101242	-10,0000
2,102111	-10,0000
2,102980	-10,0000
2,103849	-10,0000
2,104718	-10,0000
2,105587	-10,0000
2,106456	-10,0000
2,107325	-10,0000
2,108194	-10,0000
2,109063	-10,0000
2,109932	-10,0000
2,110801	-10,0000
2,111670	-10,0000
2,112539	-10,0000
2,113408	-10,0000
2,114277	-10,0000
2,115146	-10,0000
2,116015	-10,0000
2,116884	-10,0000
2,117753	-10,0000
2,118622	-10,0000
2,119491	-10,0000
2,120360	-10,0000
2,121229	-10,0000
2,122098	-10,0000
2,122967	-10,0000
2,123836	-10,0000
2,124705	-10,0000
2,125574	-10,0000
2,126443	-10,0000
2,127312	-10,0000
2,128181	-10,0000
2,129050	-10,0000
2,129919	-10,0000
2,130788	-10,0000
2,131657	-10,0000
2,132526	-10,0000
2,133395	-10,0000
2,134264	-10,0000
2,135133	-10,0000
2,136002	-10,0000
2,136871	-10,0000
2,137740	-10,0000
2,138609	-10,0000
2,139478	-10,0000
2,140347	-10,0000
2,141216	-10,0000
2,142085	-10,0000
2,142954	-10,0000
2,143823	-10,0000
2,144692	-10,0000
2,145561	-10,0000
2,146430	-10,0000
2,147299	-10,0000
2,148168	-10,0000
2,149037	-10,0000
2,149906	-10,0000
2,150775	-10,0000
2,151644	-10,0000
2,152513	-10,0000
2,153382	-10,0000
2,154251	-10,0000
2,155120	-10,0000
2,155989	-10,0000
2,156858	-10,0000
2,157727	-10,0000
2,158596	-10,0000
2,159465	-10,0000
2,160334	-10,0000
2,161203	-10,0000
2,162072	-10,0000
2,162941	-10,0000
2,163810	-10,0000
2,164679	-10,0000
2,165548	-10,0000
2,166417	-10,0000
2,167286	-10,0000
2,168155	-10,0000
2,169024	-10,0000
2,169893	-10,0000
2,170762	-10,0000
2,171631	-10,0000
2,172500	-10,0000
2,173369	-10,0000
2,174238	-10,0000
2,175107	-10,0000
2,175976	-10,0000
2,176845	-10,0000
2,177714	-10,0000
2,178583	-10,0000
2,179452	-10,0000
2,180321	-10,0000
2,181190	-10,0000
2,182059	-10,0000
2,182928	-10,0000
2,183797	-10,0000
2,184666	-10,0000
2,185535	-10,0000
2,186404	-10,0000
2,187273	-10,0000
2,188142	-10,0000
2,189011	-10,0000
2,189880	-10,0000
2,190749	-10,0000
2,191618	-10,0000
2,192487	-10,0000
2,193356	-10,0000
2,194225	-10,0000
2,195094	-10,0000
2,195963	-10,0000
2,196832	-10,0000
2,197701	-10,0000
2,198570	-10,0000
2,199439	-10,0000
2,200308	-10,0000
2,201177	-10,0000
2,202046	-10,0000
2,202915	-10,0000
2,203784	-10,0000
2,204653	-10,0000
2,205522	-10,0000
2,206391	-10,0000
2,207260	-10,0000
2,208129	-10,0000
2,208998	-10,0000
2,209867	-10,0000
2,210736	-10,0000
2,211605	-10,0000
2,212474	-10,0000
2,213343	-10,0000
2,214212	-10,0000
2,215081	-10,0000
2,215950	-10,0000
2,216819	-10,0000
2,217688	-10,0000
2,218557	-10,0000
2,219426	-10,0000
2,220295	-10,0000
2,221164	-10,0000
2,222033	-10,0000
2,222902	-10,0000
2,223771	-10,0000
2,224640	-10,0000
2,225509	-10,0000
2,226378	-10,0000
2,227247	-10,0000
2,228116	-10,0000
2,228985	-10,0000
2,229854	-10,0000
2,230723	-10,0000
2,231592	-10,0000
2,232461	-10,0000
2,233330	-10,0000
2,234199	-10,0000
2,235068	-10,0000
2,235937	-10,0000
2,236806	-10,0000
2,237675	-10,0000
2,238544	-10,0000
2,239413	-10,0000
2,240282	-10,0000
2,241151	-10,0000
2,242020	-10,0000
2,242889	-10,0000
2,243758	-10,0000
2,244627	-10,0000
2,245496	-10,0000
2,246365	-10,0000
2,247234	-10,0000
2,248103	-10,0000
2,248972	-10,0000
2,249841	-10,0000
2,250710	-10,0000
2,251579	-10,0000
2,252448	-10,0000
2,253317	-10,0000
2,254186	-10,0000
2,255055	-10,0000
2,255924	-10,0000
2,256793	-10,0000
2,257662	-10,0000
2,258531	-10,0000
2,259400	-10,0000
2,260269	-10,0000
2,261138	-10,0000
2,262007	-10,0000
2,262876	-10,0000
2,263745	-10,0000
2,264614	-10,0000
2,265483	-10,0000
2,266352	-10,0000
2,267221	-10,0000
2,268090	-10,0000
2,268959	-10,0000
2,269828	-10,0000
2,270697	-10,0000
2,271566	-10,0000
2,272435	-10,0000
2,273304	-10,0000
2,274173	-10,0000
2,275042	-10,0000
2,275911	-10,0000
2,276780	-10,0000
2,277649	-10,0000
2,278518	-10,0000
2,279387	-10,0000
2,280256	-10,0000
2,281125	-10,0000
2,281994	-10,0000
2,282863	-10,0000
2,283732	-10,0000
2,284601	-10,0000
2,285470	-10,0000
2,286339	-10,0000
2,287208	-10,0000
2,288077	-10,0000
2,288946	-10,0000
2,289815	-10,0000
2,290684	-10,0000
2,291553	-10,0000
2,292422	-10,0000
2,293291	-10,0000
2,294160	-10,0000
2,295029	-10,0000
2,295898	-10,0000
2,296767	-10,0000
2,297636	-10,0000
2,298505	-10,0000
2,299374	-10,0000
2,300243	-10,0000
2,301112	-10,0000
2,301981	-10,0000
2,302850	-10,0000
2,303719	-10,0000
2,304588	-10,0000
2,305457	-10,0000
2,306326	-10,0000
2,307195	-10,0000
2,308064	-10,0000
2,308933	-10,0000
2,309802	-10,0000
2,310671	-10,0000
2,311540	-10,0000
2,312409	-10,0000
2,313278	-10,0000
2,314147	-10,0000
2,315016	-10,0000
2,315885	-10,0000
2,316754	-10,0000
2,317623	-10,0000
2,318492	-10,0000
2,319361	-10,0000
2,320230	-10,0000
2,321099	-10,0000
2,321968	-10,0000
2,322837	-10,0000
2,323706	-10,0000
2,324575	-10,0000
2,325444	-10,0000
2,326313	-10,0000
2,327182	-10,0000
2,328051	-10,0000
2,328920	-10,0000
2,329789	-10,0000
2,330658	-10,0000
2,331527	-10,0000
2,332396	-10,0000
2,333265	-10,0000
2,334134	-10,0000
2,335003	-10,0000
2,335872	-10,0000
2,336741	-10,0000
2,337610	-10,0000
2,338479	-10,0000
2,339348	-10,0000
2,340217	-10,0000
2,341086	-10,0000
2,341955	-10,0000
2,342824	-10,0000
2,343693	-10,0000
2,344562	-10,0000
2,345431	-10,0000
2,346300	-10,0000
2,347169	-10,0000
2,348038	-10,0000
2,348907	-10,0000
2,349776	-10,0000
2,350645	-10,0000
2,351514	-10,0000
2,352383	-10,0000
2,353252	-10,0000
2,354121	-10,0000
2,354990	-10,0000
2,355859	-10,0000
2,356728	-10,0000
2,357597	-10,0000
2,358466	-10,0000
2,359335	-10,0000
2,360204	-10,0000
2,361073	-10,0000
2,361942	-10,0000
2,362811	-10,0000
2,363680	-10,0000
2,364549	-10,0000
2,365418	-10,0000
2,366287	-10,0000
2,367156	-10,0000
2,368025	-10,0000
2,368894	-10,0000
2,369763	-10,0000
2,370632	-10,0000
2,371501	-10,0000
2,372370	-10,0000
2,373239	-10,0000
2,374108	-10,0000
2,374977	-10,0000
2,375846	-10,0000
2,376715	-10,0000
2,377584	-10,0000
2,378453	-10,0000
2,379322	-10,0000
2,380191	-10,0000
2,381060	-10,0000
2,381929	-10,0000
2,382798	-10,0000
2,383667	-10,0000
2,384536	-10,0000
2,385405	-10,0000
2,386274	-10,0000
2,387143	-10,0000
2,388012	-10,0000
2,388881	-10,0000
2,389750	-10,0000
2,390619	-10,0000
2,391488	-10,0000
2,392357	-10,0000
2,393226	-10,0000
2,394095	-10,0000
2,394964	-10,0000
2,395833	-10,0000
2,396702	-10,0000
2,397571	-10,0000
2,398440	-10,0000
2,399309	-10,0000
2,400178	-10,0000
2,401047	-10,0000
2,401916	-10,0000
2,402785	-10,0000
2,403654	-10,0000
2,404523	-10,0000
2,405392	-10,0000
2,406261	-10,0000
2,407130	-10,0000
2,407999	-10,0000
2,408868	-10,0000
2,409737	-10,0000
2,410606	-10,0000
2,411475	-10,0000
2,412344	-10,0000
2,413213	-10,0000
2,414082	-10,0000
2,414951	-10,0000
2,415820	-10,0000
2,416689	-10,0000
2,417558	-10,0000
2,418427	-10,0000
2,419296	-10,0000
2,420165	-10,0000
2,421034	-10,0000
2,421903	-10,0000
2,422772	-10,0000
2,423641	-10,0000
2,424510	-10,0000
2,425379	-10,0000
2,426248	-10,0000
2,427117	-10,0000
2,427986	-10,0000
2,428855	-10,0000
2,429724	-10,0000
2,430593	-10,0000
2,431462	-10,0000
2,432331	-10,0000
2,433200	-10,0000
2,434069	-10,0000
2,434938	-10,0000
2,435807	-10,0000
2,436676	-10,0000
2,437545	-10,0000
2,438414	-10,0000
2,439283	-10,0000
2,440152	-10,0000
2,441021	-10,0000
2,441890	-10,0000
2,442759	-10,0000
2,443628	-10,0000
2,444497	-10,0000
2,445366	-10,0000
2,446235	-10,0000
2,447104	-10,0000
2,447973	-10,0000
2,448842	-10,0000
2,449711	-10,0000
2,450580	-10,0000
2,451449	-10,0000
2,452318	-10,0000
2,453187	-10,0000
2,454056	-10,0000
2,454925	-10,0000
2,455794	-10,0000
2,456663	-10,0000
2,457532	-10,0000
2,458401	-10,0000
2,459270	-10,0000
2,460139	-10,0000
2,461008	-10,0000
2,461877	-10,0000
2,462746	-10,0000
2,463615	-10,0000
2,464484	-10,0000
2,465353	-10,0000
2,466222	-10,0000
2,467091	-10,0000
2,467960	-10,0000
2,468829	-10,0000
2,469698	-10,0000
2,470567	-10,0000
2,471436	-10,0000
2,472305	-10,0000
2,473174	-10,0000
2,474043	-10,0000
2,474912	-10,0000
2,475781	-10,0000
2,476650	-10,0000
2,477519	-10,0000
2,478388	-10,0000
2,479257	-10,0000
2,480126	-10,0000
2,480995	-10,0000
2,481864	-10,0000
2,482733	-10,0000
2,483602	-10,0000
2,484471	-10,0000
2,485340	-10,0000
2,486209	-10,0000
2,487078	-10,0000
2,487947	-10,0000
2,488816	-10,0000
2,489685	-10,0000
2,490554	-10,0000
2,491423	-10,0000
2,492292	-10,0000
2,493161	-10,0000
2,494030	-10,0000
2,494899	-10,0000
2,495768	-10,0000
2,496637	-10,0000
2,497506	-10,0000
2,498375	-10,0000
2,499244	-10,0000
2,500113	-10,0000
2,500982	-10,0000
2,501851	-10,0000
2,502720	-10,0000
2,503589	-10,0000
2,504458	-10,0000
2,505327	-10,0000
2,506196	-10,0000
2,507065	-10,0000
2,507934	-10,0000
2,508803	-10,0000
2,509672	-10,0000
2,510541	-10,0000
2,511410	-10,0000
2,512279	-10,0000
2,513148	-10,0000
2,514017	-10,0000
2,514886	-10,0000
2,515755	-10,0000
2,516624	-10,0000
2,517493	-10,0000
2,518362	-10,0000
2,519231	-10,0000
2,520100	-10,0000
2,520969	-10,0000
2,521838	-10,0000
2,522707	-10,0000
2,523576	-10,0000
2,524445	-10,0000
2,525314	-10,0000
2,526183	-10,0000
2,527052	-10,0000
2,527921	-10,0000
2,528790	-10,0000
2,529659	-10,0000
2,530528	-10,0000
2,531397	-10,0000
2,532266	-10,0000
2,533135	-10,0000
2,534004	-10,0000
2,534873	-10,0000
2,535742	-10,0000
2,536611	-10,0000
2,537480	-10,0000
2,538349	-10,0000
2,539218	-10,0000
2,540087	-10,0000
2,540956	-10,0000
2,541825	-10,0000
2,542694	-10,0000
2,543563	-10,0000
2,544432	-10,0000
2,545301	-10,0000
2,546170	-10,0000
2,547039	-10,0000
2,547908	-10,0000
2,548777	-10,0000
2,549646	-10,0000
2,550515	-10,0000
2,551384	-10,0000
2,552253	-10,0000
2,553122	-10,0000
2,553991	-10,0000
2,554860	-10,0000
2,555729	-10,0000
2,556598	-10,0000
2,557467	-10,0000
2,558336	-10,0000
2,559205	-10,0000
2,560074	-10,0000
2,560943	-10,0000
2,561812	-10,0000
2,562681	-10,0000
2,563550	-10,0000
2,564419	-10,0000
2,565288	-10,0000
2,566157	-10,0000
2,567026	-10,0000
2,567895	-10,0000
2,568764	-10,0000
2,569633	-10,0000
2,570502	-10,0000
2,571371	-10,0000
2,572240	-10,0000
2,573109	-10,0000
2,573978	-10,0000
2,574847	-10,0000
2,575716	-10,0000
2,576585	-10,0000
2,577454	-10,0000
2,578323	-10,0000
2,579192	-10,0000
2,580061	-10,0000
2,580930	-10,0000
2,581799	-10,0000
2,582668	-10,0000
2,583537	-10,0000
2,584406	-10,0000
2,585275	-10,0000
2,586144	-10,0000
2,587013	-10,0000
2,587882	-10,0000
2,588751	-10,0000
2,589620	-10,0000
2,590489	-10,0000
2,591358	-10,0000
2,592227	-10,0000
2,593096	-10,0000
2,593965	-10,0000
2,594834	-10,0000
2,595703	-10,0000
2,596572	-10,0000
2,597441	-10,0000
2,598310	-10,0000
2,599179	-10,0000
2,600048	-10,0000
2,600917	-10,0000
2,601786	-10,0000
2,602655	-10,0000
2,603524	-10,0000
2,604393	-10,0000
2,605262	-10,0000
2,606131	-10,0000
2,607000	-10,0000
2,607869	-10,0000
2,608738	-10,0000
2,609607	-10,0000
2,610476	-10,0000
2,611345	-10,0000
2,612214	-10,0000
2,613083	-10,0000
2,613952	-10,0000
2,614821	-10,0000
2,615690	-10,0000
2,616559	-10,0000
2,617428	-10,0000
2,618297	-10,0000
2,619166	-10,0000
2,620035	-10,0000
2,620904	-10,0000
2,621773	-10,0000
2,622642	-10,0000
2,623511	-10,0000
2,624380	-10,0000
2,625249	-10,0000
2,626118	-10,0000
2,626987	-10,0000
2,627856	-10,0000
2,628725	-10,0000
2,629594	-10,0000
2,630463	-10,0000
2,631332	-10,0000
2,632201	-10,0000
2,633070	-10,0000
2,633939	-10,0000
2,634808	-10,0000
2,635677	-10,0000
2,636546	-10,0000
2,637415	-10,0000
2,638284	-10,0000
2,639153	-10,0000
2,640022	-10,0000
2,640891	-10,0000
2,641760	-10,0000
2,642629	-10,0000
2,643498	-10,0000
2,644367	-10,0000
2,645236	-10,0000
2,646105	-10,0000
2,646974	-10,0000
2,647843	-10,0000
2,648712	-10,0000
2,649581	-10,0000
2,650450	-10,0000
2,651319	-10,0000
2,652188	-10,0000
2,653057	-10,0000
2,653926	-10,0000
2,654795	-10,0000
2,655664	-10,0000
2,656533	-10,0000
2,657402	-10,0000
2,658271	-10,0000
2,659140	-10,0000
2,660009	-10,0000
2,660878	-10,0000
2,661747	-10,0000
2,662616	-10,0000
2,663485	-10,0000
2,664354	-10,0000
2,665223	-10,0000
2,666092	-10,0000
2,666961	-10,0000
2,667830	-10,0000
2,668699	-10,0000
2,669568	-10,0000
2,670437	-10,0000
2,671306	-10,0000
2,672175	-10,0000
2,673044	-10,0000
2,673913	-10,0000
2,674782	-10,0000
2,675651	-10,0000
2,676520	-10,0000
2,677389	-10,0000
2,678258	-10,0000
2,679127	-10,0000
2,679996	-10,0000
2,680865	-10,0000
2,681734	-10,0000
2,682603	-10,0000
2,683472	-10,0000
2,684341	-10,0000
2,685210	-10,0000
2,686079	-10,0000
2,686948	-10,0000
2,687817	-10,0000
2,688686	-10,0000
2,689555	-10,0000
2,690424	-10,0000
2,691293	-10,0000
2,692162	-10,0000
2,693031	-10,0000
2,693900	-10,0000
2,694769	-10,0000
2,695638	-10,0000
2,696507	-10,0000
2,697376	-10,0000
2,698245	-10,0000
2,699114	-10,0000
2,699983	-10,0000
2,700852	-10,0000
2,701721	-10,0000
2,702590	-10,0000
2,703459	-10,0000
2,704328	-10,0000
2,705197	-10,0000
2,706066	-10,0000
2,706935	-10,0000
2,707804	-10,0000
2,708673	-10,0000
2,709542	-10,0000
2,710411	-10,0000
2,711280	-10,0000
2,712149	-10,0000
2,713018	-10,0000
2,713887	-10,0000
2,714756	-10,0000
2,715625	-10,0000
2,716494	-10,0000
2,717363	-10,0000
2,718232	-10,0000
2,719101	-10,0000
2,719970	-10,0000
2,720839	-10,0000
2,721708	-10,0000
2,722577	-10,0000
2,723446	-10,0000
2,724315	-10,0000
2,725184	-10,0000
2,726053	-10,0000
2,726922	-10,0000
2,727791	-10,0000
2,728660	-10,0000
2,729529	-10,0000
2,730398	-10,0000
2,731267	-10,0000
2,732136	-10,0000
2,733005	-10,0000
2,733874	-10,0000
2,734743	-10,0000
2,735612	-10,0000
2,736481	-10,0000
2,737350	-10,0000
2,738219	-10,0000
2,739088	-10,0000
2,739957	-10,0000
2,740826	-10,0000
2,741695	-10,0000
2,742564	-10,0000
2,743433	-10,0000
2,744302	-10,0000
2,745171	-10,0000
2,746040	-10,0000
2,746909	-10,0000
2,747778	-10,0000
2,748647	-10,0000
2,749516	-10,0000
2,750385	-10,0000
2,751254	-10,0000
2,752123	-10,0000
2,752992	-10,0000
2,753861	-10,0000
2,754730	-10,0000
2,755599	-10,0000
2,756468	-10,0000
2,757337	-10,0000
2,758206	-10,0000
2,759075	-10,0000
2,759944	-10,0000
2,760813	-10,0000
2,761682	-10,0000
2,762551	-10,0000
2,763420	-10,0000
2,764289	-10,0000
2,765158	-10,0000
2,766027	-10,0000
2,766896	-10,0000
2,767765	-10,0000
2,768634	-10,0000
2,769503	-10,0000
2,770372	-10,0000
2,771241	-10,0000
2,772110	-10,0000
2,772979	-10,0000
2,773848	-10,0000
2,774717	-10,0000
2,775586	-10,0000
2,776455	-10,0000
2,777324	-10,0000
2,778193	-10,0000
2,779062	-10,0000
2,779931	-10,0000
2,780800	-10,0000
2,781669	-10,0000
2,782538	-10,0000
2,783407	-10,0000
2,784276	-10,0000
2,785145	-10,0000
2,786014	-10,0000
2,786883	-10,0000
2,787752	-10,0000
2,788621	-10,0000
2,789490	-10,0000
2,790359	-10,0000
2,791228	-10,0000
2,792097	-10,0000
2,792966	-10,0000
2,793835	-10,0000
2,794704	-10,0000
2,795573	-10,0000
2,796442	-10,0000
2,797311	-10,0000
2,798180	-10,0000
2,799049	-10,0000
2,799918	-10,0000
2,800787	-10,0000
2,801656	-10,0000
2,802525	-10,0000
2,803394	-10,0000
2,804263	-10,0000
2,805132	-10,0000
2,806001	-10,0000
2,806870	-10,0000
2,807739	-10,0000
2,808608	-10,0000
2,809477	-10,0000
2,810346	-10,0000
2,811215	-10,0000
2,812084	-10,0000
2,812953	-10,0000
2,813822	-10,0000
2,814691	-10,0000
2,815560	-10,0000
2,816429	-10,0000
2,817298	-10,0000
2,818167	-10,0000
2,819036	-10,0000
2,819905	-10,0000
2,820774	-10,0000
2,821643	-10,0000
2,822512	-10,0000
2,823381	-10,0000
2,824250	-10,0000
2,825119	-10,0000
2,825988	-10,0000
2,826857	-10,0000
2,827726	-10,0000
2,828595	-10,0000
2,829464	-10,0000
2,830333	-10,0000
2,831202	-10,0000
2,832071	-10,0000
2,832940	-10,0000
2,833809	-10,0000
2,834678	-10,0000
2,835547	-10,0000
2,836416	-10,0000
2,837285	-10,0000
2,838154	-10,0000
2,839023	-10,0000
2,839892	-10,0000
2,840761	-10,0000
2,841630	-10,0000
2,842499	-10,0000
2,843368	-10,0000
2,844237	-10,0000
2,845106	-10,0000
2,845975	-10,0000
2,846844	-10,0000
2,847713	-10,0000
2,848582	-10,0000
2,849451	-10,0000
2,850320	-10,0000
2,851189	-10,0000
2,852058	-10,0000
2,852927	-10,0000
2,853796	-10,0000
2,854665	-10,0000
2,855534	-10,0000
2,856403	-10,0000
2,857272	-10,0000
2,858141	-10,0000
2,859010	-10,0000
2,859879	-10,0000
2,860748	-10,0000
2,861617	-10,0000
2,862486	-10,0000
2,863355	-10,0000
2,864224	-10,0000
2,865093	-10,0000
2,865962	-10,0000
2,866831	-10,0000
2,867700	-10,0000
2,868569	-10,0000
2,869438	-10,0000
2,870307	-10,0000
2,871176	-10,0000
2,872045	-10,0000
2,872914	-10,0000
2,873783	-10,0000
2,874652	-10,0000
2,875521	-10,0000
2,876390	-10,0000
2,877259	-10,0000
2,878128	-10,0000
2,878997	-10,0000
2,879866	-10,0000
2,880735	-10,0000
2,881604	-10,0000
2,882473	-10,0000
2,883342	-10,0000
2,884211	-10,0000
2,885080	-10,0000
2,885949	-10,0000
2,886818	-10,0000
2,887687	-10,0000
2,888556	-10,0000
2,889425	-10,0000
2,890294	-10,0000
2,891163	-10,0000
2,892032	-10,0000
2,892901	-10,0000
2,893770	-10,0000
2,894639	-10,0000
2,895508	-10,0000
2,896377	-10,0000
2,897246	-10,0000
2,898115	-10,0000
2,898984	-10,0000
2,899853	-10,0000
2,900722	-10,0000
2,901591	-10,0000
2,902460	-10,0000
2,903329	-10,0000
2,904198	-10,0000
2,905067	-10,0000
2,905936	-10,0000
2,906805	-10,0000
2,907674	-10,0000
2,908543	-10,0000
2,909412	-10,0000
2,910281	-10,0000
2,911150	-10,0000
2,912019	-10,0000
2,912888	-10,0000
2,913757	-10,0000
2,914626	-10,0000
2,915495	-10,0000
2,916364	-10,0000
2,917233	-10,0000
2,918102	-10,0000
2,918971	-10,0000
2,919840	-10,0000
2,920709	-10,0000
2,921578	-10,0000
2,922447	-10,0000
2,923316	-10,0000
2,924185	-10,0000
2,925054	-10,0000
2,925923	-10,0000
2,926792	-10,0000
2,927661	-10,0000
2,928530	-10,0000
2,929399	-10,0000
2,930268	-10,0000
2,931137	-10,0000
2,932006	-10,0000
2,932875	-10,0000
2,933744	-10,0000
2,934613	-10,0000
2,935482	-10,0000
2,936351	-10,0000
2,937220	-10,0000
2,938089	-10,0000
2,938958	-10,0000
2,939827	-10,0000
2,940696	-10,0000
2,941565	-10,0000
2,942434	-10,0000
2,943303	-10,0000
2,944172	-10,0000
2,945041	-10,0000
2,945910	-10,0000
2,946779	-10,0000
2,947648	-10,0000
2,948517	-10,0000
2,949386	-10,0000
2,950255	-10,0000
2,951124	-10,0000
2,951993	-10,0000
2,952862	-10,0000
2,953731	-10,0000
2,954600	-10,0000
2,955469	-10,0000
2,956338	-10,0000
2,957207	-10,0000
2,958076	-10,0000
2,958945	-10,0000
2,959814	-10,0000
2,960683	-10,0000
2,961552	-10,0000
2,962421	-10,0000
2,963290	-10,0000
2,964159	-10,0000
2,965028	-10,0000
2,965897	-10,0000
2,966766	-10,0000
2,967635	-10,0000
2,968504	-10,0000
2,969373	-10,0000
2,970242	-10,0000
2,971111	-10,0000
2,971980	-10,0000
2,972849	-10,0000
2,973718	-10,0000
2,974587	-10,0000
2,975456	-10,0000
2,976325	-10,0000
2,977194	-10,0000
2,978063	-10,0000
2,978932	-10,0000
2,979801	-10,0000
2,980670	-10,0000
2,981539	-10,0000
2,982408	-10,0000
2,983277	-10,0000
2,984146	-10,0000
2,985015	-10,0000
2,985884	-10,0000
2,986753	-10,0000
2,987622	-10,0000
2,988491	-10,0000
2,989360	-10,0000
2,990229	-10,0000
2,991098	-10,0000
2,991967	-10,0000
2,992836	-10,0000
2,993705	-10,0000
2,994574	-10,0000
2,995443	-10,0000
2,996312	-10,0000
2,997181	-10,0000
2,998050	-10,0000
2,998919	-10,0000
2,999788	-10,0000
3,000657	-10,0000
3,001526	-10,0000
3,002395	-10,0000
3,003264	-10,0000
3,004133	-10,0000
3,005002	-10,0000
3,005871	-10,0000
3,006740	-10,0000
3,007609	-10,0000
3,008478	-10,0000
3,009347	-10,0000
3,010216	-10,0000
3,011085	-10,0000
3,011954	-10,0000
3,012823	-10,0000
3,013692	-10,0000
3,014561	-10,0000
3,015430	-10,0000
3,016299	-10,0000
3,017168	-10,0000
3,018037	-10,0000
3,018906	-10,0000
3,019775	-10,0000
3,020644	-10,0000
3,021513	-10,0000
3,022382	-10,0000
3,023251	-10,0000
3,024120	-10,0000
3,024989	-10,0000
3,025858	-10,0000
3,026727	-10,0000
3,027596	-10,0000
3,028465	-10,0000
3,029334	-10,0000
3,030203	-10,0000
3,031072	-10,0000
3,031941	-10,0000
3,032810	-10,0000
3,033679	-10,0000
3,034548	-10,0000
3,035417	-10,0000
3,036286	-10,0000
3,037155	-10,0000
3,038024	-10,0000
3,038893	-10,0000
3,039762	-10,0000
3,040631	-10,0000
3,041500	-10,0000
3,042369	-10,0000
3,043238	-10,0000
3,044107	-10,0000
3,044976	-10,0000
3,045845	-10,0000
3,046714	-10,0000
3,047583	-10,0000
3,048452	-10,0000
3,049321	-10,0000
3,050190	-10,0000
3,051059	-10,0000
3,051928	-10,0000
3,052797	-10,0000
3,053666	-10,0000
3,054535	-10,0000
3,055404	-10,0000
3,056273	-10,0000
3,057142	-10,0000
3,058011	-10,0000
3,058880	-10,0000
3,059749	-10,0000
3,060618	-10,0000
3,061487	-10,0000
3,062356	-10,0000
3,063225	-10,0000
3,064094	-10,0000
3,064963	-10,0000
3,065832	-10,0000
3,066701	-10,0000
3,067570	-10,0000
3,068439	-10,0000
3,069308	-10,0000
3,070177	-10,0000
3,071046	-10,0000
3,071915	-10,0000
3,072784	-10,0000
3,073653	-10,0000
3,074522	-10,0000
3,075391	-10,0000
3,076260	-10,0000
3,077129	-10,0000
3,077998	-10,0000
3,078867	-10,0000
3,079736	-10,0000
3,080605	-10,0000
3,081474	-10,0000
3,082343	-10,0000
3,083212	-10,0000
3,084081	-10,0000
3,084950	-10,0000
3,085819	-10,0000
3,086688	-10,0000
3,087557	-10,0000
3,088426	-10,0000
3,089295	-10,0000
3,090164	-10,0000
3,091033	-10,0000
3,091902	-10,0000
3,092771	-10,0000
3,093640	-10,0000
3,094509	-10,0000
3,095378	-10,0000
3,096247	-10,0000
3,097116	-10,0000
3,097985	-10,0000
3,098854	-10,0000
3,099723	-10,0000
3,100592	-10,0000
3,101461	-10,0000
3,102330	-10,0000
3,103199	-10,0000
3,104068	-10,0000
3,104937	-10,0000
3,105806	-10,0000
3,106675	-10,0000
3,107544	-10,0000
3,108413	-10,0000
3,109282	-10,0000
3,110151	-10,0000
3,111020	-10,0000
3,111889	-10,0000
3,112758	-10,0000
3,113627	-10,0000
3,114496	-10,0000
3,115365	-10,0000
3,116234	-10,0000
3,117103	-10,0000
3,117972	-10,0000
3,118841	-10,0000
3,119710	-10,0000
3,120579	-10,0000
3,121448	-10,0000
3,122317	-10,0000
3,123186	-10,0000
3,124055	-10,0000
3,124924	-10,0000
3,125793	-10,0000
3,126662	-10,0000
3,127531	-10,0000
3,128400	-10,0000
3,129269	-10,0000
3,130138	-10,0000
3,131007	-10,0000
3,131876	-10,0000
3,132745	-10,0000
3,133614	-10,0000
3,134483	-10,0000
3,135352	-10,0000
3,136221	-10,0000
3,137090	-10,0000
3,137959	-10,0000
3,138828	-10,0000
3,139697	-10,0000
3,140566	-10,0000
3,141435	-10,0000
3,142304	-10,0000
3,143173	-10,0000
3,144042	-10,0000
3,144911	-10,0000
3,145780	-10,0000
3,146649	-10,0000
3,147518	-10,0000
3,148387	-10,0000
3,149256	-10,0000
3,150125	-10,0000
3,150994	-10,0000
3,151863	-10,0000
3,152732	-10,0000
3,153601	-10,0000
3,154470	-10,0000
3,155339	-10,0000
3,156208	-10,0000
3,157077	-10,0000
3,157946	-10,0000
3,158815	-10,0000
3,159684	-10,0000
3,160553	-10,0000
3,161422	-10,0000
3,162291	-10,0000
3,163160	-10,0000
3,164029	-10,0000
3,164898	-10,0000
3,165767	-10,0000
3,166636	-10,0000
3,167505	-10,0000
3,168374	-10,0000
3,169243	-10,0000
3,170112	-10,0000
3,170981	-10,0000
3,171850	-10,0000
3,172719	-10,0000
3,173588	-10,0000
3,174457	-10,0000
3,175326	-10,0000
3,176195	-10,0000
3,177064	-10,0000
3,177933	-10,0000
3,178802	-10,0000
3,179671	-10,0000
3,180540	-10,0000
3,181409	-10,0000
3,182278	-10,0000
3,183147	-10,0000
3,184016	-10,0000
3,184885	-10,0000
3,185754	-10,0000
3,186623	-10,0000
3,187492	-10,0000
3,188361	-10,0000
3,189230	-10,0000
3,190099	-10,0000
3,190968	-10,0000
3,191837	-10,0000
3,192706	-10,0000
3,193575	-10,0000
3,194444	-10,0000
3,195313	-10,0000
3,196182	-10,0000
3,197051	-10,0000
3,197920	-10,0000
3,198789	-10,0000
3,199658	-10,0000
3,200527	-10,0000
3,201396	-10,0000
3,202265	-10,0000
3,203134	-10,0000
3,204003	-10,0000
3,204872	-10,0000
3,205741	-10,0000
3,206610	-10,0000
3,207479	-10,0000
3,208348	-10,0000
3,209217	-10,0000
3,210086	-10,0000
3,210955	-10,0000
3,211824	-10,0000
3,212693	-10,0000
3,213562	-10,0000
3,214431	-10,0000
3,215300	-10,0000
3,216169	-10,0000
3,217038	-10,0000
3,217907	-10,0000
3,218776	-10,0000
3,219645	-10,0000
3,220514	-10,0000
3,221383	-10,0000
3,222252	-10,0000
3,223121	-10,0000
3,223990	-10,0000
3,224859	-10,0000
3,225728	-10,0000
3,226597	-10,0000
3,227466	-10,0000
3,228335	-10,0000
3,229204	-10,0000
3,230073	-10,0000
3,230942	-10,0000
3,231811	-10,0000
3,232680	-10,0000
3,233549	-10,0000
3,234418	-10,0000
3,235287	-10,0000
3,236156	-10,0000
3,237025	-10,0000
3,237894	-10,0000
3,238763	-10,0000
3,239632	-10,0000
3,240501	-10,0000
3,241370	-10,0000
3,242239	-10,0000
3,243108	-10,0000
3,243977	-10,0000
3,244846	-10,0000
3,245715	-10,0000
3,246584	-10,0000
3,247453	-10,0000
3,248322	-10,0000
3,249191	-10,0000
3,250060	-10,0000
3,250929	-10,0000
3,251798	-10,0000
3,252667	-10,0000
3,253536	-10,0000
3,254405	-10,0000
3,255274	-10,0000
3,256143	-10,0000
3,257012	-10,0000
3,257881	-10,0000
3,258750	-10,0000
3,259619	-10,0000
3,260488	-10,0000
3,261357	-10,0000
3,262226	-10,0000
3,263095	-10,0000
3,263964	-10,0000
3,264833	-10,0000
3,265702	-10,0000
3,266571	-10,0000
3,267440	-10,0000
3,268309	-10,0000
3,269178	-10,0000
3,270047	-10,0000
3,270916	-10,0000
3,271785	-10,0000
3,272654	-10,0000
3,273523	-10,0000
3,274392	-10,0000
3,275261	-10,0000
3,276130	-10,0000
3,276999	-10,0000
3,277868	-10,0000
3,278737	-10,0000
3,279606	-10,0000
3,280475	-10,0000
3,281344	-10,0000
3,282213	-10,0000
3,283082	-10,0000
3,283951	-10,0000
3,284820	-10,0000
3,285689	-10,0000
3,286558	-10,0000
3,287427	-10,0000
3,288296	-10,0000
3,289165	-10,0000
3,290034	-10,0000
3,290903	-10,0000
3,291772	-10,0000
3,292641	-10,0000
3,293510	-10,0000
3,294379	-10,0000
3,295248	-10,0000
3,296117	-10,0000
3,296986	-10,0000
3,297855	-10,0000
3,298724	-10,0000
3,299593	-10,0000
3,300462	-10,0000
3,301331	-10,0000
3,302200	-10,0000
3,303069	-10,0000
3,303938	-10,0000
3,304807	-10,0000
3,305676	-10,0000
3,306545	-10,0000
3,307414	-10,0000
3,308283	-10,0000
3,309152	-10,0000
3,310021	-10,0000
3,310890	-10,0000
3,311759	-10,0000
3,312628	-10,0000
3,313497	-10,0000
3,314366	-10,0000
3,315235	-10,0000
3,316104	-10,0000
3,316973	-10,0000
3,317842	-10,0000
3,318711	-10,0000
3,319580	-10,0000
3,320449	-10,0000
3,321318	-10,0000
3,322187	-10,0000
3,323056	-10,0000
3,323925	-10,0000
3,324794	-10,0000
3,325663	-10,0000
3,326532	-10,0000
3,327401	-10,0000
3,328270	-10,0000
3,329139	-10,0000
3,330008	-10,0000
3,330877	-10,0000
3,331746	-10,0000
3,332615	-10,0000
3,333484	-10,0000
3,334353	-10,0000
3,335222	-10,0000
3,336091	-10,0000
3,336960	-10,0000
3,337829	-10,0000
3,338698	-10,0000
3,339567	-10,0000
3,340436	-10,0000
3,341305	-10,0000
3,342174	-10,0000
3,343043	-10,0000
3,343912	-10,0000
3,344781	-10,0000
3,345650	-10,0000
3,346519	-10,0000
3,347388	-10,0000
3,348257	-10,0000
3,349126	-10,0000
3,349995	-10,0000
3,350864	-10,0000
3,351733	-10,0000
3,352602	-10,0000
3,353471	-10,0000
3,354340	-10,0000
3,355209	-10,0000
3,356078	-10,0000
3,356947	-10,0000
3,357816	-10,0000
3,358685	-10,0000
3,359554	-10,0000
3,360423	-10,0000
3,361292	-10,0000
3,362161	-10,0000
3,363030	-10,0000
3,363899	-10,0000
3,364768	-10,0000
3,365637	-10,0000
3,366506	-10,0000
3,367375	-10,0000
3,368244	-10,0000
3,369113	-10,0000
3,369982	-10,0000
3,370851	-10,0000
3,371720	-10,0000
3,372589	-10,0000
3,373458	-10,0000
3,374327	-10,0000
3,375196	-10,0000
3,376065	-10,0000
3,376934	-10,0000
3,377803	-10,0000
3,378672	-10,0000
3,379541	-10,0000
3,380410	-10,0000
3,381279	-10,0000
3,382148	-10,0000
3,383017	-10,0000
3,383886	-10,0000
3,384755	-10,0000
3,385624	-10,0000
3,386493	-10,0000
3,387362	-10,0000
3,388231	-10,0000
3,389100	-10,0000
3,389969	-10,0000
3,390838	-10,0000
3,391707	-10,0000
3,392576	-10,0000
3,393445	-10,0000
3,394314	-10,0000
3,395183	-10,0000
3,396052	-10,0000
3,396921	-10,0000
3,397790	-10,0000
3,398659	-10,0000
3,399528	-10,0000
3,400397	-10,0000
3,401266	-10,0000
3,402135	-10,0000
3,403004	-10,0000
3,403873	-10,0000
3,404742	-10,0000
3,405611	-10,0000
3,406480	-10,0000
3,407349	-10,0000
3,408218	-10,0000
3,409087	-10,0000
3,409956	-10,0000
3,410825	-10,0000
3,411694	-10,0000
3,412563	-10,0000
3,413432	-10,0000
3,414301	-10,0000
3,415170	-10,0000
3,416039	-10,0000
3,416908	-10,0000
3,417777	-10,0000
3,418646	-10,0000
3,419515	-10,0000
3,420384	-10,0000
3,421253	-10,0000
3,422122	-10,0000
3,422991	-10,0000
3,423860	-10,0000
3,424729	-10,0000
3,425598	-10,0000
3,426467	-10,0000
3,427336	-10,0000
3,428205	-10,0000
3,429074	-10,0000
3,429943	-10,0000
3,430812	-10,0000
3,431681	-10,0000
3,432550	-10,0000
3,433419	-10,0000
3,434288	-10,0000
3,435157	-10,0000
3,436026	-10,0000
3,436895	-10,0000
3,437764	-10,0000
3,438633	-10,0000
3,439502	-10,0000
3,440371	-10,0000
3,441240	-10,0000
3,442109	-10,0000
3,442978	-10,0000
3,443847	-10,0000
3,444716	-10,0000
3,445585	-10,0000
3,446454	-10,0000
3,447323	-10,0000
3,448192	-10,0000
3,449061	-10,0000
3,449930	-10,0000
3,450799	-10,0000
3,451668	-10,0000
3,452537	-10,0000
3,453406	-10,0000
3,454275	-10,0000
3,455144	-10,0000
3,456013	-10,0000
3,456882	-10,0000
3,457751	-10,0000
3,458620	-10,0000
3,459489	-10,0000
3,460358	-10,0000
3,461227	-10,0000
3,462096	-10,0000
3,462965	-10,0000
3,463834	-10,0000
3,464703	-10,0000
3,465572	-10,0000
3,466441	-10,0000
3,467310	-10,0000
3,468179	-10,0000
3,469048	-10,0000
3,469917	-10,0000
3,470786	-10,0000
3,471655	-10,0000
3,472524	-10,0000
3,473393	-10,0000
3,474262	-10,0000
3,475131	-10,0000
3,476000	-10,0000
3,476869	-10,0000
3,477738	-10,0000
3,478607	-10,0000
3,479476	-10,0000
3,480345	-10,0000
3,481214	-10,0000
3,482083	-10,0000
3,482952	-10,0000
3,483821	-10,0000
3,484690	-10,0000
3,485559	-10,0000
3,486428	-10,0000
3,487297	-10,0000
3,488166	-10,0000
3,489035	-10,0000
3,489904	-10,0000
3,490773	-10,0000
3,491642	-10,0000
3,492511	-10,0000
3,493380	-10,0000
3,494249	-10,0000
3,495118	-10,0000
3,495987	-10,0000
3,496856	-10,0000
3,497725	-10,0000
3,498594	-10,0000
3,499463	-10,0000
3,500332	-10,0000
3,501201	-10,0000
3,502070	-10,0000
3,502939	-10,0000
3,503808	-10,0000
3,504677	-10,0000
3,505546	-10,0000
3,506415	-10,0000
3,507284	-10,0000
3,508153	-10,0000
3,509022	-10,0000
3,509891	-10,0000
3,510760	-10,0000
3,511629	-10,0000
3,512498	-10,0000
3,513367	-10,0000
3,514236	-10,0000
3,515105	-10,0000
3,515974	-10,0000
3,516843	-10,0000
3,517712	-10,0000
3,518581	-10,0000
3,519450	-10,0000
3,520319	-10,0000
3,521188	-10,0000
3,522057	-10,0000
3,522926	-10,0000
3,523795	-10,0000
3,524664	-10,0000
3,525533	-10,0000
3,526402	-10,0000
3,527271	-10,0000
3,528140	-10,0000
3,529009	-10,0000
3,529878	-10,0000
3,530747	-10,0000
3,531616	-10,0000
3,532485	-10,0000
3,533354	-10,0000
3,534223	-10,0000
3,535092	-10,0000
3,535961	-10,0000
3,536830	-10,0000
3,537699	-10,0000
3,538568	-10,0000
3,539437	-10,0000
3,540306	-10,0000
3,541175	-10,0000
3,542044	-10,0000
3,542913	-10,0000
3,543782	-10,0000
3,544651	-10,0000
3,545520	-10,0000
3,546389	-10,0000
3,547258	-10,0000
3,548127	-10,0000
3,548996	-10,0000
3,549865	-10,0000
3,550734	-10,0000
3,551603	-10,0000
3,552472	-10,0000
3,553341	-10,0000
3,554210	-10,0000
3,555079	-10,0000
3,555948	-10,0000
3,556817	-10,0000
3,557686	-10,0000
3,558555	-10,0000
3,559424	-10,0000
3,560293	-10,0000
3,561162	-10,0000
3,562031	-10,0000
3,562900	-10,0000
3,563769	-10,0000
3,564638	-10,0000
3,565507	-10,0000
3,566376	-10,0000
3,567245	-10,0000
3,568114	-10,0000
3,568983	-10,0000
3,569852	-10,0000
3,570721	-10,0000
3,571590	-10,0000
3,572459	-10,0000
3,573328	-10,0000
3,574197	-10,0000
3,575066	-10,0000
3,575935	-10,0000
3,576804	-10,0000
3,577673	-10,0000
3,578542	-10,0000
3,579411	-10,0000
3,580280	-10,0000
3,581149	-10,0000
3,582018	-10,0000
3,582887	-10,0000
3,583756	-10,0000
3,584625	-10,0000
3,585494	-10,0000
3,586363	-10,0000
3,587232	-10,0000
3,588101	-10,0000
3,588970	-10,0000
3,589839	-10,0000
3,590708	-10,0000
3,591577	-10,0000
3,592446	-10,0000
3,593315	-10,0000
3,594184	-10,0000
3,595053	-10,0000
3,595922	-10,0000
3,596791	-10,0000
3,597660	-10,0000
3,598529	-10,0000
3,599398	-10,0000
3,600267	-10,0000
3,601136	-10,0000
3,602005	-10,0000
3,602874	-10,0000
3,603743	-10,0000
3,604612	-10,0000
3,605481	-10,0000
3,606350	-10,0000
3,607219	-10,0000
3,608088	-10,0000
3,608957	-10,0000
3,609826	-10,0000
3,610695	-10,0000
3,611564	-10,0000
3,612433	-10,0000
3,613302	-10,0000
3,614171	-10,0000
3,615040	-10,0000
3,615909	-10,0000
3,616778	-10,0000
3,617647	-10,0000
3,618516	-10,0000
3,619385	-10,0000
3,620254	-10,0000
3,621123	-10,0000
3,621992	-10,0000
3,622861	-10,0000
3,623730	-10,0000
3,624599	-10,0000
3,625468	-10,0000
3,626337	-10,0000
3,627206	-10,0000
3,628075	-10,0000
3,628944	-10,0000
3,629813	-10,0000
3,630682	-10,0000
3,631551	-10,0000
3,632420	-10,0000
3,633289	-10,0000
3,634158	-10,0000
3,635027	-10,0000
3,635896	-10,0000
3,636765	-10,0000
3,637634	-10,0000
3,638503	-10,0000
3,639372	-10,0000
3,640241	-10,0000
3,641110	-10,0000
3,641979	-10,0000
3,642848	-10,0000
3,643717	-10,0000
3,644586	-10,0000
3,645455	-10,0000
3,646324	-10,0000
3,647193	-10,0000
3,648062	-10,0000
3,648931	-10,0000
3,649800	-10,0000
3,650669	-10,0000
3,651538	-10,0000
3,652407	-10,0000
3,653276	-10,0000
3,654145	-10,0000
3,655014	-10,0000
3,655883	-10,0000
3,656752	-10,0000
3,657621	-10,0000
3,658490	-10,0000
3,659359	-10,0000
3,660228	-10,0000
3,661097	-10,0000
3,661966	-10,0000
3,662835	-10,0000
3,663704	-10,0000
3,664573	-10,0000
3,665442	-10,0000
3,666311	-10,0000
3,667180	-10,0000
3,668049	-10,0000
3,668918	-10,0000
3,669787	-10,0000
3,670656	-10,0000
3,671525	-10,0000
3,672394	-10,0000
3,673263	-10,0000
3,674132	-10,0000
3,675001	-10,0000
3,675870	-10,0000
3,676739	-10,0000
3,677608	-10,0000
3,678477	-10,0000
3,679346	-10,0000
3,680215	-10,0000
3,681084	-10,0000
3,681953	-10,0000
3,682822	-10,0000
3,683691	-10,0000
3,684560	-10,0000
3,685429	-10,0000
3,686298	-10,0000
3,687167	-10,0000
3,688036	-10,0000
3,688905	-10,0000
3,689774	-10,0000
3,690643	-10,0000
3,691512	-10,0000
3,692381	-10,0000
3,693250	-10,0000
3,694119	-10,0000
3,694988	-10,0000
3,695857	-10,0000
3,696726	-10,0000
3,697595	-10,0000
3,698464	-10,0000
3,699333	-10,0000
3,700202	-10,0000
3,701071	-10,0000
3,701940	-10,0000
3,702809	-10,0000
3,703678	-10,0000
3,704547	-10,0000
3,705416	-10,0000
3,706285	-10,0000
3,707154	-10,0000
3,708023	-10,0000
3,708892	-10,0000
3,709761	-10,0000
3,710630	-10,0000
3,711499	-10,0000
3,712368	-10,0000
3,713237	-10,0000
3,714106	-10,0000
3,714975	-10,0000
3,715844	-10,0000
3,716713	-10,0000
3,717582	-10,0000
3,718451	-10,0000
3,719320	-10,0000
3,720189	-10,0000
3,721058	-10,0000
3,721927	-10,0000
3,722796	-10,0000
3,723665	-10,0000
3,724534	-10,0000
3,725403	-10,0000
3,726272	-10,0000
3,727141	-10,0000
3,728010	-10,0000
3,728879	-10,0000
3,729748	-10,0000
3,730617	-10,0000
3,731486	-10,0000
3,732355	-10,0000
3,733224	-10,0000
3,734093	-10,0000
3,734962	-10,0000
3,735831	-10,0000
3,736700	-10,0000
3,737569	-10,0000
3,738438	-10,0000
3,739307	-10,0000
3,740176	-10,0000
3,741045	-10,0000
3,741914	-10,0000
3,742783	-10,0000
3,743652	-10,0000
3,744521	-10,0000
3,745390	-10,0000
3,746259	-10,0000
3,747128	-10,0000
3,747997	-10,0000
3,748866	-10,0000
3,749735	-10,0000
3,750604	-10,0000
3,751473	-10,0000
3,752342	-10,0000
3,753211	-10,0000
3,754080	-10,0000
3,754949	-10,0000
3,755818	-10,0000
3,756687	-10,0000
3,757556	-10,0000
3,758425	-10,0000
3,759294	-10,0000
3,760163	-10,0000
3,761032	-10,0000
3,761901	-10,0000
3,762770	-10,0000
3,763639	-10,0000
3,764508	-10,0000
3,765377	-10,0000
3,766246	-10,0000
3,767115	-10,0000
3,767984	-10,0000
3,768853	-10,0000
3,769722	-10,0000
3,770591	-10,0000
3,771460	-10,0000
3,772329	-10,0000
3,773198	-10,0000
3,774067	-10,0000
3,774936	-10,0000
3,775805	-10,0000
3,776674	-10,0000
3,777543	-10,0000
3,778412	-10,0000
3,779281	-10,0000
3,780150	-10,0000
3,781019	-10,0000
3,781888	-10,0000
3,782757	-10,0000
3,783626	-10,0000
3,784495	-10,0000
3,785364	-10,0000
3,786233	-10,0000
3,787102	-10,0000
3,787971	-10,0000
3,788840	-10,0000
3,789709	-10,0000
3,790578	-10,0000
3,791447	-10,0000
3,792316	-10,0000
3,793185	-10,0000
3,794054	-10,0000
3,794923	-10,0000
3,795792	-10,0000
3,796661	-10,0000
3,797530	-10,0000
3,798399	-10,0000
3,799268	-10,0000
3,800137	-10,0000
3,801006	-10,0000
3,801875	-10,0000
3,802744	-10,0000
3,803613	-10,0000
3,804482	-10,0000
3,805351	-10,0000
3,806220	-10,0000
3,807089	-10,0000
3,807958	-10,0000
3,808827	-10,0000
3,809696	-10,0000
3,810565	-10,0000
3,811434	-10,0000
3,812303	-10,0000
3,813172	-10,0000
3,814041	-10,0000
3,814910	-10,0000
3,815779	-10,0000
3,816648	-10,0000
3,817517	-10,0000
3,818386	-10,0000
3,819255	-10,0000
3,820124	-10,0000
3,820993	-10,0000
3,821862	-10,0000
3,822731	-10,0000
3,823600	-10,0000
3,824469	-10,0000
3,825338	-10,0000
3,826207	-10,0000
3,827076	-10,0000
3,827945	-10,0000
3,828814	-10,0000
3,829683	-10,0000
3,830552	-10,0000
3,831421	-10,0000
3,832290	-10,0000
3,833159	-10,0000
3,834028	-10,0000
3,834897	-10,0000
3,835766	-10,0000
3,836635	-10,0000
3,837504	-10,0000
3,838373	-10,0000
3,839242	-10,0000
3,840111	-10,0000
3,840980	-10,0000
3,841849	-10,0000
3,842718	-10,0000
3,843587	-10,0000
3,844456	-10,0000
3,845325	-10,0000
3,846194	-10,0000
3,847063	-10,0000
3,847932	-10,0000
3,848801	-10,0000
3,849670	-10,0000
3,850539	-10,0000
3,851408	-10,0000
3,852277	-10,0000
3,853146	-10,0000
3,854015	-10,0000
3,854884	-10,0000
3,855753	-10,0000
3,856622	-10,0000
3,857491	-10,0000
3,858360	-10,0000
3,859229	-10,0000
3,860098	-10,0000
3,860967	-10,0000
3,861836	-10,0000
3,862705	-10,0000
3,863574	-10,0000
3,864443	-10,0000
3,865312	-10,0000
3,866181	-10,0000
3,867050	-10,0000
3,867919	-10,0000
3,868788	-10,0000
3,869657	-10,0000
3,870526	-10,0000
3,871395	-10,0000
3,872264	-10,0000
3,873133	-10,0000
3,874002	-10,0000
3,874871	-10,0000
3,875740	-10,0000
3,876609	-10,0000
3,877478	-10,0000
3,878347	-10,0000
3,879216	-10,0000
3,880085	-10,0000
3,880954	-10,0000
3,881823	-10,0000
3,882692	-10,0000
3,883561	-10,0000
3,884430	-10,0000
3,885299	-10,0000
3,886168	-10,0000
3,887037	-10,0000
3,887906	-10,0000
3,888775	-10,0000
3,889644	-10,0000
3,890513	-10,0000
3,891382	-10,0000
3,892251	-10,0000
3,893120	-10,0000
3,893989	-10,0000
3,894858	-10,0000
3,895727	-10,0000
3,896596	-10,0000
3,897465	-10,0000
3,898334	-10,0000
3,899203	-10,0000
3,900072	-10,0000
3,900941	-10,0000
3,901810	-10,0000
3,902679	-10,0000
3,903548	-10,0000
3,904417	-10,0000
3,905286	-10,0000
3,906155	-10,0000
3,907024	-10,0000
3,907893	-10,0000
3,908762	-10,0000
3,909631	-10,0000
3,910500	-10,0000
3,911369	-10,0000
3,912238	-10,0000
3,913107	-10,0000
3,913976	-10,0000
3,914845	-10,0000
3,915714	-10,0000
3,916583	-10,0000
3,917452	-10,0000
3,918321	-10,0000
3,919190	-10,0000
3,920059	-10,0000
3,920928	-10,0000
3,921797	-10,0000
3,922666	-10,0000
3,923535	-10,0000
3,924404	-10,0000
3,925273	-10,0000
3,926142	-10,0000
3,927011	-10,0000
3,927880	-10,0000
3,928749	-10,0000
3,929618	-10,0000
3,930487	-10,0000
3,931356	-10,0000
3,932225	-10,0000
3,933094	-10,0000
3,933963	-10,0000
3,934832	-10,0000
3,935701	-10,0000
3,936570	-10,0000
3,937439	-10,0000
3,938308	-10,0000
3,939177	-10,0000
3,940046	-10,0000
3,940915	-10,0000
3,941784	-10,0000
3,942653	-10,0000
3,943522	-10,0000
3,944391	-10,0000
3,945260	-10,0000
3,946129	-10,0000
3,946998	-10,0000
3,947867	-10,0000
3,948736	-10,0000
3,949605	-10,0000
3,950474	-10,0000
3,951343	-10,0000
3,952212	-10,0000
3,953081	-10,0000
3,953950	-10,0000
3,954819	-10,0000
3,955688	-10,0000
3,956557	-10,0000
3,957426	-10,0000
3,958295	-10,0000
3,959164	-10,0000
3,960033	-10,0000
3,960902	-10,0000
3,961771	-10,0000
3,962640	-10,0000
3,963509	-10,0000
3,964378	-10,0000
3,965247	-10,0000
3,966116	-10,0000
3,966985	-10,0000
3,967854	-10,0000
3,968723	-10,0000
3,969592	-10,0000
3,970461	-10,0000
3,971330	-10,0000
3,972199	-10,0000
3,973068	-10,0000
3,973937	-10,0000
3,974806	-10,0000
3,975675	-10,0000
3,976544	-10,0000
3,977413	-10,0000
3,978282	-10,0000
3,979151	-10,0000
3,980020	-10,0000
3,980889	-10,0000
3,981758	-10,0000
3,982627	-10,0000
3,983496	-10,0000
3,984365	-10,0000
3,985234	-10,0000
3,986103	-10,0000
3,986972	-10,0000
3,987841	-10,0000
3,988710	-10,0000
3,989579	-10,0000
3,990448	-10,0000
3,991317	-10,0000
3,992186	-10,0000
3,993055	-10,0000
3,993924	-10,0000
3,994793	-10,0000
3,995662	-10,0000
3,996531	-10,0000
3,997400	-10,0000
3,998269	-10,0000
3,999138	-10,0000
4,000007	-10,0000
4,000876	-10,0000
4,001745	-10,0000
4,002614	-10,0000
4,003483	-10,0000
4,004352	-10,0000
4,005221	-10,0000
4,006090	-10,0000
4,006959	-10,0000
4,007828	-10,0000
4,008697	-10,0000
4,009566	-10,0000
4,010435	-10,0000
4,011304	-10,0000
4,012173	-10,0000
4,013042	-10,0000
4,013911	-10,0000
4,014780	-10,0000
4,015649	-10,0000
4,016518	-10,0000
4,017387	-10,0000
4,018256	-10,0000
4,019125	-10,0000
4,019994	-10,0000
4,020863	-10,0000
4,021732	-10,0000
4,022601	-10,0000
4,023470	-10,0000
4,024339	-10,0000
4,025208	-10,0000
4,026077	-10,0000
4,026946	-10,0000
4,027815	-10,0000
4,028684	-10,0000
4,029553	-10,0000
4,030422	-10,0000
4,031291	-10,0000
4,032160	-10,0000
4,033029	-10,0000
4,033898	-10,0000
4,034767	-10,0000
4,035636	-10,0000
4,036505	-10,0000
4,037374	-10,0000
4,038243	-10,0000
4,039112	-10,0000
4,039981	-10,0000
4,040850	-10,0000
4,041719	-10,0000
4,042588	-10,0000
4,043457	-10,0000
4,044326	-10,0000
4,045195	-10,0000
4,046064	-10,0000
4,046933	-10,0000
4,047802	-10,0000
4,048671	-10,0000
4,049540	-10,0000
4,050409	-10,0000
4,051278	-10,0000
4,052147	-10,0000
4,053016	-10,0000
4,053885	-10,0000
4,054754	-10,0000
4,055623	-10,0000
4,056492	-10,0000
4,057361	-10,0000
4,058230	-10,0000
4,059099	-10,0000
4,059968	-10,0000
4,060837	-10,0000
4,061706	-10,0000
4,062575	-10,0000
4,063444	-10,0000
4,064313	-10,0000
4,065182	-10,0000
4,066051	-10,0000
4,066920	-10,0000
4,067789	-10,0000
4,068658	-10,0000
4,069527	-10,0000
4,070396	-10,0000
4,071265	-10,0000
4,072134	-10,0000
4,073003	-10,0000
4,073872	-10,0000
4,074741	-10,0000
4,075610	-10,0000
4,076479	-10,0000
4,077348	-10,0000
4,078217	-10,0000
4,079086	-10,0000
4,079955	-10,0000
4,080824	-10,0000
4,081693	-10,0000
4,082562	-10,0000
4,083431	-10,0000
4,084300	-10,0000
4,085169	-10,0000
4,086038	-10,0000
4,086907	-10,0000
4,087776	-10,0000
4,088645	-10,0000
4,089514	-10,0000
4,090383	-10,0000
4,091252	-10,0000
4,092121	-10,0000
4,092990	-10,0000
4,093859	-10,0000
4,094728	-10,0000
4,095597	-10,0000
4,096466	-10,0000
4,097335	-10,0000
4,098204	-10,0000
4,099073	-10,0000
4,099942	-10,0000
4,100811	-10,0000
4,101680	-10,0000
4,102549	-10,0000
4,103418	-10,0000
4,104287	-10,0000
4,105156	-10,0000
4,106025	-10,0000
4,106894	-10,0000
4,107763	-10,0000
4,108632	-10,0000
4,109501	-10,0000
4,110370	-10,0000
4,111239	-10,0000
4,112108	-10,0000
4,112977	-10,0000
4,113846	-10,0000
4,114715	-10,0000
4,115584	-10,0000
4,116453	-10,0000
4,117322	-10,0000
4,118191	-10,0000
4,119060	-10,0000
4,119929	-10,0000
4,120798	-10,0000
4,121667	-10,0000
4,122536	-10,0000
4,123405	-10,0000
4,124274	-10,0000
4,125143	-10,0000
4,126012	-10,0000
4,126881	-10,0000
4,127750	-10,0000
4,128619	-10,0000
4,129488	-10,0000
4,130357	-10,0000
4,131226	-10,0000
4,132095	-10,0000
4,132964	-10,0000
4,133833	-10,0000
4,134702	-10,0000
4,135571	-10,0000
4,136440	-10,0000
4,137309	-10,0000
4,138178	-10,0000
4,139047	-10,0000
4,139916	-10,0000
4,140785	-10,0000
4,141654	-10,0000
4,142523	-10,0000
4,143392	-10,0000
4,144261	-10,0000
4,145130	-10,0000
4,145999	-10,0000
4,146868	-10,0000
4,147737	-10,0000
4,148606	-10,0000
4,149475	-10,0000
4,150344	-10,0000
4,151213	-10,0000
4,152082	-10,0000
4,152951	-10,0000
4,153820	-10,0000
4,154689	-10,0000
4,155558	-10,0000
4,156427	-10,0000
4,157296	-10,0000
4,158165	-10,0000
4,159034	-10,0000
4,159903	-10,0000
4,160772	-10,0000
4,161641	-10,0000
4,162510	-10,0000
4,163379	-10,0000
4,164248	-10,0000
4,165117	-10,0000
4,165986	-10,0000
4,166855	-10,0000
4,167724	-10,0000
4,168593	-10,0000
4,169462	-10,0000
4,170331	-10,0000
4,171200	-10,0000
4,172069	-10,0000
4,172938	-10,0000
4,173807	-10,0000
4,174676	-10,0000
4,175545	-10,0000
4,176414	-10,0000
4,177283	-10,0000
4,178152	-10,0000
4,179021	-10,0000
4,179890	-10,0000
4,180759	-10,0000
4,181628	-10,0000
4,182497	-10,0000
4,183366	-10,0000
4,184235	-10,0000
4,185104	-10,0000
4,185973	-10,0000
4,186842	-10,0000
4,187711	-10,0000
4,188580	-10,0000
4,189449	-10,0000
4,190318	-10,0000
4,191187	-10,0000
4,192056	-10,0000
4,192925	-10,0000
4,193794	-10,0000
4,194663	-10,0000
4,195532	-10,0000
4,196401	-10,0000
4,197270	-10,0000
4,198139	-10,0000
4,199008	-10,0000
4,199877	-10,0000
4,200746	-10,0000
4,201615	-10,0000
4,202484	-10,0000
4,203353	-10,0000
4,204222	-10,0000
4,205091	-10,0000
4,205960	-10,0000
4,206829	-10,0000
4,207698	-10,0000
4,208567	-10,0000
4,209436	-10,0000
4,210305	-10,0000
4,211174	-10,0000
4,212043	-10,0000
4,212912	-10,0000
4,213781	-10,0000
4,214650	-10,0000
4,215519	-10,0000
4,216388	-10,0000
4,217257	-10,0000
4,218126	-10,0000
4,218995	-10,0000
4,219864	-10,0000
4,220733	-10,0000
4,221602	-10,0000
4,222471	-10,0000
4,223340	-10,0000
4,224209	-10,0000
4,225078	-10,0000
4,225947	-10,0000
4,226816	-10,0000
4,227685	-10,0000
4,228554	-10,0000
4,229423	-10,0000
4,230292	-10,0000
4,231161	-10,0000
4,232030	-10,0000
4,232899	-10,0000
4,233768	-10,0000
4,234637	-10,0000
4,235506	-10,0000
4,236375	-10,0000
4,237244	-10,0000
4,238113	-10,0000
4,238982	-10,0000
4,239851	-10,0000
4,240720	-10,0000
4,241589	-10,0000
4,242458	-10,0000
4,243327	-10,0000
4,244196	-10,0000
4,245065	-10,0000
4,245934	-10,0000
4,246803	-10,0000
4,247672	-10,0000
4,248541	-10,0000
4,249410	-10,0000
4,250279	-10,0000
4,251148	-10,0000
4,252017	-10,0000
4,252886	-10,0000
4,253755	-10,0000
4,254624	-10,0000
4,255493	-10,0000
4,256362	-10,0000
4,257231	-10,0000
4,258100	-10,0000
4,258969	-10,0000
4,259838	-10,0000
4,260707	-10,0000
4,261576	-10,0000
4,262445	-10,0000
4,263314	-10,0000
4,264183	-10,0000
4,265052	-10,0000
4,265921	-10,0000
4,266790	-10,0000
4,267659	-10,0000
4,268528	-10,0000
4,269397	-10,0000
4,270266	-10,0000
4,271135	-10,0000
4,272004	-10,0000
4,272873	-10,0000
4,273742	-10,0000
4,274611	-10,0000
4,275480	-10,0000
4,276349	-10,0000
4,277218	-10,0000
4,278087	-10,0000
4,278956	-10,0000
4,279825	-10,0000
4,280694	-10,0000
4,281563	-10,0000
4,282432	-10,0000
4,283301	-10,0000
4,284170	-10,0000
4,285039	-10,0000
4,285908	-10,0000
4,286777	-10,0000
4,287646	-10,0000
4,288515	-10,0000
4,289384	-10,0000
4,290253	-10,0000
4,291122	-10,0000
4,291991	-10,0000
4,292860	-10,0000
4,293729	-10,0000
4,294598	-10,0000
4,295467	-10,0000
4,296336	-10,0000
4,297205	-10,0000
4,298074	-10,0000
4,298943	-10,0000
4,299812	-10,0000
4,300681	-10,0000
4,301550	-10,0000
4,302419	-10,0000
4,303288	-10,0000
4,304157	-10,0000
4,305026	-10,0000
4,305895	-10,0000
4,306764	-10,0000
4,307633	-10,0000
4,308502	-10,0000
4,309371	-10,0000
4,310240	-10,0000
4,311109	-10,0000
4,311978	-10,0000
4,312847	-10,0000
4,313716	-10,0000
4,314585	-10,0000
4,315454	-10,0000
4,316323	-10,0000
4,317192	-10,0000
4,318061	-10,0000
4,318930	-10,0000
4,319799	-10,0000
4,320668	-10,0000
4,321537	-10,0000
4,322406	-10,0000
4,323275	-10,0000
4,324144	-10,0000
4,325013	-10,0000
4,325882	-10,0000
4,326751	-10,0000
4,327620	-10,0000
4,328489	-10,0000
4,329358	-10,0000
4,330227	-10,0000
4,331096	-10,0000
4,331965	-10,0000
4,332834	-10,0000
4,333703	-10,0000
4,334572	-10,0000
4,335441	-10,0000
4,336310	-10,0000
4,337179	-10,0000
4,338048	-10,0000
4,338917	-10,0000
4,339786	-10,0000
4,340655	-10,0000
4,341524	-10,0000
4,342393	-10,0000
4,343262	-10,0000
4,344131	-10,0000
4,345000	-10,0000
