0,000869	-0,0131
0,001738	-0,0131
0,002607	-0,0150
0,003476	-0,0125
0,004345	-0,0131
0,005214	-0,0134
0,006083	-0,0125
0,006952	-0,0134
0,007821	-0,0119
0,008690	-0,0153
0,009559	-0,0116
0,010428	-0,0125
0,011297	-0,0140
0,012166	-0,0140
0,013035	-0,0177
0,013904	-0,0119
0,014773	-0,0125
0,015642	-0,0131
0,016511	-0,0131
0,017380	-0,0122
0,018249	-0,0153
0,019118	-0,0128
0,019987	-0,0119
0,020856	-0,0156
0,021725	-0,0177
0,022594	-0,0134
0,023463	-0,0165
0,024332	-0,0128
0,025201	-0,0140
0,026070	-0,0128
0,026939	-0,0131
0,027808	-0,0162
0,028677	-0,0104
0,029546	-0,0131
0,030415	-0,0125
0,031284	-0,0125
0,032153	-0,0122
0,033022	-0,0134
0,033891	-0,0125
0,034760	-0,0125
0,035629	-0,0131
0,036498	-0,0125
0,037367	-0,0119
0,038236	-0,0134
0,039105	-0,0119
0,039974	-0,0128
0,040843	-0,0131
0,041712	-0,0107
0,042581	-0,0089
0,043450	-0,0110
0,044319	-0,0131
0,045188	-0,0134
0,046057	-0,0128
0,046926	-0,0128
0,047795	-0,0153
0,048664	-0,0128
0,049533	-0,0095
0,050402	-0,0119
0,051271	-0,0183
0,052140	-0,0095
0,053009	-0,0104
0,053878	-0,0134
0,054747	-0,0125
0,055616	-0,0134
0,056485	-0,0125
0,057354	-0,0122
0,058223	-0,0122
0,059092	-0,0113
0,059961	-0,0125
0,060830	-0,0116
0,061699	-0,0067
0,062568	-0,0107
0,063437	-0,0125
0,064306	-0,0134
0,065175	-0,0143
0,066044	-0,0140
0,066913	-0,0125
0,067782	-0,0140
0,068651	-0,0122
0,069520	-0,0092
0,070389	-0,0122
0,071258	-0,0125
0,072127	-0,0146
0,072996	-0,0125
0,073865	-0,0131
0,074734	-0,0119
0,075603	-0,0131
0,076472	-0,0128
0,077341	-0,0131
0,078210	-0,0140
0,079079	-0,0137
0,079948	-0,0110
0,080817	-0,0125
0,081686	-0,0119
0,082555	-0,0119
0,083424	-0,0110
0,084293	-0,0122
0,085162	-0,0128
0,086031	-0,0128
0,086900	-0,0131
0,087769	-0,0150
0,088638	-0,0104
0,089507	-0,0128
0,090376	-0,0110
0,091245	-0,0159
0,092114	-0,0128
0,092983	-0,0180
0,093852	-0,0125
0,094721	-0,0128
0,095590	-0,0122
0,096459	-0,0125
0,097328	-0,0128
0,098197	-0,0125
0,099066	-0,0134
0,099935	-0,0137
0,100804	-0,0137
0,101673	-0,0143
0,102542	-0,0119
0,103411	-0,0107
0,104280	-0,0134
0,105149	-0,0140
0,106018	-0,0137
0,106887	-0,0128
0,107756	-0,0131
0,108625	-0,0128
0,109494	-0,0131
0,110363	-0,0165
0,111232	-0,0101
0,112101	-0,0143
0,112970	-0,0137
0,113839	-0,0131
0,114708	-0,0134
0,115577	-0,0125
0,116446	-0,0125
0,117315	-0,0122
0,118184	-0,0140
0,119053	-0,0128
0,119922	-0,0137
0,120791	-0,0162
0,121660	-0,0150
0,122529	-0,0131
0,123398	-0,0125
0,124267	-0,0128
0,125136	-0,0134
0,126005	-0,0125
0,126874	-0,0122
0,127743	-0,0119
0,128612	-0,0125
0,129481	-0,0146
0,130350	-0,0110
0,131219	-0,0092
0,132088	-0,0116
0,132957	-0,0116
0,133826	-0,0131
0,134695	-0,0128
0,135564	-0,0131
0,136433	-0,0131
0,137302	-0,0119
0,138171	-0,0140
0,139040	-0,0134
0,139909	-0,0119
0,140778	-0,0119
0,141647	-0,0146
0,142516	-0,0159
0,143385	-0,0137
0,144254	-0,0134
0,145123	-0,0134
0,145992	-0,0140
0,146861	-0,0128
0,147730	-0,0131
0,148599	-0,0116
0,149468	-0,0119
0,150337	-0,0110
0,151206	-0,0165
0,152075	-0,0131
0,152944	-0,0107
0,153813	-0,0131
0,154682	-0,0119
0,155551	-0,0134
0,156420	-0,0125
0,157289	-0,0128
0,158158	-0,0131
0,159027	-0,0131
0,159896	-0,0128
0,160765	-0,0165
0,161634	-0,0153
0,162503	-0,0085
0,163372	-0,0101
0,164241	-0,0128
0,165110	-0,0122
0,165979	-0,0128
0,166848	-0,0131
0,167717	-0,0153
0,168586	-0,0125
0,169455	-0,0128
0,170324	-0,0107
0,171193	-0,0125
0,172062	-0,0104
0,172931	-0,0134
0,173800	-0,0134
0,174669	-0,0131
0,175538	-0,0131
0,176407	-0,0125
0,177276	-0,0122
0,178145	-0,0128
0,179014	-0,0119
0,179883	-0,0134
0,180752	-0,0116
0,181621	-0,0137
0,182490	-0,0143
0,183359	-0,0122
0,184228	-0,0128
0,185097	-0,0134
0,185966	-0,0137
0,186835	-0,0131
0,187704	-0,0131
0,188573	-0,0125
0,189442	-0,0122
0,190311	-0,0119
0,191180	-0,0110
0,192049	-0,0125
0,192918	-0,0116
0,193787	-0,0128
0,194656	-0,0134
0,195525	-0,0125
0,196394	-0,0128
0,197263	-0,0134
0,198132	-0,0137
0,199001	-0,0125
0,199870	-0,0134
0,200739	-0,0137
0,201608	-0,0116
0,202477	-0,0153
0,203346	-0,0119
0,204215	-0,0134
0,205084	-0,0134
0,205953	-0,0125
0,206822	-0,0122
0,207691	-0,0146
0,208560	-0,0150
0,209429	-0,0110
0,210298	-0,0128
0,211167	-0,0174
0,212036	-0,0089
0,212905	-0,0137
0,213774	-0,0128
0,214643	-0,0119
0,215512	-0,0122
0,216381	-0,0125
0,217250	-0,0125
0,218119	-0,0134
0,218988	-0,0137
0,219857	-0,0140
0,220726	-0,0119
0,221595	-0,0125
0,222464	-0,0174
0,223333	-0,0162
0,224202	-0,0125
0,225071	-0,0128
0,225940	-0,0137
0,226809	-0,0128
0,227678	-0,0171
0,228547	-0,0095
0,229416	-0,0085
0,230285	-0,0131
0,231154	-0,0131
0,232023	-0,0113
0,232892	-0,0128
0,233761	-0,0131
0,234630	-0,0122
0,235499	-0,0128
0,236368	-0,0125
0,237237	-0,0125
0,238106	-0,0134
0,238975	-0,0180
0,239844	-0,0128
0,240713	-0,0119
0,241582	-0,0067
0,242451	-0,0125
0,243320	-0,0143
0,244189	-0,0131
0,245058	-0,0131
0,245927	-0,0122
0,246796	-0,0122
0,247665	-0,0140
0,248534	-0,0150
0,249403	-0,0165
0,250272	-0,0110
0,251141	-0,0125
0,252010	-0,0119
0,252879	-0,0150
0,253748	-0,0134
0,254617	-0,0131
0,255486	-0,0125
0,256355	-0,0122
0,257224	-0,0125
0,258093	-0,0119
0,258962	-0,0143
0,259831	-0,0137
0,260700	-0,0131
0,261569	-0,0137
0,262438	-0,0159
0,263307	-0,0131
0,264176	-0,0128
0,265045	-0,0134
0,265914	-0,0125
0,266783	-0,0128
0,267652	-0,0143
0,268521	-0,0128
0,269390	-0,0134
0,270259	-0,0134
0,271128	-0,0156
0,271997	-0,0137
0,272866	-0,0119
0,273735	-0,0128
0,274604	0,0415
0,275473	0,2075
0,276342	0,4062
0,277211	0,6012
0,278080	0,7675
0,278949	0,8933
0,279818	0,9644
0,280687	0,9787
0,281556	0,9223
0,282425	0,8170
0,283294	0,6357
0,284163	0,4254
0,285032	0,1886
0,285901	-0,0516
0,286770	-0,2908
0,287639	-0,5042
0,288508	-0,6665
0,289377	-0,7810
0,290246	-0,8460
0,291115	-0,8380
0,291984	-0,7724
0,292853	-0,6424
0,293722	-0,4645
0,294591	-0,2509
0,295460	-0,0208
0,296329	0,2115
0,297198	0,4355
0,298067	0,6229
0,298936	0,7651
0,299805	0,8533
0,300674	0,8872
0,301543	0,8527
0,302412	0,7462
0,303281	0,5875
0,304150	0,3830
0,305019	0,1538
0,305888	-0,0812
0,306757	-0,3146
0,307626	-0,5267
0,308495	-0,6909
0,309364	-0,8072
0,310233	-0,8698
0,311102	-0,8615
0,311971	-0,7950
0,312840	-0,6690
0,313709	-0,4904
0,314578	-0,2762
0,315447	-0,0455
0,316316	0,1883
0,317185	0,4138
0,318054	0,6040
0,318923	0,7489
0,319792	0,8414
0,320661	0,8795
0,321530	0,8420
0,322399	0,7495
0,323268	0,6040
0,324137	0,4047
0,325006	0,1813
0,325875	-0,0504
0,326744	-0,2835
0,327613	-0,4975
0,328482	-0,6604
0,329351	-0,7852
0,330220	-0,8478
0,331089	-0,8441
0,331958	-0,7865
0,332827	-0,6681
0,333696	-0,4932
0,334565	-0,2838
0,335434	-0,0562
0,336303	0,1764
0,337172	0,4010
0,338041	0,5893
0,338910	0,7288
0,339779	0,8179
0,340648	0,8530
0,341517	0,8219
0,342386	0,7315
0,343255	0,5829
0,344124	0,3879
0,344993	0,1663
0,345862	-0,0616
0,346731	-0,2911
0,347600	-0,5017
0,348469	-0,6623
0,349338	-0,7782
0,350207	-0,8429
0,351076	-0,8386
0,351945	-0,7822
0,352814	-0,6598
0,353683	-0,4837
0,354552	-0,2750
0,355421	-0,0491
0,356290	0,1779
0,357159	0,4016
0,358028	0,5902
0,358897	0,7355
0,359766	0,8313
0,360635	0,8725
0,361504	0,8438
0,362373	0,7483
0,363242	0,6055
0,364111	0,4117
0,364980	0,1935
0,365849	-0,0357
0,366718	-0,2649
0,367587	-0,4776
0,368456	-0,6436
0,369325	-0,7648
0,370194	-0,8292
0,371063	-0,8274
0,371932	-0,7730
0,372801	-0,6592
0,373670	-0,4865
0,374539	-0,2789
0,375408	-0,0534
0,376277	0,1743
0,377146	0,3964
0,378015	0,5820
0,378884	0,7248
0,379753	0,8155
0,380622	0,8542
0,381491	0,8258
0,382360	0,7315
0,383229	0,5853
0,384098	0,3909
0,384967	0,1709
0,385836	-0,0549
0,386705	-0,2817
0,387574	-0,4901
0,388443	-0,6580
0,389312	-0,7739
0,390181	-0,8414
0,391050	-0,8365
0,391919	-0,7724
0,392788	-0,6546
0,393657	-0,4862
0,394526	-0,2811
0,395395	-0,0552
0,396264	0,1733
0,397133	0,3946
0,398002	0,5792
0,398871	0,7202
0,399740	0,8081
0,400609	0,8438
0,401478	0,8182
0,402347	0,7270
0,403216	0,5774
0,404085	0,3909
0,404954	0,1718
0,405823	-0,0546
0,406692	-0,2795
0,407561	-0,4840
0,408430	-0,6430
0,409299	-0,7578
0,410168	-0,8219
0,411037	-0,8240
0,411906	-0,7562
0,412775	-0,6354
0,413644	-0,4645
0,414513	-0,2600
0,415382	-0,0391
0,416251	0,1846
0,417120	0,4028
0,417989	0,5799
0,418858	0,7184
0,419727	0,8051
0,420596	0,8316
0,421465	0,8045
0,422334	0,7089
0,423203	0,5713
0,424072	0,3790
0,424941	0,1611
0,425810	-0,0632
0,426679	-0,2866
0,427548	-0,4907
0,428417	-0,6455
0,429286	-0,7556
0,430155	-0,8158
0,431024	-0,8124
0,431893	-0,7453
0,432762	-0,6272
0,433631	-0,4575
0,434500	-0,2527
0,435369	-0,0327
0,436238	0,1914
0,437107	0,4065
0,437976	0,5884
0,438845	0,7218
0,439714	0,8094
0,440583	0,8420
0,441452	0,8084
0,442321	0,7196
0,443190	0,5741
0,444059	0,3784
0,444928	0,1590
0,445797	-0,0668
0,446666	-0,2933
0,447535	-0,4975
0,448404	-0,6558
0,449273	-0,7691
0,450142	-0,8295
0,451011	-0,8228
0,451880	-0,7614
0,452749	-0,6397
0,453618	-0,4685
0,454487	-0,2622
0,455356	-0,0385
0,456225	0,1892
0,457094	0,4114
0,457963	0,5972
0,458832	0,7343
0,459701	0,8197
0,460570	0,8499
0,461439	0,8225
0,462308	0,7297
0,463177	0,5765
0,464046	0,3812
0,464915	0,1584
0,465784	-0,0714
0,466653	-0,2997
0,467522	-0,5078
0,468391	-0,6699
0,469260	-0,7883
0,470129	-0,8484
0,470998	-0,8441
0,471867	-0,7767
0,472736	-0,6565
0,473605	-0,4816
0,474474	-0,2722
0,475343	-0,0446
0,476212	0,1862
0,477081	0,4089
0,477950	0,5951
0,478819	0,7352
0,479688	0,8219
0,480557	0,8612
0,481426	0,8258
0,482295	0,7379
0,483164	0,5838
0,484033	0,3873
0,484902	0,1657
0,485771	-0,0638
0,486640	-0,2930
0,487509	-0,5036
0,488378	-0,6656
0,489247	-0,7840
0,490116	-0,8472
0,490985	-0,8405
0,491854	-0,7837
0,492723	-0,6650
0,493592	-0,4981
0,494461	-0,2899
0,495330	-0,0644
0,496199	0,1627
0,497068	0,3830
0,497937	0,5689
0,498806	0,7114
0,499675	0,8020
0,500544	0,8426
0,501413	0,8115
0,502282	0,7263
0,503151	0,5777
0,504020	0,3873
0,504889	0,1700
0,505758	-0,0571
0,506627	-0,2866
0,507496	-0,4993
0,508365	-0,6665
0,509234	-0,7831
0,510103	-0,8493
0,510972	-0,8509
0,511841	-0,7974
0,512710	-0,6812
0,513579	-0,5130
0,514448	-0,3098
0,515317	-0,0873
0,516186	0,1376
0,517055	0,3558
0,517924	0,5423
0,518793	0,6836
0,519662	0,7755
0,520531	0,8078
0,521400	0,7828
0,522269	0,6970
0,523138	0,5524
0,524007	0,3638
0,524876	0,1483
0,525745	-0,0751
0,526614	-0,2997
0,527483	-0,5057
0,528352	-0,6659
0,529221	-0,7816
0,530090	-0,8420
0,530959	-0,8405
0,531828	-0,7797
0,532697	-0,6604
0,533566	-0,4913
0,534435	-0,2875
0,535304	-0,0665
0,536173	0,1587
0,537042	0,3763
0,537911	0,5573
0,538780	0,6919
0,539649	0,7767
0,540518	0,8133
0,541387	0,7776
0,542256	0,6876
0,543125	0,5405
0,543994	0,3519
0,544863	0,1370
0,545732	-0,0858
0,546601	-0,3119
0,547470	-0,5197
0,548339	-0,6800
0,549208	-0,7910
0,550077	-0,8509
0,550946	-0,8512
0,551815	-0,7898
0,552684	-0,6745
0,553553	-0,5060
0,554422	-0,3009
0,555291	-0,0787
0,556160	0,1444
0,557029	0,3601
0,557898	0,5423
0,558767	0,6806
0,559636	0,7685
0,560505	0,8026
0,561374	0,7739
0,562243	0,6821
0,563112	0,5347
0,563981	0,3446
0,564850	0,1273
0,565719	-0,0998
0,566588	-0,3241
0,567457	-0,5292
0,568326	-0,6928
0,569195	-0,8075
0,570064	-0,8658
0,570933	-0,8591
0,571802	-0,7987
0,572671	-0,6778
0,573540	-0,5081
0,574409	-0,2982
0,575278	-0,0708
0,576147	0,1563
0,577016	0,3772
0,577885	0,5606
0,578754	0,6964
0,579623	0,7871
0,580492	0,8219
0,581361	0,7892
0,582230	0,6919
0,583099	0,5487
0,583968	0,3543
0,584837	0,1355
0,585706	-0,0934
0,586575	-0,3204
0,587444	-0,5261
0,588313	-0,6906
0,589182	-0,8094
0,590051	-0,8734
0,590920	-0,8771
0,591789	-0,8106
0,592658	-0,6952
0,593527	-0,5261
0,594396	-0,3220
0,595265	-0,0964
0,596134	0,1318
0,597003	0,3546
0,597872	0,5435
0,598741	0,6851
0,599610	0,7770
0,600479	0,8209
0,601348	0,7950
0,602217	0,7108
0,603086	0,5622
0,603955	0,3729
0,604824	0,1553
0,605693	-0,0714
0,606562	-0,2985
0,607431	-0,5072
0,608300	-0,6711
0,609169	-0,7886
0,610038	-0,8548
0,610907	-0,8585
0,611776	-0,8029
0,612645	-0,6815
0,613514	-0,5084
0,614383	-0,3064
0,615252	-0,0833
0,616121	0,1428
0,616990	0,3629
0,617859	0,5490
0,618728	0,6858
0,619597	0,7733
0,620466	0,8090
0,621335	0,7825
0,622204	0,6940
0,623073	0,5521
0,623942	0,3616
0,624811	0,1477
0,625680	-0,0739
0,626549	-0,2997
0,627418	-0,5063
0,628287	-0,6674
0,629156	-0,7834
0,630025	-0,8466
0,630894	-0,8478
0,631763	-0,7895
0,632632	-0,6729
0,633501	-0,5026
0,634370	-0,2985
0,635239	-0,0745
0,636108	0,1535
0,636977	0,3769
0,637846	0,5670
0,638715	0,7074
0,639584	0,7974
0,640453	0,8383
0,641322	0,8045
0,642191	0,7233
0,643060	0,5750
0,643929	0,3824
0,644798	0,1630
0,645667	-0,0635
0,646536	-0,2930
0,647405	-0,5069
0,648274	-0,6708
0,649143	-0,7907
0,650012	-0,8542
0,650881	-0,8615
0,651750	-0,7978
0,652619	-0,6800
0,653488	-0,5115
0,654357	-0,3046
0,655226	-0,0806
0,656095	0,1456
0,656964	0,3702
0,657833	0,5609
0,658702	0,7041
0,659571	0,7974
0,660440	0,8371
0,661309	0,8167
0,662178	0,7327
0,663047	0,5869
0,663916	0,4025
0,664785	0,1871
0,665654	-0,0336
0,666523	-0,2582
0,667392	-0,4709
0,668261	-0,6394
0,669130	-0,7569
0,669999	-0,8301
0,670868	-0,8399
0,671737	-0,7862
0,672606	-0,6760
0,673475	-0,5127
0,674344	-0,3110
0,675213	-0,0900
0,676082	0,1337
0,676951	0,3562
0,677820	0,5438
0,678689	0,6879
0,679558	0,7819
0,680427	0,8261
0,681296	0,8026
0,682165	0,7205
0,683034	0,5789
0,683903	0,3925
0,684772	0,1767
0,685641	-0,0430
0,686510	-0,2664
0,687379	-0,4746
0,688248	-0,6366
0,689117	-0,7523
0,689986	-0,8145
0,690855	-0,8194
0,691724	-0,7651
0,692593	-0,6525
0,693462	-0,4865
0,694331	-0,2853
0,695200	-0,0671
0,696069	0,1529
0,696938	0,3705
0,697807	0,5573
0,698676	0,6952
0,699545	0,7837
0,700414	0,8243
0,701283	0,7959
0,702152	0,7141
0,703021	0,5750
0,703890	0,3842
0,704759	0,1685
0,705628	-0,0528
0,706497	-0,2780
0,707366	-0,4901
0,708235	-0,6574
0,709104	-0,7691
0,709973	-0,8341
0,710842	-0,8383
0,711711	-0,7883
0,712580	-0,6702
0,713449	-0,5002
0,714318	-0,2969
0,715187	-0,0729
0,716056	0,1535
0,716925	0,3772
0,717794	0,5679
0,718663	0,7114
0,719532	0,8029
0,720401	0,8441
0,721270	0,8243
0,722139	0,7358
0,723008	0,5908
0,723877	0,3992
0,724746	0,1813
0,725615	-0,0439
0,726484	-0,2698
0,727353	-0,4843
0,728222	-0,6540
0,729091	-0,7749
0,729960	-0,8405
0,730829	-0,8490
0,731698	-0,7953
0,732567	-0,6830
0,733436	-0,5185
0,734305	-0,3186
0,735174	-0,0998
0,736043	0,1239
0,736912	0,3467
0,737781	0,5396
0,738650	0,6851
0,739519	0,7819
0,740388	0,8234
0,741257	0,8072
0,742126	0,7306
0,742995	0,5936
0,743864	0,4035
0,744733	0,1892
0,745602	-0,0333
0,746471	-0,2603
0,747340	-0,4755
0,748209	-0,6409
0,749078	-0,7605
0,749947	-0,8347
0,750816	-0,8417
0,751685	-0,7828
0,752554	-0,6778
0,753423	-0,5103
0,754292	-0,3082
0,755161	-0,0888
0,756030	0,1340
0,756899	0,3534
0,757768	0,5405
0,758637	0,6793
0,759506	0,7709
0,760375	0,8100
0,761244	0,7874
0,762113	0,7022
0,762982	0,5655
0,763851	0,3760
0,764720	0,1636
0,765589	-0,0577
0,766458	-0,2823
0,767327	-0,4950
0,768196	-0,6589
0,769065	-0,7752
0,769934	-0,8441
0,770803	-0,8478
0,771672	-0,7901
0,772541	-0,6720
0,773410	-0,5087
0,774279	-0,3070
0,775148	-0,0839
0,776017	0,1440
0,776886	0,3693
0,777755	0,5594
0,778624	0,7031
0,779493	0,7944
0,780362	0,8390
0,781231	0,8112
0,782100	0,7285
0,782969	0,5753
0,783838	0,3867
0,784707	0,1682
0,785576	-0,0620
0,786445	-0,2951
0,787314	-0,5097
0,788183	-0,6803
0,789052	-0,7996
0,789921	-0,8686
0,790790	-0,8704
0,791659	-0,8173
0,792528	-0,6952
0,793397	-0,5249
0,794266	-0,3198
0,795135	-0,0949
0,796004	0,1355
0,796873	0,3598
0,797742	0,5496
0,798611	0,6958
0,799480	0,7910
0,800349	0,8347
0,801218	0,8136
0,802087	0,7312
0,802956	0,5838
0,803825	0,3995
0,804694	0,1831
0,805563	-0,0443
0,806432	-0,2731
0,807301	-0,4880
0,808170	-0,6568
0,809039	-0,7785
0,809908	-0,8509
0,810777	-0,8594
0,811646	-0,7974
0,812515	-0,6861
0,813384	-0,5210
0,814253	-0,3183
0,815122	-0,0931
0,815991	0,1346
0,816860	0,3565
0,817729	0,5396
0,818598	0,6864
0,819467	0,7788
0,820336	0,8176
0,821205	0,7855
0,822074	0,6986
0,822943	0,5576
0,823812	0,3702
0,824681	0,1544
0,825550	-0,0708
0,826419	-0,2930
0,827288	-0,5020
0,828157	-0,6571
0,829026	-0,7645
0,829895	-0,8264
0,830764	-0,8249
0,831633	-0,7651
0,832502	-0,6479
0,833371	-0,4883
0,834240	-0,2857
0,835109	-0,0641
0,835978	0,1563
0,836847	0,3693
0,837716	0,5487
0,838585	0,6827
0,839454	0,7709
0,840323	0,8051
0,841192	0,7752
0,842061	0,6906
0,842930	0,5551
0,843799	0,3662
0,844668	0,1547
0,845537	-0,0656
0,846406	-0,2850
0,847275	-0,4883
0,848144	-0,6479
0,849013	-0,7682
0,849882	-0,8329
0,850751	-0,8365
0,851620	-0,7828
0,852489	-0,6775
0,853358	-0,5118
0,854227	-0,3146
0,855096	-0,0952
0,855965	0,1276
0,856834	0,3461
0,857703	0,5387
0,858572	0,6827
0,859441	0,7797
0,860310	0,8240
0,861179	0,8060
0,862048	0,7340
0,862917	0,5899
0,863786	0,4077
0,864655	0,1962
0,865524	-0,0262
0,866393	-0,2564
0,867262	-0,4712
0,868131	-0,6439
0,869000	-0,7703
0,869869	-0,8426
0,870738	-0,8557
0,871607	-0,8023
0,872476	-0,6867
0,873345	-0,5231
0,874214	-0,3183
0,875083	-0,0934
0,875952	0,1355
0,876821	0,3580
0,877690	0,5454
0,878559	0,6861
0,879428	0,7773
0,880297	0,8136
0,881166	0,7779
0,882035	0,6931
0,882904	0,5533
0,883773	0,3693
0,884642	0,1559
0,885511	-0,0626
0,886380	-0,2795
0,887249	-0,4801
0,888118	-0,6366
0,888987	-0,7450
0,889856	-0,8045
0,890725	-0,8087
0,891594	-0,7498
0,892463	-0,6421
0,893332	-0,4877
0,894201	-0,2908
0,895070	-0,0778
0,895939	0,1379
0,896808	0,3510
0,897677	0,5344
0,898546	0,6809
0,899415	0,7743
0,900284	0,8188
0,901153	0,8023
0,902022	0,7270
0,902891	0,5881
0,903760	0,3980
0,904629	0,1831
0,905498	-0,0452
0,906367	-0,2768
0,907236	-0,4941
0,908105	-0,6693
0,908974	-0,7877
0,909843	-0,8554
0,910712	-0,8655
0,911581	-0,8014
0,912450	-0,6815
0,913319	-0,5121
0,914188	-0,3088
0,915057	-0,0824
0,915926	0,1459
0,916795	0,3641
0,917664	0,5496
0,918533	0,6858
0,919402	0,7758
0,920271	0,8151
0,921140	0,7859
0,922009	0,7053
0,922878	0,5695
0,923747	0,3900
0,924616	0,1828
0,925485	-0,0320
0,926354	-0,2469
0,927223	-0,4526
0,928092	-0,6174
0,928961	-0,7389
0,929830	-0,8097
0,930699	-0,8237
0,931568	-0,7773
0,932437	-0,6708
0,933306	-0,5152
0,934175	-0,3180
0,935044	-0,0989
0,935913	0,1242
0,936782	0,3467
0,937651	0,5380
0,938520	0,6821
0,939389	0,7736
0,940258	0,8173
0,941127	0,7929
0,941996	0,7022
0,942865	0,5628
0,943734	0,3720
0,944603	0,1556
0,945472	-0,0708
0,946341	-0,2927
0,947210	-0,4962
0,948079	-0,6534
0,948948	-0,7611
0,949817	-0,8194
0,950686	-0,8240
0,951555	-0,7639
0,952424	-0,6519
0,953293	-0,4910
0,954162	-0,2976
0,955031	-0,0833
0,955900	0,1331
0,956769	0,3485
0,957638	0,5362
0,958507	0,6827
0,959376	0,7794
0,960245	0,8255
0,961114	0,8103
0,961983	0,7349
0,962852	0,5924
0,963721	0,4031
0,964590	0,1880
0,965459	-0,0397
0,966328	-0,2716
0,967197	-0,4877
0,968066	-0,6592
0,968935	-0,7761
0,969804	-0,8457
0,970673	-0,8493
0,971542	-0,7843
0,972411	-0,6705
0,973280	-0,5100
0,974149	-0,3098
0,975018	-0,0919
0,975887	0,1239
0,976756	0,3336
0,977625	0,5145
0,978494	0,6540
0,979363	0,7471
0,980232	0,7859
0,981101	0,7660
0,981970	0,7022
0,982839	0,5722
0,983708	0,3928
0,984577	0,1840
0,985446	-0,0348
0,986315	-0,2603
0,987184	-0,4727
0,988053	-0,6427
0,988922	-0,7608
0,989791	-0,8295
0,990660	-0,8420
0,991529	-0,7770
0,992398	-0,6616
0,993267	-0,4944
0,994136	-0,2948
0,995005	-0,0699
0,995874	0,1514
0,996743	0,3632
0,997612	0,5393
0,998481	0,6726
0,999350	0,7566
1,000219	0,7953
1,001088	0,7736
1,001957	0,6937
1,002826	0,5658
1,003695	0,3861
1,004564	0,1785
1,005433	-0,0403
1,006302	-0,2640
1,007171	-0,4810
1,008040	-0,6540
1,008909	-0,7788
1,009778	-0,8521
1,010647	-0,8600
1,011516	-0,8057
1,012385	-0,6903
1,013254	-0,5188
1,014123	-0,3134
1,014992	-0,0873
1,015861	0,1386
1,016730	0,3522
1,017599	0,5350
1,018468	0,6711
1,019337	0,7617
1,020206	0,7984
1,021075	0,7794
1,021944	0,7044
1,022813	0,5768
1,023682	0,4022
1,024551	0,2005
1,025420	-0,0153
1,026289	-0,2356
1,027158	-0,4489
1,028027	-0,6223
1,028896	-0,7495
1,029765	-0,8252
1,030634	-0,8396
1,031503	-0,7831
1,032372	-0,6671
1,033241	-0,5008
1,034110	-0,2982
1,034979	-0,0748
1,035848	0,1483
1,036717	0,3592
1,037586	0,5344
1,038455	0,6638
1,039324	0,7477
1,040193	0,7859
1,041062	0,7645
1,041931	0,6879
1,042800	0,5585
1,043669	0,3836
1,044538	0,1819
1,045407	-0,0342
1,046276	-0,2573
1,047145	-0,4730
1,048014	-0,6464
1,048883	-0,7733
1,049752	-0,8469
1,050621	-0,8545
1,051490	-0,7904
1,052359	-0,6690
1,053228	-0,5017
1,054097	-0,2957
1,054966	-0,0696
1,055835	0,1520
1,056704	0,3638
1,057573	0,5390
1,058442	0,6760
1,059311	0,7620
1,060180	0,8020
1,061049	0,7892
1,061918	0,7190
1,062787	0,5908
1,063656	0,4126
1,064525	0,2057
1,065394	-0,0162
1,066263	-0,2478
1,067132	-0,4669
1,068001	-0,6403
1,068870	-0,7639
1,069739	-0,8356
1,070608	-0,8368
1,071477	-0,7773
1,072346	-0,6592
1,073215	-0,5011
1,074084	-0,3034
1,074953	-0,0916
1,075822	0,1187
1,076691	0,3259
1,077560	0,5090
1,078429	0,6458
1,079298	0,7431
1,080167	0,7941
1,081036	0,7831
1,081905	0,7019
1,082774	0,5759
1,083643	0,3876
1,084512	0,1752
1,085381	-0,0522
1,086250	-0,2808
1,087119	-0,4868
1,087988	-0,6433
1,088857	-0,7553
1,089726	-0,8133
1,090595	-0,8124
1,091464	-0,7620
1,092333	-0,6537
1,093202	-0,5020
1,094071	-0,3110
1,094940	-0,0983
1,095809	0,1205
1,096678	0,3439
1,097547	0,5423
1,098416	0,6940
1,099285	0,7920
1,100154	0,8365
1,101023	0,8097
1,101892	0,7147
1,102761	0,5664
1,103630	0,3854
1,104499	0,1715
1,105368	-0,0427
1,106237	-0,2536
1,107106	-0,4526
1,107975	-0,6134
1,108844	-0,7334
1,109713	-0,8103
1,110582	-0,8322
1,111451	-0,7907
1,112320	-0,6970
1,113189	-0,5377
1,114058	-0,3369
1,114927	-0,1096
1,115796	0,1221
1,116665	0,3424
1,117534	0,5310
1,118403	0,6662
1,119272	0,7474
1,120141	0,7776
1,121010	0,7553
1,121879	0,6793
1,122748	0,5554
1,123617	0,3818
1,124486	0,1825
1,125355	-0,0302
1,126224	-0,2490
1,127093	-0,4648
1,127962	-0,6384
1,128831	-0,7569
1,129700	-0,8289
1,130569	-0,8304
1,131438	-0,7730
1,132307	-0,6522
1,133176	-0,4904
1,134045	-0,2911
1,134914	-0,0766
1,135783	0,1349
1,136652	0,3412
1,137521	0,5237
1,138390	0,6690
1,139259	0,7694
1,140128	0,8191
1,140997	0,8045
1,141866	0,7294
1,142735	0,5884
1,143604	0,3983
1,144473	0,1810
1,145342	-0,0473
1,146211	-0,2689
1,147080	-0,4694
1,147949	-0,6247
1,148818	-0,7404
1,149687	-0,8060
1,150556	-0,8170
1,151425	-0,7749
1,152294	-0,6845
1,153163	-0,5353
1,154032	-0,3427
1,154901	-0,1251
1,155770	0,1044
1,156639	0,3311
1,157508	0,5228
1,158377	0,6662
1,159246	0,7556
1,160115	0,7892
1,160984	0,7562
1,161853	0,6745
1,162722	0,5478
1,163591	0,3742
1,164460	0,1773
1,165329	-0,0299
1,166198	-0,2414
1,167067	-0,4538
1,167936	-0,6278
1,168805	-0,7538
1,169674	-0,8240
1,170543	-0,8344
1,171412	-0,7700
1,172281	-0,6555
1,173150	-0,4941
1,174019	-0,2915
1,174888	-0,0766
1,175757	0,1364
1,176626	0,3424
1,177495	0,5206
1,178364	0,6693
1,179233	0,7697
1,180102	0,8200
1,180971	0,8090
1,181840	0,7300
1,182709	0,5921
1,183578	0,3995
1,184447	0,1807
1,185316	-0,0455
1,186185	-0,2615
1,187054	-0,4614
1,187923	-0,6171
1,188792	-0,7321
1,189661	-0,8020
1,190530	-0,8222
1,191399	-0,7797
1,192268	-0,6873
1,193137	-0,5368
1,194006	-0,3427
1,194875	-0,1178
1,195744	0,1135
1,196613	0,3378
1,197482	0,5277
1,198351	0,6589
1,199220	0,7428
1,200089	0,7736
1,200958	0,7520
1,201827	0,6818
1,202696	0,5673
1,203565	0,3903
1,204434	0,1901
1,205303	-0,0253
1,206172	-0,2512
1,207041	-0,4700
1,207910	-0,6391
1,208779	-0,7575
1,209648	-0,8173
1,210517	-0,8191
1,211386	-0,7535
1,212255	-0,6430
1,213124	-0,4929
1,213993	-0,3055
1,214862	-0,0989
1,215731	0,1151
1,216600	0,3348
1,217469	0,5344
1,218338	0,6861
1,219207	0,7855
1,220076	0,8329
1,220945	0,8002
1,221814	0,7065
1,222683	0,5686
1,223552	0,3848
1,224421	0,1819
1,225290	-0,0247
1,226159	-0,2322
1,227028	-0,4361
1,227897	-0,6116
1,228766	-0,7428
1,229635	-0,8240
1,230504	-0,8466
1,231373	-0,7923
1,232242	-0,6803
1,233111	-0,5145
1,233980	-0,3116
1,234849	-0,0952
1,235718	0,1147
1,236587	0,3168
1,237456	0,4959
1,238325	0,6339
1,239194	0,7343
1,240063	0,7901
1,240932	0,7843
1,241801	0,7071
1,242670	0,5628
1,243539	0,3824
1,244408	0,1663
1,245277	-0,0549
1,246146	-0,2658
1,247015	-0,4556
1,247884	-0,6122
1,248753	-0,7300
1,249622	-0,8051
1,250491	-0,8289
1,251360	-0,7880
1,252229	-0,6858
1,253098	-0,5213
1,253967	-0,3128
1,254836	-0,0836
1,255705	0,1434
1,256574	0,3546
1,257443	0,5316
1,258312	0,6565
1,259181	0,7462
1,260050	0,7901
1,260919	0,7846
1,261788	0,7260
1,262657	0,5933
1,263526	0,4129
1,264395	0,1975
1,265264	-0,0320
1,266133	-0,2554
1,267002	-0,4563
1,267871	-0,6119
1,268740	-0,7257
1,269609	-0,7913
1,270478	-0,8118
1,271347	-0,7709
1,272216	-0,6751
1,273085	-0,5213
1,273954	-0,3235
1,274823	-0,0983
1,275692	0,1303
1,276561	0,3439
1,277430	0,5219
1,278299	0,6455
1,279168	0,7285
1,280037	0,7672
1,280906	0,7596
1,281775	0,6928
1,282644	0,5759
1,283513	0,3983
1,284382	0,1859
1,285251	-0,0449
1,286120	-0,2756
1,286989	-0,4837
1,287858	-0,6400
1,288727	-0,7480
1,289596	-0,8039
1,290465	-0,8130
1,291334	-0,7755
1,292203	-0,6793
1,293072	-0,5289
1,293941	-0,3336
1,294810	-0,1090
1,295679	0,1199
1,296548	0,3385
1,297417	0,5231
1,298286	0,6534
1,299155	0,7407
1,300024	0,7813
1,300893	0,7712
1,301762	0,7123
1,302631	0,5881
1,303500	0,4196
1,304369	0,2100
1,305238	-0,0214
1,306107	-0,2496
1,306976	-0,4553
1,307845	-0,6122
1,308714	-0,7187
1,309583	-0,7752
1,310452	-0,7874
1,311321	-0,7562
1,312190	-0,6638
1,313059	-0,5112
1,313928	-0,3235
1,314797	-0,1016
1,315666	0,1282
1,316535	0,3461
1,317404	0,5271
1,318273	0,6555
1,319142	0,7340
1,320011	0,7773
1,320880	0,7669
1,321749	0,7041
1,322618	0,5847
1,323487	0,4038
1,324356	0,1874
1,325225	-0,0461
1,326094	-0,2744
1,326963	-0,4794
1,327832	-0,6296
1,328701	-0,7382
1,329570	-0,7996
1,330439	-0,8139
1,331308	-0,7776
1,332177	-0,6900
1,333046	-0,5325
1,333915	-0,3385
1,334784	-0,1120
1,335653	0,1163
1,336522	0,3290
1,337391	0,5090
1,338260	0,6415
1,339129	0,7306
1,339998	0,7785
1,340867	0,7761
1,341736	0,7144
1,342605	0,5823
1,343474	0,3970
1,344343	0,1794
1,345212	-0,0455
1,346081	-0,2591
1,346950	-0,4505
1,347819	-0,5988
1,348688	-0,7138
1,349557	-0,7834
1,350426	-0,8084
1,351295	-0,7694
1,352164	-0,6674
1,353033	-0,5121
1,353902	-0,3073
1,354771	-0,0806
1,355640	0,1358
1,356509	0,3366
1,357378	0,5139
1,358247	0,6513
1,359116	0,7480
1,359985	0,8060
1,360854	0,8017
1,361723	0,7215
1,362592	0,5786
1,363461	0,3925
1,364330	0,1791
1,365199	-0,0320
1,366068	-0,2350
1,366937	-0,4303
1,367806	-0,5976
1,368675	-0,7300
1,369544	-0,8173
1,370413	-0,8475
1,371282	-0,7892
1,372151	-0,6735
1,373020	-0,5097
1,373889	-0,3125
1,374758	-0,1059
1,375627	0,0964
1,376496	0,3003
1,377365	0,4917
1,378234	0,6406
1,379103	0,7453
1,379972	0,7953
1,380841	0,7700
1,381710	0,6809
1,382579	0,5481
1,383448	0,3720
1,384317	0,1782
1,385186	-0,0229
1,386055	-0,2326
1,386924	-0,4462
1,387793	-0,6293
1,388662	-0,7559
1,389531	-0,8237
1,390400	-0,8200
1,391269	-0,7529
1,392138	-0,6421
1,393007	-0,5051
1,393876	-0,3241
1,394745	-0,1187
1,395614	0,0992
1,396483	0,3238
1,397352	0,5213
1,398221	0,6601
1,399090	0,7468
1,399959	0,7797
1,400828	0,7636
1,401697	0,6977
1,402566	0,5847
1,403435	0,4190
1,404304	0,2167
1,405173	-0,0137
1,406042	-0,2432
1,406911	-0,4505
1,407780	-0,6052
1,408649	-0,7120
1,409518	-0,7721
1,410387	-0,7883
1,411256	-0,7578
1,412125	-0,6665
1,412994	-0,5136
1,413863	-0,3162
1,414732	-0,0916
1,415601	0,1306
1,416470	0,3333
1,417339	0,5039
1,418208	0,6348
1,419077	0,7321
1,419946	0,7886
1,420815	0,7907
1,421684	0,7147
1,422553	0,5704
1,423422	0,3800
1,424291	0,1654
1,425160	-0,0458
1,426029	-0,2463
1,426898	-0,4392
1,427767	-0,6061
1,428636	-0,7346
1,429505	-0,8151
1,430374	-0,8350
1,431243	-0,7685
1,432112	-0,6595
1,432981	-0,5042
1,433850	-0,3214
1,434719	-0,1230
1,435588	0,0815
1,436457	0,2966
1,437326	0,4962
1,438195	0,6491
1,439064	0,7447
1,439933	0,7776
1,440802	0,7434
1,441671	0,6687
1,442540	0,5451
1,443409	0,3888
1,444278	0,1975
1,445147	-0,0159
1,446016	-0,2432
1,446885	-0,4596
1,447754	-0,6198
1,448623	-0,7334
1,449492	-0,7868
1,450361	-0,7923
1,451230	-0,7608
1,452099	-0,6699
1,452968	-0,5219
1,453837	-0,3253
1,454706	-0,0958
1,455575	0,1343
1,456444	0,3439
1,457313	0,5155
1,458182	0,6400
1,459051	0,7324
1,459920	0,7874
1,460789	0,7886
1,461658	0,7187
1,462527	0,5786
1,463396	0,3974
1,464265	0,1846
1,465134	-0,0229
1,466003	-0,2222
1,466872	-0,4184
1,467741	-0,5887
1,468610	-0,7248
1,469479	-0,8048
1,470348	-0,8167
1,471217	-0,7468
1,472086	-0,6384
1,472955	-0,4843
1,473824	-0,3088
1,474693	-0,1132
1,475562	0,0919
1,476431	0,3119
1,477300	0,5136
1,478169	0,6555
1,479038	0,7404
1,479907	0,7718
1,480776	0,7492
1,481645	0,6861
1,482514	0,5637
1,483383	0,4028
1,484252	0,1971
1,485121	-0,0333
1,485990	-0,2652
1,486859	-0,4694
1,487728	-0,6204
1,488597	-0,7236
1,489466	-0,7895
1,490335	-0,8112
1,491204	-0,7791
1,492073	-0,6861
1,492942	-0,5264
1,493811	-0,3247
1,494680	-0,1032
1,495549	0,1032
1,496418	0,2991
1,497287	0,4788
1,498156	0,6290
1,499025	0,7392
1,499894	0,7917
1,500763	0,7651
1,501632	0,6803
1,502501	0,5451
1,503370	0,3757
1,504239	0,1871
1,505108	-0,0131
1,505977	-0,2243
1,506846	-0,4428
1,507715	-0,6171
1,508584	-0,7327
1,509453	-0,7892
1,510322	-0,7889
1,511191	-0,7419
1,512060	-0,6568
1,512929	-0,5203
1,513798	-0,3284
1,514667	-0,1028
1,515536	0,1303
1,516405	0,3427
1,517274	0,5161
1,518143	0,6388
1,519012	0,7285
1,519881	0,7794
1,520750	0,7831
1,521619	0,7147
1,522488	0,5762
1,523357	0,3925
1,524226	0,1852
1,525095	-0,0165
1,525964	-0,2145
1,526833	-0,4166
1,527702	-0,5942
1,528571	-0,7263
1,529440	-0,8002
1,530309	-0,8029
1,531178	-0,7327
1,532047	-0,6339
1,532916	-0,5020
1,533785	-0,3235
1,534654	-0,1196
1,535523	0,1035
1,536392	0,3293
1,537261	0,5112
1,538130	0,6403
1,538999	0,7208
1,539868	0,7596
1,540737	0,7584
1,541606	0,7038
1,542475	0,5741
1,543344	0,3952
1,544213	0,1721
1,545082	-0,0482
1,545951	-0,2496
1,546820	-0,4358
1,547689	-0,5963
1,548558	-0,7248
1,549427	-0,8072
1,550296	-0,8243
1,551165	-0,7617
1,552034	-0,6525
1,552903	-0,5020
1,553772	-0,3284
1,554641	-0,1337
1,555510	0,0790
1,556379	0,3021
1,557248	0,5008
1,558117	0,6397
1,558986	0,7199
1,559855	0,7474
1,560724	0,7379
1,561593	0,6836
1,562462	0,5713
1,563331	0,3952
1,564200	0,1859
1,565069	-0,0403
1,565938	-0,2481
1,566807	-0,4340
1,567676	-0,5902
1,568545	-0,7132
1,569414	-0,7984
1,570283	-0,8277
1,571152	-0,7703
1,572021	-0,6503
1,572890	-0,4917
1,573759	-0,3070
1,574628	-0,1117
1,575497	0,0925
1,576366	0,3095
1,577235	0,5094
1,578104	0,6500
1,578973	0,7379
1,579842	0,7678
1,580711	0,7492
1,581580	0,7010
1,582449	0,5908
1,583318	0,4187
1,584187	0,2057
1,585056	-0,0247
1,585925	-0,2368
1,586794	-0,4248
1,587663	-0,5753
1,588532	-0,6989
1,589401	-0,7816
1,590270	-0,8087
1,591139	-0,7572
1,592008	-0,6409
1,592877	-0,4846
1,593746	-0,3040
1,594615	-0,1123
1,595484	0,0891
1,596353	0,3098
1,597222	0,5145
1,598091	0,6589
1,598960	0,7398
1,599829	0,7666
1,600698	0,7462
1,601567	0,6928
1,602436	0,5765
1,603305	0,4062
1,604174	0,1944
1,605043	-0,0314
1,605912	-0,2377
1,606781	-0,4251
1,607650	-0,5789
1,608519	-0,7083
1,609388	-0,8002
1,610257	-0,8289
1,611126	-0,7752
1,611995	-0,6558
1,612864	-0,5048
1,613733	-0,3223
1,614602	-0,1273
1,615471	0,0818
1,616340	0,3049
1,617209	0,5026
1,618078	0,6369
1,618947	0,7144
1,619816	0,7459
1,620685	0,7361
1,621554	0,6876
1,622423	0,5765
1,623292	0,3952
1,624161	0,1773
1,625030	-0,0430
1,625899	-0,2420
1,626768	-0,4306
1,627637	-0,5997
1,628506	-0,7352
1,629375	-0,8139
1,630244	-0,8225
1,631113	-0,7474
1,631982	-0,6433
1,632851	-0,5057
1,633720	-0,3363
1,634589	-0,1343
1,635458	0,0906
1,636327	0,3168
1,637196	0,5020
1,638065	0,6284
1,638934	0,7120
1,639803	0,7593
1,640672	0,7666
1,641541	0,7022
1,642410	0,5618
1,643279	0,3769
1,644148	0,1727
1,645017	-0,0226
1,645886	-0,2164
1,646755	-0,4202
1,647624	-0,5985
1,648493	-0,7270
1,649362	-0,7868
1,650231	-0,7831
1,651100	-0,7279
1,651969	-0,6497
1,652838	-0,5136
1,653707	-0,3290
1,654576	-0,1019
1,655445	0,1276
1,656314	0,3290
1,657183	0,4956
1,658052	0,6250
1,658921	0,7242
1,659790	0,7874
1,660659	0,7733
1,661528	0,6882
1,662397	0,5588
1,663266	0,3894
1,664135	0,2063
1,665004	0,0067
1,665873	-0,2152
1,666742	-0,4334
1,667611	-0,5979
1,668480	-0,7028
1,669349	-0,7538
1,670218	-0,7721
1,671087	-0,7477
1,671956	-0,6626
1,672825	-0,5060
1,673694	-0,3070
1,674563	-0,0934
1,675432	0,1019
1,676301	0,2921
1,677170	0,4852
1,678039	0,6418
1,678908	0,7425
1,679777	0,7816
1,680646	0,7443
1,681515	0,6693
1,682384	0,5612
1,683253	0,4025
1,684122	0,2036
1,684991	-0,0223
1,685860	-0,2405
1,686729	-0,4294
1,687598	-0,5780
1,688467	-0,6992
1,689336	-0,7846
1,690205	-0,8206
1,691074	-0,7703
1,691943	-0,6522
1,692812	-0,4968
1,693681	-0,3217
1,694550	-0,1294
1,695419	0,0818
1,696288	0,3052
1,697157	0,5002
1,698026	0,6259
1,698895	0,7028
1,699764	0,7434
1,700633	0,7443
1,701502	0,6925
1,702371	0,5615
1,703240	0,3827
1,704109	0,1703
1,704978	-0,0311
1,705847	-0,2252
1,706716	-0,4276
1,707585	-0,6095
1,708454	-0,7370
1,709323	-0,7993
1,710192	-0,7920
1,711061	-0,7398
1,711930	-0,6543
1,712799	-0,5234
1,713668	-0,3409
1,714537	-0,1172
1,715406	0,1053
1,716275	0,3009
1,717144	0,4743
1,718013	0,6149
1,718882	0,7221
1,719751	0,7791
1,720620	0,7511
1,721489	0,6586
1,722358	0,5402
1,723227	0,3882
1,724096	0,2029
1,724965	-0,0034
1,725834	-0,2356
1,726703	-0,4401
1,727572	-0,5866
1,728441	-0,6903
1,729310	-0,7657
1,730179	-0,8029
1,731048	-0,7642
1,731917	-0,6482
1,732786	-0,4840
1,733655	-0,3018
1,734524	-0,1126
1,735393	0,0851
1,736262	0,3018
1,737131	0,4984
1,738000	0,6317
1,738869	0,7120
1,739738	0,7498
1,740607	0,7581
1,741476	0,7077
1,742345	0,5844
1,743214	0,3928
1,744083	0,1828
1,744952	-0,0156
1,745821	-0,2081
1,746690	-0,4105
1,747559	-0,5893
1,748428	-0,7108
1,749297	-0,7703
1,750166	-0,7651
1,751035	-0,7257
1,751904	-0,6464
1,752773	-0,5133
1,753642	-0,3204
1,754511	-0,0949
1,755380	0,1144
1,756249	0,3021
1,757118	0,4816
1,757987	0,6293
1,758856	0,7407
1,759725	0,7819
1,760594	0,7453
1,761463	0,6662
1,762332	0,5554
1,763201	0,4062
1,764070	0,2094
1,764939	-0,0168
1,765808	-0,2338
1,766677	-0,4209
1,767546	-0,5737
1,768415	-0,6955
1,769284	-0,7822
1,770153	-0,8036
1,771022	-0,7392
1,771891	-0,6296
1,772760	-0,4910
1,773629	-0,3241
1,774498	-0,1260
1,775367	0,0958
1,776236	0,3150
1,777105	0,4886
1,777974	0,6088
1,778843	0,7031
1,779712	0,7648
1,780581	0,7678
1,781450	0,6833
1,782319	0,5466
1,783188	0,3711
1,784057	0,1892
1,784926	-0,0027
1,785795	-0,2228
1,786664	-0,4349
1,787533	-0,5927
1,788402	-0,6977
1,789271	-0,7608
1,790140	-0,7929
1,791009	-0,7700
1,791878	-0,6647
1,792747	-0,5075
1,793616	-0,3125
1,794485	-0,1212
1,795354	0,0763
1,796223	0,2905
1,797092	0,4904
1,797961	0,6272
1,798830	0,7010
1,799699	0,7352
1,800568	0,7419
1,801437	0,6903
1,802306	0,5658
1,803175	0,3815
1,804044	0,1730
1,804913	-0,0226
1,805782	-0,2167
1,806651	-0,4270
1,807520	-0,6079
1,808389	-0,7273
1,809258	-0,7752
1,810127	-0,7749
1,810996	-0,7453
1,811865	-0,6699
1,812734	-0,5231
1,813603	-0,3207
1,814472	-0,1059
1,815341	0,0882
1,816210	0,2777
1,817079	0,4706
1,817948	0,6265
1,818817	0,7230
1,819686	0,7462
1,820555	0,7187
1,821424	0,6650
1,822293	0,5646
1,823162	0,3967
1,824031	0,1837
1,824900	-0,0308
1,825769	-0,2194
1,826638	-0,4041
1,827507	-0,5802
1,828376	-0,7147
1,829245	-0,7883
1,830114	-0,7761
1,830983	-0,7202
1,831852	-0,6473
1,832721	-0,5176
1,833590	-0,3250
1,834459	-0,1041
1,835328	0,0998
1,836197	0,2826
1,837066	0,4645
1,837935	0,6217
1,838804	0,7291
1,839673	0,7688
1,840542	0,7352
1,841411	0,6638
1,842280	0,5652
1,843149	0,4004
1,844018	0,1892
1,844887	-0,0323
1,845756	-0,2261
1,846625	-0,4041
1,847494	-0,5692
1,848363	-0,7047
1,849232	-0,7767
1,850101	-0,7773
1,850970	-0,7199
1,851839	-0,6381
1,852708	-0,5127
1,853577	-0,3265
1,854446	-0,0992
1,855315	0,1175
1,856184	0,3018
1,857053	0,4697
1,857922	0,6168
1,858791	0,7224
1,859660	0,7590
1,860529	0,7315
1,861398	0,6656
1,862267	0,5667
1,863136	0,4108
1,864005	0,2026
1,864874	-0,0229
1,865743	-0,2216
1,866612	-0,3998
1,867481	-0,5667
1,868350	-0,6973
1,869219	-0,7736
1,870088	-0,7712
1,870957	-0,7117
1,871826	-0,6326
1,872695	-0,5103
1,873564	-0,3302
1,874433	-0,1050
1,875302	0,1102
1,876171	0,2973
1,877040	0,4712
1,877909	0,6244
1,878778	0,7318
1,879647	0,7688
1,880516	0,7291
1,881385	0,6668
1,882254	0,5609
1,883123	0,4071
1,883992	0,1996
1,884861	-0,0235
1,885730	-0,2191
1,886599	-0,4001
1,887468	-0,5701
1,888337	-0,7047
1,889206	-0,7761
1,890075	-0,7663
1,890944	-0,7138
1,891813	-0,6388
1,892682	-0,5106
1,893551	-0,3220
1,894420	-0,0998
1,895289	0,1035
1,896158	0,2826
1,897027	0,4636
1,897896	0,6241
1,898765	0,7251
1,899634	0,7526
1,900503	0,7236
1,901372	0,6690
1,902241	0,5652
1,903110	0,3958
1,903979	0,1843
1,904848	-0,0226
1,905717	-0,2078
1,906586	-0,3986
1,907455	-0,5817
1,908324	-0,7132
1,909193	-0,7752
1,910062	-0,7703
1,910931	-0,7294
1,911800	-0,6577
1,912669	-0,5109
1,913538	-0,3116
1,914407	-0,0998
1,915276	0,0858
1,916145	0,2741
1,917014	0,4730
1,917883	0,6217
1,918752	0,7044
1,919621	0,7303
1,920490	0,7208
1,921359	0,6845
1,922228	0,5570
1,923097	0,3754
1,923966	0,1694
1,924835	-0,0174
1,925704	-0,2060
1,926573	-0,4151
1,927442	-0,5853
1,928311	-0,6894
1,929180	-0,7453
1,930049	-0,7712
1,930918	-0,7523
1,931787	-0,6534
1,932656	-0,4953
1,933525	-0,3079
1,934394	-0,1224
1,935263	0,0757
1,936132	0,2945
1,937001	0,4889
1,937870	0,6061
1,938739	0,6815
1,939608	0,7352
1,940477	0,7480
1,941346	0,6735
1,942215	0,5399
1,943084	0,3729
1,943953	0,1975
1,944822	-0,0027
1,945691	-0,2338
1,946560	-0,4401
1,947429	-0,5817
1,948298	-0,6775
1,949167	-0,7559
1,950036	-0,7917
1,950905	-0,7361
1,951774	-0,6281
1,952643	-0,4938
1,953512	-0,3339
1,954381	-0,1331
1,955250	0,0940
1,956119	0,2973
1,956988	0,4602
1,957857	0,5893
1,958726	0,7007
1,959595	0,7556
1,960464	0,7288
1,961333	0,6464
1,962202	0,5448
1,963071	0,3974
1,963940	0,2008
1,964809	-0,0269
1,965678	-0,2289
1,966547	-0,4065
1,967416	-0,5698
1,968285	-0,7068
1,969154	-0,7791
1,970023	-0,7697
1,970892	-0,7184
1,971761	-0,6436
1,972630	-0,5094
1,973499	-0,3220
1,974368	-0,1038
1,975237	0,0888
1,976106	0,2731
1,976975	0,4657
1,977844	0,6180
1,978713	0,7007
1,979582	0,7239
1,980451	0,7178
1,981320	0,6815
1,982189	0,5493
1,983058	0,3754
1,983927	0,1761
1,984796	-0,0034
1,985665	-0,2008
1,986534	-0,4178
1,987403	-0,5875
1,988272	-0,6891
1,989141	-0,7447
1,990010	-0,7761
1,990879	-0,7486
1,991748	-0,6378
1,992617	-0,4840
1,993486	-0,3137
1,994355	-0,1328
1,995224	0,0787
1,996093	0,3003
1,996962	0,4788
1,997831	0,5969
1,998700	0,6906
1,999569	0,7556
2,000438	0,7428
2,001307	0,6500
2,002176	0,5295
2,003045	0,3885
2,003914	0,2060
2,004783	-0,0134
2,005652	-0,2292
2,006521	-0,4041
2,007390	-0,5539
2,008259	-0,6888
2,009128	-0,7709
2,009997	-0,7712
2,010866	-0,7096
2,011735	-0,6336
2,012604	-0,5036
2,013473	-0,3186
2,014342	-0,1016
2,015211	0,0858
2,016080	0,2658
2,016949	0,4639
2,017818	0,6201
2,018687	0,7068
2,019556	0,7297
2,020425	0,7263
2,021294	0,6796
2,022163	0,5423
2,023032	0,3653
2,023901	0,1752
2,024770	-0,0037
2,025639	-0,2075
2,026508	-0,4218
2,027377	-0,5753
2,028246	-0,6702
2,029115	-0,7398
2,029984	-0,7788
2,030853	-0,7385
2,031722	-0,6186
2,032591	-0,4733
2,033460	-0,3180
2,034329	-0,1251
2,035198	0,0949
2,036067	0,2945
2,036936	0,4526
2,037805	0,5890
2,038674	0,7025
2,039543	0,7581
2,040412	0,7236
2,041281	0,6455
2,042150	0,5536
2,043019	0,3928
2,043888	0,1843
2,044757	-0,0284
2,045626	-0,2087
2,046495	-0,3894
2,047364	-0,5710
2,048233	-0,6931
2,049102	-0,7440
2,049971	-0,7492
2,050840	-0,7263
2,051709	-0,6464
2,052578	-0,4877
2,053447	-0,2939
2,054316	-0,1083
2,055185	0,0772
2,056054	0,2872
2,056923	0,4755
2,057792	0,5927
2,058661	0,6772
2,059530	0,7407
2,060399	0,7566
2,061268	0,6665
2,062137	0,5356
2,063006	0,3864
2,063875	0,2045
2,064744	-0,0140
2,065613	-0,2286
2,066482	-0,4028
2,067351	-0,5484
2,068220	-0,6806
2,069089	-0,7611
2,069958	-0,7624
2,070827	-0,7019
2,071696	-0,6244
2,072565	-0,5069
2,073434	-0,3107
2,074303	-0,0928
2,075172	0,0922
2,076041	0,2722
2,076910	0,4685
2,077779	0,6088
2,078648	0,6821
2,079517	0,7163
2,080386	0,7318
2,081255	0,6800
2,082124	0,5432
2,082993	0,3687
2,083862	0,1947
2,084731	0,0024
2,085600	-0,2182
2,086469	-0,4187
2,087338	-0,5545
2,088207	-0,6635
2,089076	-0,7477
2,089945	-0,7767
2,090814	-0,7114
2,091683	-0,6165
2,092552	-0,5029
2,093421	-0,3259
2,094290	-0,1019
2,095159	0,1071
2,096028	0,2789
2,096897	0,4523
2,097766	0,6009
2,098635	0,6891
2,099504	0,7126
2,100373	0,7086
2,101242	0,6738
2,102111	0,5493
2,102980	0,3668
2,103849	0,1807
2,104718	-0,0015
2,105587	-0,2118
2,106456	-0,4209
2,107325	-0,5628
2,108194	-0,6632
2,109063	-0,7385
2,109932	-0,7746
2,110801	-0,7126
2,111670	-0,6110
2,112539	-0,4959
2,113408	-0,3275
2,114277	-0,1065
2,115146	0,1096
2,116015	0,2835
2,116884	0,4489
2,117753	0,5988
2,118622	0,6915
2,119491	0,7144
2,120360	0,6995
2,121229	0,6671
2,122098	0,5493
2,122967	0,3711
2,123836	0,1788
2,124705	-0,0012
2,125574	-0,2069
2,126443	-0,4172
2,127312	-0,5609
2,128181	-0,6555
2,129050	-0,7376
2,129919	-0,7749
2,130788	-0,7184
2,131657	-0,6183
2,132526	-0,4895
2,133395	-0,3269
2,134264	-0,1086
2,135133	0,1080
2,136002	0,2823
2,136871	0,4483
2,137740	0,5991
2,138609	0,6894
2,139478	0,7135
2,140347	0,7007
2,141216	0,6668
2,142085	0,5506
2,142954	0,3684
2,143823	0,1804
2,144692	-0,0006
2,145561	-0,2106
2,146430	-0,4175
2,147299	-0,5588
2,148168	-0,6568
2,149037	-0,7416
2,149906	-0,7718
2,150775	-0,7123
2,151644	-0,6125
2,152513	-0,4941
2,153382	-0,3247
2,154251	-0,1028
2,155120	0,1038
2,155989	0,2738
2,156858	0,4501
2,157727	0,5988
2,158596	0,6815
2,159465	0,7062
2,160334	0,7138
2,161203	0,6696
2,162072	0,5387
2,162941	0,3647
2,163810	0,1880
2,164679	0,0000
2,165548	-0,2185
2,166417	-0,4147
2,167286	-0,5493
2,168155	-0,6586
2,169024	-0,7508
2,169893	-0,7627
2,170762	-0,6995
2,171631	-0,6171
2,172500	-0,5042
2,173369	-0,3122
2,174238	-0,0925
2,175107	0,0897
2,175976	0,2661
2,176845	0,4572
2,177714	0,5924
2,178583	0,6626
2,179452	0,7074
2,180321	0,7218
2,181190	0,6522
2,182059	0,5188
2,182928	0,3671
2,183797	0,1944
2,184666	-0,0198
2,185535	-0,2301
2,186404	-0,3955
2,187273	-0,5451
2,188142	-0,6778
2,189011	-0,7453
2,189880	-0,7382
2,190749	-0,7028
2,191618	-0,6293
2,192487	-0,4855
2,193356	-0,2893
2,194225	-0,1068
2,195094	0,0729
2,195963	0,2823
2,196832	0,4605
2,197701	0,5716
2,198570	0,6650
2,199439	0,7346
2,200308	0,7215
2,201177	0,6317
2,202046	0,5289
2,202915	0,3812
2,203784	0,1788
2,204653	-0,0320
2,205522	-0,2066
2,206391	-0,3885
2,207260	-0,5640
2,208129	-0,6763
2,208998	-0,7218
2,209867	-0,7468
2,210736	-0,7266
2,211605	-0,6183
2,212474	-0,4645
2,213343	-0,3070
2,214212	-0,1257
2,215081	0,0894
2,215950	0,2817
2,216819	0,4352
2,217688	0,5802
2,218557	0,6919
2,219426	0,7270
2,220295	0,6928
2,221164	0,6427
2,222033	0,5399
2,222902	0,3601
2,223771	0,1672
2,224640	-0,0031
2,225509	-0,2048
2,226378	-0,4129
2,227247	-0,5564
2,228116	-0,6522
2,228985	-0,7352
2,229854	-0,7660
2,230723	-0,6940
2,231592	-0,6027
2,232461	-0,4889
2,233330	-0,3156
2,234199	-0,1001
2,235068	0,0827
2,235937	0,2579
2,236806	0,4572
2,237675	0,6000
2,238544	0,6693
2,239413	0,7068
2,240282	0,7221
2,241151	0,6424
2,242020	0,5118
2,242889	0,3641
2,243758	0,1965
2,244627	-0,0162
2,245496	-0,2203
2,246365	-0,3827
2,247234	-0,5423
2,248103	-0,6787
2,248972	-0,7327
2,249841	-0,7288
2,250710	-0,7047
2,251579	-0,6235
2,252448	-0,4715
2,253317	-0,2976
2,254186	-0,1282
2,255055	0,0793
2,255924	0,2921
2,256793	0,4514
2,257662	0,5701
2,258531	0,6815
2,259400	0,7193
2,260269	0,6784
2,261138	0,6326
2,262007	0,5344
2,262876	0,3613
2,263745	0,1663
2,264614	-0,0031
2,265483	-0,1975
2,266352	-0,4080
2,267221	-0,5515
2,268090	-0,6467
2,268959	-0,7294
2,269828	-0,7556
2,270697	-0,6845
2,271566	-0,5951
2,272435	-0,4837
2,273304	-0,3064
2,274173	-0,0928
2,275042	0,0848
2,275911	0,2683
2,276780	0,4645
2,277649	0,5924
2,278518	0,6534
2,279387	0,7089
2,280256	0,7233
2,281125	0,6323
2,281994	0,5121
2,282863	0,3842
2,283732	0,1999
2,284601	-0,0217
2,285470	-0,2026
2,286339	-0,3784
2,287208	-0,5567
2,288077	-0,6702
2,288946	-0,7080
2,289815	-0,7251
2,290684	-0,7050
2,291553	-0,6043
2,292422	-0,4563
2,293291	-0,3061
2,294160	-0,1166
2,295029	0,1035
2,295898	0,2829
2,296767	0,4404
2,297636	0,5890
2,298505	0,6839
2,299374	0,6986
2,300243	0,6949
2,301112	0,6540
2,301981	0,5286
2,302850	0,3598
2,303719	0,1941
2,304588	-0,0021
2,305457	-0,2225
2,306326	-0,3952
2,307195	-0,5307
2,308064	-0,6531
2,308933	-0,7239
2,309802	-0,7184
2,310671	-0,6796
2,311540	-0,6159
2,312409	-0,4700
2,313278	-0,2832
2,314147	-0,1099
2,315016	0,0845
2,315885	0,2960
2,316754	0,4541
2,317623	0,5679
2,318492	0,6769
2,319361	0,7236
2,320230	0,6888
2,321099	0,6403
2,321968	0,5438
2,322837	0,3626
2,323706	0,1672
2,324575	-0,0015
2,325444	-0,1938
2,326313	-0,3909
2,327182	-0,5240
2,328051	-0,6317
2,328920	-0,7208
2,329789	-0,7379
2,330658	-0,6699
2,331527	-0,5972
2,332396	-0,4648
2,333265	-0,2771
2,334134	-0,0894
2,335003	0,0800
2,335872	0,2844
2,336741	0,4624
2,337610	0,5670
2,338479	0,6583
2,339348	0,7242
2,340217	0,6894
2,341086	0,6137
2,341955	0,5277
2,342824	0,3699
2,343693	0,1672
2,344562	-0,0037
2,345431	-0,1883
2,346300	-0,4001
2,347169	-0,5499
2,348038	-0,6430
2,348907	-0,7230
2,349776	-0,7392
2,350645	-0,6681
2,351514	-0,5924
2,352383	-0,4779
2,353252	-0,2960
2,354121	-0,0934
2,354990	0,0751
2,355859	0,2655
2,356728	0,4599
2,357597	0,5716
2,358466	0,6500
2,359335	0,7132
2,360204	0,6961
2,361073	0,6085
2,361942	0,5121
2,362811	0,3729
2,363680	0,1669
2,364549	-0,0229
2,365418	-0,1938
2,366287	-0,3989
2,367156	-0,5554
2,368025	-0,6391
2,368894	-0,7105
2,369763	-0,7498
2,370632	-0,6760
2,371501	-0,5924
2,372370	-0,4880
2,373239	-0,3070
2,374108	-0,0995
2,374977	0,0735
2,375846	0,2643
2,376715	0,4572
2,377584	0,5664
2,378453	0,6363
2,379322	0,6998
2,380191	0,6839
2,381060	0,5994
2,381929	0,5097
2,382798	0,3616
2,383667	0,1578
2,384536	-0,0293
2,385405	-0,2008
2,386274	-0,4056
2,387143	-0,5597
2,388012	-0,6409
2,388881	-0,7218
2,389750	-0,7477
2,390619	-0,6818
2,391488	-0,5957
2,392357	-0,4813
2,393226	-0,2985
2,394095	-0,0958
2,394964	0,0699
2,395833	0,2597
2,396702	0,4370
2,397571	0,5411
2,398440	0,6336
2,399309	0,6995
2,400178	0,6714
2,401047	0,5936
2,401916	0,5075
2,402785	0,3433
2,403654	0,1465
2,404523	-0,0220
2,405392	-0,2087
2,406261	-0,4074
2,407130	-0,5368
2,407999	-0,6381
2,408868	-0,7270
2,409737	-0,7282
2,410606	-0,6644
2,411475	-0,6064
2,412344	-0,4691
2,413213	-0,2832
2,414082	-0,1138
2,414951	0,0678
2,415820	0,2814
2,416689	0,4410
2,417558	0,5557
2,418427	0,6592
2,419296	0,6931
2,420165	0,6555
2,421034	0,6125
2,421903	0,5094
2,422772	0,3415
2,423641	0,1715
2,424510	0,0000
2,425379	-0,2130
2,426248	-0,3906
2,427117	-0,5255
2,427986	-0,6491
2,428855	-0,7160
2,429724	-0,7004
2,430593	-0,6717
2,431462	-0,5945
2,432331	-0,4471
2,433200	-0,2811
2,434069	-0,1129
2,434938	0,0989
2,435807	0,2850
2,436676	0,4279
2,437545	0,5747
2,438414	0,6641
2,439283	0,6781
2,440152	0,6842
2,441021	0,6372
2,441890	0,5097
2,442759	0,3549
2,443628	0,1953
2,444497	-0,0192
2,445366	-0,2097
2,446235	-0,3619
2,447104	-0,5231
2,447973	-0,6330
2,448842	-0,6735
2,449711	-0,7038
2,450580	-0,6833
2,451449	-0,5683
2,452318	-0,4386
2,453187	-0,2887
2,454056	-0,0815
2,454925	0,1096
2,455794	0,2667
2,456663	0,4532
2,457532	0,5844
2,458401	0,6430
2,459270	0,6964
2,460139	0,7010
2,461008	0,6061
2,461877	0,5017
2,462746	0,3745
2,463615	0,1718
2,464484	-0,0055
2,465353	-0,1749
2,466222	-0,3821
2,467091	-0,5310
2,467960	-0,6165
2,468829	-0,6952
2,469698	-0,7071
2,470567	-0,6369
2,471436	-0,5731
2,472305	-0,4498
2,473174	-0,2637
2,474043	-0,0970
2,474912	0,0778
2,475781	0,2832
2,476650	0,4343
2,477519	0,5499
2,478388	0,6558
2,479257	0,6778
2,480126	0,6479
2,480995	0,6082
2,481864	0,4926
2,482733	0,3265
2,483602	0,1697
2,484471	-0,0208
2,485340	-0,2261
2,486209	-0,3800
2,487078	-0,5341
2,487947	-0,6568
2,488816	-0,6928
2,489685	-0,7071
2,490554	-0,6943
2,491423	-0,5872
2,492292	-0,4608
2,493161	-0,3101
2,494030	-0,1032
2,494899	0,0946
2,495768	0,2469
2,496637	0,4215
2,497506	0,5502
2,498375	0,6107
2,499244	0,6659
2,500113	0,6693
2,500982	0,5826
2,501851	0,4831
2,502720	0,3403
2,503589	0,1389
2,504458	-0,0375
2,505327	-0,2048
2,506196	-0,4035
2,507065	-0,5417
2,507934	-0,6284
2,508803	-0,7135
2,509672	-0,7172
2,510541	-0,6565
2,511410	-0,5942
2,512279	-0,4608
2,513148	-0,2799
2,514017	-0,1196
2,514886	0,0748
2,515755	0,2747
2,516624	0,4181
2,517493	0,5502
2,518362	0,6452
2,519231	0,6507
2,520100	0,6522
2,520969	0,6107
2,521838	0,4788
2,522707	0,3357
2,523576	0,1810
2,524445	-0,0284
2,525314	-0,2075
2,526183	-0,3677
2,527052	-0,5396
2,527921	-0,6305
2,528790	-0,6656
2,529659	-0,6989
2,530528	-0,6482
2,531397	-0,5463
2,532266	-0,4480
2,533135	-0,2731
2,534004	-0,0742
2,534873	0,0867
2,535742	0,2799
2,536611	0,4498
2,537480	0,5466
2,538349	0,6455
2,539218	0,6882
2,540087	0,6546
2,540956	0,6076
2,541825	0,5051
2,542694	0,3314
2,543563	0,1740
2,544432	-0,0024
2,545301	-0,2011
2,546170	-0,3494
2,547039	-0,5033
2,547908	-0,6256
2,548777	-0,6635
2,549646	-0,6763
2,550515	-0,6461
2,551384	-0,5353
2,552253	-0,4175
2,553122	-0,2738
2,553991	-0,0711
2,554860	0,1025
2,555729	0,2637
2,556598	0,4508
2,557467	0,5618
2,558336	0,6269
2,559205	0,6891
2,560074	0,6574
2,560943	0,5860
2,561812	0,5023
2,562681	0,3369
2,563550	0,1529
2,564419	-0,0085
2,565288	-0,2115
2,566157	-0,3848
2,567026	-0,5103
2,567895	-0,6330
2,568764	-0,6882
2,569633	-0,6839
2,570502	-0,6690
2,571371	-0,5744
2,572240	-0,4376
2,573109	-0,2969
2,573978	-0,1010
2,574847	0,0946
2,575716	0,2426
2,576585	0,4135
2,577454	0,5338
2,578323	0,5951
2,579192	0,6525
2,580061	0,6473
2,580930	0,5560
2,581799	0,4703
2,582668	0,3153
2,583537	0,1242
2,584406	-0,0336
2,585275	-0,2200
2,586144	-0,4019
2,587013	-0,5216
2,587882	-0,6378
2,588751	-0,7028
2,589620	-0,6830
2,590489	-0,6604
2,591358	-0,5747
2,592227	-0,4306
2,593096	-0,2939
2,593965	-0,1053
2,594834	0,0943
2,595703	0,2460
2,596572	0,4209
2,597441	0,5435
2,598310	0,5972
2,599179	0,6549
2,600048	0,6391
2,600917	0,5622
2,601786	0,4822
2,602655	0,3320
2,603524	0,1486
2,604393	-0,0119
2,605262	-0,2094
2,606131	-0,3797
2,607000	-0,4987
2,607869	-0,6098
2,608738	-0,6546
2,609607	-0,6516
2,610476	-0,6391
2,611345	-0,5393
2,612214	-0,4007
2,613083	-0,2609
2,613952	-0,0623
2,614821	0,1187
2,615690	0,2692
2,616559	0,4523
2,617428	0,5597
2,618297	0,6259
2,619166	0,6854
2,620035	0,6497
2,620904	0,5838
2,621773	0,4965
2,622642	0,3327
2,623511	0,1688
2,624380	0,0043
2,625249	-0,2039
2,626118	-0,3619
2,626987	-0,4999
2,627856	-0,6159
2,628725	-0,6470
2,629594	-0,6629
2,630463	-0,6424
2,631332	-0,5341
2,632201	-0,4230
2,633070	-0,2774
2,633939	-0,0754
2,634808	0,0851
2,635677	0,2615
2,636546	0,4328
2,637415	0,5206
2,638284	0,6040
2,639153	0,6424
2,640022	0,6110
2,640891	0,5683
2,641760	0,4642
2,642629	0,3015
2,643498	0,1456
2,644367	-0,0467
2,645236	-0,2304
2,646105	-0,3729
2,646974	-0,5362
2,647843	-0,6275
2,648712	-0,6647
2,649581	-0,7056
2,650450	-0,6397
2,651319	-0,5499
2,652188	-0,4492
2,653057	-0,2713
2,653926	-0,1056
2,654795	0,0620
2,655664	0,2615
2,656533	0,4001
2,657402	0,5222
2,658271	0,6088
2,659140	0,6085
2,660009	0,6125
2,660878	0,5588
2,661747	0,4331
2,662616	0,3189
2,663485	0,1459
2,664354	-0,0443
2,665223	-0,1947
2,666092	-0,3821
2,666961	-0,5158
2,667830	-0,5875
2,668699	-0,6549
2,669568	-0,6473
2,670437	-0,6040
2,671306	-0,5402
2,672175	-0,3925
2,673044	-0,2432
2,673913	-0,0726
2,674782	0,1257
2,675651	0,2716
2,676520	0,4324
2,677389	0,5591
2,678258	0,6122
2,679127	0,6626
2,679996	0,6470
2,680865	0,5628
2,681734	0,4788
2,682603	0,3317
2,683472	0,1566
2,684341	0,0031
2,685210	-0,1996
2,686079	-0,3558
2,686948	-0,4907
2,687817	-0,6027
2,688686	-0,6333
2,689555	-0,6482
2,690424	-0,6192
2,691293	-0,5136
2,692162	-0,4166
2,693031	-0,2600
2,693900	-0,0678
2,694769	0,0848
2,695638	0,2704
2,696507	0,4199
2,697376	0,5106
2,698245	0,6000
2,699114	0,6140
2,699983	0,6021
2,700852	0,5631
2,701721	0,4306
2,702590	0,2976
2,703459	0,1331
2,704328	-0,0659
2,705197	-0,2121
2,706066	-0,3848
2,706935	-0,5310
2,707804	-0,6027
2,708673	-0,6809
2,709542	-0,6772
2,710411	-0,6186
2,711280	-0,5570
2,712149	-0,4147
2,713018	-0,2725
2,713887	-0,1080
2,714756	0,0937
2,715625	0,2393
2,716494	0,4022
2,717363	0,5176
2,718232	0,5673
2,719101	0,6238
2,719970	0,5930
2,720839	0,5316
2,721708	0,4532
2,722577	0,2921
2,723446	0,1416
2,724315	-0,0296
2,725184	-0,2185
2,726053	-0,3491
2,726922	-0,4917
2,727791	-0,5777
2,728660	-0,6125
2,729529	-0,6458
2,730398	-0,5835
2,731267	-0,5020
2,732136	-0,3894
2,733005	-0,2097
2,733874	-0,0568
2,734743	0,1132
2,735612	0,2924
2,736481	0,4160
2,737350	0,5502
2,738219	0,6177
2,739088	0,6269
2,739957	0,6388
2,740826	0,5530
2,741695	0,4596
2,742564	0,3223
2,743433	0,1334
2,744302	-0,0208
2,745171	-0,2005
2,746040	-0,3671
2,746909	-0,4801
2,747778	-0,5957
2,748647	-0,6320
2,749516	-0,6375
2,750385	-0,6211
2,751254	-0,5152
2,752123	-0,4093
2,752992	-0,2570
2,753861	-0,0665
2,754730	0,0772
2,755599	0,2487
2,756468	0,3867
2,757337	0,4889
2,758206	0,5841
2,759075	0,5921
2,759944	0,5853
2,760813	0,5176
2,761682	0,4019
2,762551	0,2857
2,763420	0,1129
2,764289	-0,0641
2,765158	-0,2081
2,766027	-0,3903
2,766896	-0,5081
2,767765	-0,6000
2,768634	-0,6571
2,769503	-0,6330
2,770372	-0,6146
2,771241	-0,5188
2,772110	-0,3876
2,772979	-0,2561
2,773848	-0,0592
2,774717	0,0922
2,775586	0,2588
2,776455	0,4166
2,777324	0,4984
2,778193	0,5927
2,779062	0,6116
2,779931	0,5976
2,780800	0,5548
2,781669	0,4196
2,782538	0,3067
2,783407	0,1431
2,784276	-0,0281
2,785145	-0,1685
2,786014	-0,3507
2,786883	-0,4752
2,787752	-0,5609
2,788621	-0,6165
2,789490	-0,5914
2,790359	-0,5750
2,791228	-0,4819
2,792097	-0,3626
2,792966	-0,2350
2,793835	-0,0455
2,794704	0,1071
2,795573	0,2686
2,796442	0,4254
2,797311	0,5005
2,798180	0,5802
2,799049	0,5957
2,799918	0,5759
2,800787	0,5332
2,801656	0,4038
2,802525	0,2838
2,803394	0,1105
2,804263	-0,0696
2,805132	-0,2094
2,806001	-0,3879
2,806870	-0,5042
2,807739	-0,5911
2,808608	-0,6546
2,809477	-0,6293
2,810346	-0,6195
2,811215	-0,5173
2,812084	-0,3961
2,812953	-0,2631
2,813822	-0,0687
2,814691	0,0784
2,815560	0,2475
2,816429	0,3928
2,817298	0,4825
2,818167	0,5725
2,819036	0,5780
2,819905	0,5771
2,820774	0,5240
2,821643	0,4108
2,822512	0,2982
2,823381	0,1144
2,824250	-0,0455
2,825119	-0,1895
2,825988	-0,3482
2,826857	-0,4508
2,827726	-0,5585
2,828595	-0,5988
2,829464	-0,5924
2,830333	-0,5585
2,831202	-0,4535
2,832071	-0,3589
2,832940	-0,2023
2,833809	-0,0351
2,834678	0,1068
2,835547	0,2826
2,836416	0,4010
2,837285	0,5155
2,838154	0,5768
2,839023	0,5802
2,839892	0,5832
2,840761	0,4978
2,841630	0,4114
2,842499	0,2765
2,843368	0,1025
2,844237	-0,0421
2,845106	-0,2255
2,845975	-0,3568
2,846844	-0,4889
2,847713	-0,5841
2,848582	-0,6107
2,849451	-0,6403
2,850320	-0,5737
2,851189	-0,4950
2,852058	-0,3876
2,852927	-0,2283
2,853796	-0,0916
2,854665	0,0949
2,855534	0,2408
2,856403	0,3787
2,857272	0,4929
2,858141	0,5298
2,859010	0,5753
2,859879	0,5451
2,860748	0,4907
2,861617	0,4111
2,862486	0,2591
2,863355	0,1190
2,864224	-0,0629
2,865093	-0,2106
2,865962	-0,3433
2,866831	-0,4773
2,867700	-0,5377
2,868569	-0,6049
2,869438	-0,5911
2,870307	-0,5426
2,871176	-0,4700
2,872045	-0,3281
2,872914	-0,2060
2,873783	-0,0327
2,874652	0,1224
2,875521	0,2646
2,876390	0,4212
2,877259	0,4981
2,878128	0,5789
2,878997	0,5866
2,879866	0,5658
2,880735	0,5121
2,881604	0,3909
2,882473	0,2838
2,883342	0,1062
2,884211	-0,0455
2,885080	-0,2017
2,885949	-0,3577
2,886818	-0,4611
2,887687	-0,5643
2,888556	-0,5884
2,889425	-0,6098
2,890294	-0,5597
2,891163	-0,4718
2,892032	-0,3726
2,892901	-0,2158
2,893770	-0,0818
2,894639	0,0867
2,895508	0,2380
2,896377	0,3604
2,897246	0,4764
2,898115	0,5100
2,898984	0,5496
2,899853	0,5261
2,900722	0,4666
2,901591	0,3876
2,902460	0,2371
2,903329	0,1053
2,904198	-0,0735
2,905067	-0,2142
2,905936	-0,3439
2,906805	-0,4682
2,907674	-0,5264
2,908543	-0,5908
2,909412	-0,5710
2,910281	-0,5304
2,911150	-0,4431
2,912019	-0,3146
2,912888	-0,1962
2,913757	-0,0168
2,914626	0,1181
2,915495	0,2753
2,916364	0,4074
2,917233	0,4923
2,918102	0,5686
2,918971	0,5594
2,919840	0,5643
2,920709	0,4776
2,921578	0,3870
2,922447	0,2704
2,923316	0,0925
2,924185	-0,0433
2,925054	-0,2185
2,925923	-0,3430
2,926792	-0,4721
2,927661	-0,5545
2,928530	-0,5808
2,929399	-0,6046
2,930268	-0,5325
2,931137	-0,4788
2,932006	-0,3522
2,932875	-0,2194
2,933744	-0,0739
2,934613	0,0992
2,935482	0,2219
2,936351	0,3726
2,937220	0,4453
2,938089	0,5109
2,938958	0,5301
2,939827	0,5036
2,940696	0,4657
2,941565	0,3552
2,942434	0,2484
2,943303	0,0827
2,944172	-0,0598
2,945041	-0,1956
2,945910	-0,3308
2,946779	-0,4318
2,947648	-0,5271
2,948517	-0,5435
2,949386	-0,5530
2,950255	-0,4941
2,951124	-0,4120
2,951993	-0,3214
2,952862	-0,1624
2,953731	-0,0351
2,954600	0,1370
2,955469	0,2612
2,956338	0,3961
2,957207	0,4904
2,958076	0,5228
2,958945	0,5539
2,959814	0,5118
2,960683	0,4752
2,961552	0,3580
2,962421	0,2359
2,963290	0,0836
2,964159	-0,0793
2,965028	-0,2069
2,965897	-0,3644
2,966766	-0,4590
2,967635	-0,5506
2,968504	-0,5734
2,969373	-0,5747
2,970242	-0,5402
2,971111	-0,4434
2,971980	-0,3574
2,972849	-0,1941
2,973718	-0,0607
2,974587	0,1035
2,975456	0,2338
2,976325	0,3583
2,977194	0,4578
2,978063	0,5002
2,978932	0,5411
2,979801	0,5069
2,980670	0,4636
2,981539	0,3555
2,982408	0,2356
2,983277	0,0995
2,984146	-0,0537
2,985015	-0,1755
2,985884	-0,3311
2,986753	-0,4236
2,987622	-0,5075
2,988491	-0,5234
2,989360	-0,5246
2,990229	-0,4825
2,991098	-0,4013
2,991967	-0,3128
2,992836	-0,1614
2,993705	-0,0345
2,994574	0,1282
2,995443	0,2448
2,996312	0,3619
2,997181	0,4437
2,998050	0,4865
2,998919	0,5194
2,999788	0,4721
3,000657	0,4318
3,001526	0,3186
3,002395	0,2081
3,003264	0,0610
3,004133	-0,0851
3,005002	-0,2155
3,005871	-0,3595
3,006740	-0,4508
3,007609	-0,5377
3,008478	-0,5448
3,009347	-0,5542
3,010216	-0,4996
3,011085	-0,4202
3,011954	-0,3198
3,012823	-0,1700
3,013692	-0,0375
3,014561	0,1273
3,015430	0,2377
3,016299	0,3793
3,017168	0,4541
3,018037	0,5167
3,018906	0,5246
3,019775	0,4984
3,020644	0,4495
3,021513	0,3500
3,022382	0,2435
3,023251	0,0818
3,024120	-0,0470
3,024989	-0,1984
3,025858	-0,3140
3,026727	-0,4260
3,027596	-0,4959
3,028465	-0,5179
3,029334	-0,5347
3,030203	-0,4733
3,031072	-0,4178
3,031941	-0,2918
3,032810	-0,1767
3,033679	-0,0336
3,034548	0,0955
3,035417	0,2234
3,036286	0,3510
3,037155	0,4190
3,038024	0,4813
3,038893	0,4596
3,039762	0,4666
3,040631	0,3894
3,041500	0,3204
3,042369	0,1956
3,043238	0,0626
3,044107	-0,0778
3,044976	-0,2158
3,045845	-0,3171
3,046714	-0,4279
3,047583	-0,4743
3,048452	-0,5237
3,049321	-0,4947
3,050190	-0,4636
3,051059	-0,3714
3,051928	-0,2741
3,052797	-0,1535
3,053666	-0,0027
3,054535	0,1193
3,055404	0,2649
3,056273	0,3589
3,057142	0,4605
3,058011	0,4816
3,058880	0,5042
3,059749	0,4675
3,060618	0,4163
3,061487	0,3241
3,062356	0,1996
3,063225	0,0687
3,064094	-0,0876
3,064963	-0,1990
3,065832	-0,3418
3,066701	-0,4248
3,067570	-0,5106
3,068439	-0,5182
3,069308	-0,5295
3,070177	-0,4733
3,071046	-0,4035
3,071915	-0,3110
3,072784	-0,1675
3,073653	-0,0424
3,074522	0,1117
3,075391	0,2155
3,076260	0,3476
3,077129	0,4096
3,077998	0,4724
3,078867	0,4730
3,079736	0,4651
3,080605	0,3961
3,081474	0,3095
3,082343	0,2072
3,083212	0,0711
3,084081	-0,0476
3,084950	-0,1944
3,085819	-0,2951
3,086688	-0,4086
3,087557	-0,4453
3,088426	-0,4889
3,089295	-0,4660
3,090164	-0,4379
3,091033	-0,3644
3,091902	-0,2664
3,092771	-0,1474
3,093640	-0,0067
3,094509	0,1041
3,095378	0,2268
3,096247	0,3168
3,097116	0,4147
3,097985	0,4355
3,098854	0,4578
3,099723	0,4138
3,100592	0,3699
3,101461	0,2783
3,102330	0,1761
3,103199	0,0443
3,104068	-0,0943
3,104937	-0,2118
3,105806	-0,3357
3,106675	-0,4093
3,107544	-0,4764
3,108413	-0,4819
3,109282	-0,4926
3,110151	-0,4263
3,111020	-0,3656
3,111889	-0,2469
3,112758	-0,1376
3,113627	-0,0003
3,114496	0,1263
3,115365	0,2445
3,116234	0,3555
3,117103	0,4199
3,117972	0,4718
3,118841	0,4608
3,119710	0,4541
3,120579	0,3778
3,121448	0,3131
3,122317	0,1798
3,123186	0,0644
3,124055	-0,0845
3,124924	-0,1929
3,125793	-0,3168
3,126662	-0,4096
3,127531	-0,4651
3,128400	-0,4926
3,129269	-0,4788
3,130138	-0,4425
3,131007	-0,3632
3,131876	-0,2811
3,132745	-0,1456
3,133614	-0,0333
3,134483	0,1086
3,135352	0,2017
3,136221	0,3223
3,137090	0,3781
3,137959	0,4343
3,138828	0,4312
3,139697	0,4257
3,140566	0,3595
3,141435	0,2847
3,142304	0,1782
3,143173	0,0638
3,144042	-0,0586
3,144911	-0,1834
3,145780	-0,2820
3,146649	-0,3803
3,147518	-0,4190
3,148387	-0,4547
3,149256	-0,4306
3,150125	-0,4178
3,150994	-0,3272
3,151863	-0,2475
3,152732	-0,1163
3,153601	-0,0067
3,154470	0,1175
3,155339	0,2112
3,156208	0,3180
3,157077	0,3848
3,157946	0,4196
3,158815	0,4184
3,159684	0,3912
3,160553	0,3421
3,161422	0,2515
3,162291	0,1645
3,163160	0,0238
3,164029	-0,0851
3,164898	-0,2170
3,165767	-0,2994
3,166636	-0,3980
3,167505	-0,4315
3,168374	-0,4706
3,169243	-0,4419
3,170112	-0,4096
3,170981	-0,3232
3,171850	-0,2362
3,172719	-0,1138
3,173588	0,0034
3,174457	0,1267
3,175326	0,2362
3,176195	0,3305
3,177064	0,3995
3,177933	0,4236
3,178802	0,4352
3,179671	0,4007
3,180540	0,3543
3,181409	0,2585
3,182278	0,1685
3,183147	0,0287
3,184016	-0,0742
3,184885	-0,2020
3,185754	-0,2875
3,186623	-0,3922
3,187492	-0,4254
3,188361	-0,4621
3,189230	-0,4331
3,190099	-0,4105
3,190968	-0,3259
3,191837	-0,2499
3,192706	-0,1260
3,193575	-0,0186
3,194444	0,1062
3,195313	0,2026
3,196182	0,3030
3,197051	0,3687
3,197920	0,4010
3,198789	0,4096
3,199658	0,3851
3,200527	0,3385
3,201396	0,2579
3,202265	0,1654
3,203134	0,0400
3,204003	-0,0662
3,204872	-0,1846
3,205741	-0,2683
3,206610	-0,3644
3,207479	-0,3986
3,208348	-0,4358
3,209217	-0,4120
3,210086	-0,3922
3,210955	-0,3034
3,211824	-0,2347
3,212693	-0,1172
3,213562	-0,0189
3,214431	0,1090
3,215300	0,1981
3,216169	0,2979
3,217038	0,3458
3,217907	0,3888
3,218776	0,3836
3,219645	0,3674
3,220514	0,3134
3,221383	0,2390
3,222252	0,1404
3,223121	0,0250
3,223990	-0,0824
3,224859	-0,1807
3,225728	-0,2734
3,226597	-0,3589
3,227466	-0,3946
3,228335	-0,4154
3,229204	-0,3925
3,230073	-0,3562
3,230942	-0,2860
3,231811	-0,2121
3,232680	-0,0998
3,233549	-0,0009
3,234418	0,1209
3,235287	0,1987
3,236156	0,2902
3,237025	0,3354
3,237894	0,3812
3,238763	0,3656
3,239632	0,3577
3,240501	0,2853
3,241370	0,2289
3,242239	0,1236
3,243108	0,0290
3,243977	-0,0989
3,244846	-0,1843
3,245715	-0,2924
3,246584	-0,3510
3,247453	-0,4035
3,248322	-0,4041
3,249191	-0,4114
3,250060	-0,3525
3,250929	-0,3012
3,251798	-0,1999
3,252667	-0,1059
3,253536	0,0174
3,254405	0,1123
3,255274	0,2191
3,256143	0,2957
3,257012	0,3626
3,257881	0,3818
3,258750	0,3879
3,259619	0,3589
3,260488	0,3165
3,261357	0,2322
3,262226	0,1468
3,263095	0,0253
3,263964	-0,0827
3,264833	-0,1831
3,265702	-0,2753
3,266571	-0,3534
3,267440	-0,3952
3,268309	-0,4108
3,269178	-0,3967
3,270047	-0,3574
3,270916	-0,2988
3,271785	-0,2115
3,272654	-0,1154
3,273523	-0,0037
3,274392	0,0955
3,275261	0,1895
3,276130	0,2676
3,276999	0,3311
3,277868	0,3568
3,278737	0,3616
3,279606	0,3366
3,280475	0,2908
3,281344	0,2280
3,282213	0,1434
3,283082	0,0336
3,283951	-0,0635
3,284820	-0,1596
3,285689	-0,2417
3,286558	-0,3204
3,287427	-0,3568
3,288296	-0,3848
3,289165	-0,3693
3,290034	-0,3378
3,290903	-0,2707
3,291772	-0,2014
3,292641	-0,1041
3,293510	-0,0092
3,294379	0,1022
3,295248	0,1810
3,296117	0,2655
3,296986	0,3070
3,297855	0,3412
3,298724	0,3333
3,299593	0,3269
3,300462	0,2667
3,301331	0,2127
3,302200	0,1099
3,303069	0,0238
3,303938	-0,0855
3,304807	-0,1651
3,305676	-0,2615
3,306545	-0,3192
3,307414	-0,3677
3,308283	-0,3647
3,309152	-0,3674
3,310021	-0,3137
3,310890	-0,2692
3,311759	-0,1788
3,312628	-0,0937
3,313497	0,0226
3,314366	0,1022
3,315235	0,1941
3,316104	0,2582
3,316973	0,3244
3,317842	0,3339
3,318711	0,3409
3,319580	0,3015
3,320449	0,2686
3,321318	0,1938
3,322187	0,1199
3,323056	0,0070
3,323925	-0,0815
3,324794	-0,1798
3,325663	-0,2441
3,326532	-0,3140
3,327401	-0,3446
3,328270	-0,3662
3,329139	-0,3424
3,330008	-0,3128
3,330877	-0,2481
3,331746	-0,1794
3,332615	-0,0836
3,333484	0,0067
3,334353	0,1093
3,335222	0,1849
3,336091	0,2676
3,336960	0,3076
3,337829	0,3360
3,338698	0,3287
3,339567	0,3104
3,340436	0,2548
3,341305	0,1987
3,342174	0,1044
3,343043	0,0134
3,343912	-0,0897
3,344781	-0,1724
3,345650	-0,2582
3,346519	-0,3192
3,347388	-0,3632
3,348257	-0,3662
3,349126	-0,3595
3,349995	-0,3165
3,350864	-0,2631
3,351733	-0,1798
3,352602	-0,0934
3,353471	0,0089
3,354340	0,0983
3,355209	0,1846
3,356078	0,2579
3,356947	0,3101
3,357816	0,3302
3,358685	0,3314
3,359554	0,3134
3,360423	0,2692
3,361292	0,2002
3,362161	0,1199
3,363030	0,0247
3,363899	-0,0742
3,364768	-0,1544
3,365637	-0,2356
3,366506	-0,2988
3,367375	-0,3406
3,368244	-0,3446
3,369113	-0,3446
3,369982	-0,3064
3,370851	-0,2579
3,371720	-0,1834
3,372589	-0,1044
3,373458	-0,0012
3,374327	0,0729
3,375196	0,1611
3,376065	0,2216
3,376934	0,2835
3,377803	0,3000
3,378672	0,3134
3,379541	0,2823
3,380410	0,2539
3,381279	0,1822
3,382148	0,1199
3,383017	0,0171
3,383886	-0,0644
3,384755	-0,1566
3,385624	-0,2155
3,386493	-0,2908
3,387362	-0,3110
3,388231	-0,3400
3,389100	-0,3177
3,389969	-0,2991
3,390838	-0,2283
3,391707	-0,1727
3,392576	-0,0824
3,393445	-0,0052
3,394314	0,0949
3,395183	0,1611
3,396052	0,2374
3,396921	0,2731
3,397790	0,3027
3,398659	0,2924
3,399528	0,2857
3,400397	0,2353
3,401266	0,1825
3,402135	0,0909
3,403004	0,0146
3,403873	-0,0757
3,404742	-0,1505
3,405611	-0,2289
3,406480	-0,2841
3,407349	-0,3156
3,408218	-0,3207
3,409087	-0,3101
3,409956	-0,2799
3,410825	-0,2295
3,411694	-0,1663
3,412563	-0,0757
3,413432	0,0076
3,414301	0,0894
3,415170	0,1498
3,416039	0,2237
3,416908	0,2634
3,417777	0,2884
3,418646	0,2741
3,419515	0,2670
3,420384	0,2203
3,421253	0,1709
3,422122	0,0888
3,422991	0,0140
3,423860	-0,0855
3,424729	-0,1471
3,425598	-0,2243
3,426467	-0,2725
3,427336	-0,3171
3,428205	-0,3159
3,429074	-0,3128
3,429943	-0,2625
3,430812	-0,2255
3,431681	-0,1477
3,432550	-0,0775
3,433419	0,0223
3,434288	0,0952
3,435157	0,1764
3,436026	0,2304
3,436895	0,2792
3,437764	0,2933
3,438633	0,2954
3,439502	0,2698
3,440371	0,2310
3,441240	0,1700
3,442109	0,0934
3,442978	0,0037
3,443847	-0,0809
3,444716	-0,1602
3,445585	-0,2304
3,446454	-0,2872
3,447323	-0,3204
3,448192	-0,3226
3,449061	-0,3156
3,449930	-0,2759
3,450799	-0,2301
3,451668	-0,1569
3,452537	-0,0839
3,453406	0,0125
3,454275	0,0824
3,455144	0,1645
3,456013	0,2161
3,456882	0,2734
3,457751	0,2792
3,458620	0,2863
3,459489	0,2573
3,460358	0,2292
3,461227	0,1682
3,462096	0,1032
3,462965	0,0122
3,463834	-0,0626
3,464703	-0,1428
3,465572	-0,2060
3,466441	-0,2710
3,467310	-0,2954
3,468179	-0,3146
3,469048	-0,2994
3,469917	-0,2786
3,470786	-0,2237
3,471655	-0,1621
3,472524	-0,0833
3,473393	0,0037
3,474262	0,0793
3,475131	0,1523
3,476000	0,2106
3,476869	0,2615
3,477738	0,2719
3,478607	0,2808
3,479476	0,2567
3,480345	0,2307
3,481214	0,1633
3,482083	0,1047
3,482952	0,0098
3,483821	-0,0604
3,484690	-0,1453
3,485559	-0,2014
3,486428	-0,2716
3,487297	-0,2936
3,488166	-0,3113
3,489035	-0,2875
3,489904	-0,2713
3,490773	-0,2176
3,491642	-0,1651
3,492511	-0,0800
3,493380	-0,0037
3,494249	0,0790
3,495118	0,1404
3,495987	0,2026
3,496856	0,2448
3,497725	0,2646
3,498594	0,2695
3,499463	0,2472
3,500332	0,2124
3,501201	0,1611
3,502070	0,1032
3,502939	0,0165
3,503808	-0,0534
3,504677	-0,1303
3,505546	-0,1801
3,506415	-0,2484
3,507284	-0,2673
3,508153	-0,2893
3,509022	-0,2710
3,509891	-0,2545
3,510760	-0,1950
3,511629	-0,1498
3,512498	-0,0800
3,513367	-0,0085
3,514236	0,0766
3,515105	0,1355
3,515974	0,1968
3,516843	0,2332
3,517712	0,2530
3,518581	0,2527
3,519450	0,2405
3,520319	0,2033
3,521188	0,1498
3,522057	0,0830
3,522926	0,0061
3,523795	-0,0653
3,524664	-0,1410
3,525533	-0,1981
3,526402	-0,2585
3,527271	-0,2762
3,528140	-0,2973
3,529009	-0,2734
3,529878	-0,2570
3,530747	-0,1971
3,531616	-0,1456
3,532485	-0,0623
3,533354	0,0037
3,534223	0,0821
3,535092	0,1370
3,535961	0,2057
3,536830	0,2368
3,537699	0,2579
3,538568	0,2478
3,539437	0,2347
3,540306	0,1981
3,541175	0,1508
3,542044	0,0900
3,542913	0,0049
3,543782	-0,0678
3,544651	-0,1331
3,545520	-0,1840
3,546389	-0,2457
3,547258	-0,2655
3,548127	-0,2802
3,548996	-0,2579
3,549865	-0,2448
3,550734	-0,1907
3,551603	-0,1453
3,552472	-0,0671
3,553341	-0,0003
3,554210	0,0830
3,555079	0,1343
3,555948	0,1971
3,556817	0,2307
3,557686	0,2561
3,558555	0,2466
3,559424	0,2326
3,560293	0,1907
3,561162	0,1440
3,562031	0,0787
3,562900	0,0034
3,563769	-0,0739
3,564638	-0,1440
3,565507	-0,1999
3,566376	-0,2585
3,567245	-0,2802
3,568114	-0,2927
3,568983	-0,2771
3,569852	-0,2542
3,570721	-0,2005
3,571590	-0,1483
3,572459	-0,0638
3,573328	0,0027
3,574197	0,0891
3,575066	0,1425
3,575935	0,2109
3,576804	0,2393
3,577673	0,2618
3,578542	0,2527
3,579411	0,2438
3,580280	0,1981
3,581149	0,1511
3,582018	0,0870
3,582887	0,0110
3,583756	-0,0665
3,584625	-0,1358
3,585494	-0,1907
3,586363	-0,2478
3,587232	-0,2646
3,588101	-0,2832
3,588970	-0,2667
3,589839	-0,2475
3,590708	-0,1947
3,591577	-0,1514
3,592446	-0,0735
3,593315	-0,0098
3,594184	0,0699
3,595053	0,1239
3,595922	0,1889
3,596791	0,2237
3,597660	0,2463
3,598529	0,2435
3,599398	0,2338
3,600267	0,1950
3,601136	0,1526
3,602005	0,0913
3,602874	0,0150
3,603743	-0,0583
3,604612	-0,1291
3,605481	-0,1837
3,606350	-0,2448
3,607219	-0,2628
3,608088	-0,2844
3,608957	-0,2667
3,609826	-0,2539
3,610695	-0,2008
3,611564	-0,1492
3,612433	-0,0711
3,613302	-0,0067
3,614171	0,0751
3,615040	0,1270
3,615909	0,1932
3,616778	0,2280
3,617647	0,2503
3,618516	0,2441
3,619385	0,2344
3,620254	0,1996
3,621123	0,1575
3,621992	0,0931
3,622861	0,0146
3,623730	-0,0537
3,624599	-0,1242
3,625468	-0,1737
3,626337	-0,2353
3,627206	-0,2594
3,628075	-0,2765
3,628944	-0,2564
3,629813	-0,2411
3,630682	-0,1950
3,631551	-0,1535
3,632420	-0,0800
3,633289	-0,0156
3,634158	0,0580
3,635027	0,1108
3,635896	0,1675
3,636765	0,2081
3,637634	0,2277
3,638503	0,2326
3,639372	0,2173
3,640241	0,1886
3,641110	0,1453
3,641979	0,0952
3,642848	0,0153
3,643717	-0,0491
3,644586	-0,1202
3,645455	-0,1663
3,646324	-0,2274
3,647193	-0,2484
3,648062	-0,2673
3,648931	-0,2515
3,649800	-0,2374
3,650669	-0,1840
3,651538	-0,1404
3,652407	-0,0702
3,653276	-0,0055
3,654145	0,0708
3,655014	0,1260
3,655883	0,1794
3,656752	0,2228
3,657621	0,2332
3,658490	0,2338
3,659359	0,2200
3,660228	0,1917
3,661097	0,1361
3,661966	0,0848
3,662835	0,0079
3,663704	-0,0528
3,664573	-0,1263
3,665442	-0,1746
3,666311	-0,2322
3,667180	-0,2481
3,668049	-0,2658
3,668918	-0,2478
3,669787	-0,2332
3,670656	-0,1868
3,671525	-0,1398
3,672394	-0,0662
3,673263	-0,0046
3,674132	0,0574
3,675001	0,1169
3,675870	0,1666
3,676739	0,2094
3,677608	0,2149
3,678477	0,2258
3,679346	0,2042
3,680215	0,1868
3,681084	0,1349
3,681953	0,0824
3,682822	0,0058
3,683691	-0,0519
3,684560	-0,1190
3,685429	-0,1688
3,686298	-0,2283
3,687167	-0,2512
3,688036	-0,2579
3,688905	-0,2448
3,689774	-0,2234
3,690643	-0,1798
3,691512	-0,1312
3,692381	-0,0656
3,693250	0,0085
3,694119	0,0723
3,694988	0,1325
3,695857	0,1773
3,696726	0,2261
3,697595	0,2313
3,698464	0,2365
3,699333	0,2106
3,700202	0,1868
3,701071	0,1334
3,701940	0,0821
3,702809	0,0006
3,703678	-0,0644
3,704547	-0,1355
3,705416	-0,1813
3,706285	-0,2356
3,707154	-0,2579
3,708023	-0,2680
3,708892	-0,2594
3,709761	-0,2316
3,710630	-0,1892
3,711499	-0,1349
3,712368	-0,0742
3,713237	0,0040
3,714106	0,0641
3,714975	0,1300
3,715844	0,1700
3,716713	0,2170
3,717582	0,2216
3,718451	0,2271
3,719320	0,2100
3,720189	0,1834
3,721058	0,1389
3,721927	0,0842
3,722796	0,0137
3,723665	-0,0540
3,724534	-0,1163
3,725403	-0,1743
3,726272	-0,2216
3,727141	-0,2527
3,728010	-0,2551
3,728879	-0,2579
3,729748	-0,2258
3,730617	-0,1917
3,731486	-0,1300
3,732355	-0,0754
3,733224	0,0040
3,734093	0,0629
3,734962	0,1315
3,735831	0,1755
3,736700	0,2243
3,737569	0,2322
3,738438	0,2374
3,739307	0,2188
3,740176	0,1910
3,741045	0,1453
3,741914	0,0855
3,742783	0,0128
3,743652	-0,0616
3,744521	-0,1218
3,745390	-0,1846
3,746259	-0,2274
3,747128	-0,2643
3,747997	-0,2622
3,748866	-0,2637
3,749735	-0,2316
3,750604	-0,2005
3,751473	-0,1422
3,752342	-0,0845
3,753211	-0,0031
3,754080	0,0571
3,754949	0,1209
3,755818	0,1700
3,756687	0,2127
3,757556	0,2258
3,758425	0,2268
3,759294	0,2176
3,760163	0,1849
3,761032	0,1480
3,761901	0,0858
3,762770	0,0272
3,763639	-0,0485
3,764508	-0,0992
3,765377	-0,1633
3,766246	-0,2078
3,767115	-0,2448
3,767984	-0,2475
3,768853	-0,2518
3,769722	-0,2295
3,770591	-0,1910
3,771460	-0,1407
3,772329	-0,0793
3,773198	-0,0113
3,774067	0,0568
3,774936	0,1102
3,775805	0,1669
3,776674	0,2045
3,777543	0,2271
3,778412	0,2200
3,779281	0,2158
3,780150	0,1785
3,781019	0,1465
3,781888	0,0806
3,782757	0,0208
3,783626	-0,0577
3,784495	-0,1090
3,785364	-0,1721
3,786233	-0,2158
3,787102	-0,2530
3,787971	-0,2582
3,788840	-0,2521
3,789709	-0,2271
3,790578	-0,1883
3,791447	-0,1401
3,792316	-0,0766
3,793185	-0,0122
3,794054	0,0592
3,794923	0,1059
3,795792	0,1654
3,796661	0,1968
3,797530	0,2258
3,798399	0,2158
3,799268	0,2136
3,800137	0,1730
3,801006	0,1422
3,801875	0,0879
3,802744	0,0269
3,803613	-0,0464
3,804482	-0,1010
3,805351	-0,1523
3,806220	-0,2017
3,807089	-0,2283
3,807958	-0,2445
3,808827	-0,2365
3,809696	-0,2252
3,810565	-0,1755
3,811434	-0,1386
3,812303	-0,0732
3,813172	-0,0183
3,814041	0,0571
3,814910	0,1047
3,815779	0,1642
3,816648	0,1950
3,817517	0,2155
3,818386	0,2118
3,819255	0,2072
3,820124	0,1794
3,820993	0,1328
3,821862	0,0757
3,822731	0,0119
3,823600	-0,0525
3,824469	-0,1181
3,825338	-0,1675
3,826207	-0,2225
3,827076	-0,2377
3,827945	-0,2551
3,828814	-0,2435
3,829683	-0,2243
3,830552	-0,1752
3,831421	-0,1398
3,832290	-0,0674
3,833159	-0,0064
3,834028	0,0635
3,834897	0,1135
3,835766	0,1709
3,836635	0,2048
3,837504	0,2152
3,838373	0,2161
3,839242	0,2026
3,840111	0,1804
3,840980	0,1331
3,841849	0,0824
3,842718	0,0079
3,843587	-0,0482
3,844456	-0,1105
3,845325	-0,1535
3,846194	-0,2118
3,847063	-0,2329
3,847932	-0,2438
3,848801	-0,2280
3,849670	-0,2170
3,850539	-0,1758
3,851408	-0,1379
3,852277	-0,0745
3,853146	-0,0067
3,854015	0,0574
3,854884	0,1120
3,855753	0,1575
3,856622	0,2045
3,857491	0,2158
3,858360	0,2203
3,859229	0,1978
3,860098	0,1776
3,860967	0,1263
3,861836	0,0772
3,862705	0,0046
3,863574	-0,0558
3,864443	-0,1248
3,865312	-0,1685
3,866181	-0,2225
3,867050	-0,2451
3,867919	-0,2594
3,868788	-0,2484
3,869657	-0,2240
3,870526	-0,1856
3,871395	-0,1321
3,872264	-0,0711
3,873133	-0,0006
3,874002	0,0635
3,874871	0,1282
3,875740	0,1685
3,876609	0,2149
3,877478	0,2219
3,878347	0,2307
3,879216	0,2078
3,880085	0,1865
3,880954	0,1337
3,881823	0,0885
3,882692	0,0125
3,883561	-0,0507
3,884430	-0,1129
3,885299	-0,1672
3,886168	-0,2133
3,887037	-0,2420
3,887906	-0,2438
3,888775	-0,2509
3,889644	-0,2194
3,890513	-0,1883
3,891382	-0,1306
3,892251	-0,0842
3,893120	-0,0095
3,893989	0,0473
3,894858	0,1105
3,895727	0,1566
3,896596	0,2023
3,897465	0,2158
3,898334	0,2200
3,899203	0,2066
3,900072	0,1816
3,900941	0,1447
3,901810	0,0855
3,902679	0,0201
3,903548	-0,0540
3,904417	-0,1083
3,905286	-0,1712
3,906155	-0,2152
3,907024	-0,2509
3,907893	-0,2509
3,908762	-0,2554
3,909631	-0,2240
3,910500	-0,1917
3,911369	-0,1355
3,912238	-0,0818
3,913107	-0,0064
3,913976	0,0568
3,914845	0,1163
3,915714	0,1679
3,916583	0,2054
3,917452	0,2237
3,918321	0,2234
3,919190	0,2188
3,920059	0,1831
3,920928	0,1468
3,921797	0,0824
3,922666	0,0278
3,923535	-0,0494
3,924404	-0,0998
3,925273	-0,1633
3,926142	-0,2066
3,927011	-0,2414
3,927880	-0,2438
3,928749	-0,2441
3,929618	-0,2268
3,930487	-0,1910
3,931356	-0,1453
3,932225	-0,0839
3,933094	-0,0244
3,933963	0,0461
3,934832	0,0925
3,935701	0,1514
3,936570	0,1834
3,937439	0,2139
3,938308	0,2081
3,939177	0,2078
3,940046	0,1761
3,940915	0,1444
3,941784	0,0864
3,942653	0,0281
3,943522	-0,0436
3,944391	-0,0995
3,945260	-0,1532
3,946129	-0,2045
3,946998	-0,2356
3,947867	-0,2499
3,948736	-0,2377
3,949605	-0,2228
3,950474	-0,1874
3,951343	-0,1428
3,952212	-0,0772
3,953081	-0,0162
3,953950	0,0568
3,954819	0,1028
3,955688	0,1617
3,956557	0,1962
3,957426	0,2228
3,958295	0,2173
3,959164	0,2103
3,960033	0,1764
3,960902	0,1428
3,961771	0,0916
3,962640	0,0238
3,963509	-0,0430
3,964378	-0,1056
3,965247	-0,1498
3,966116	-0,2066
3,966985	-0,2280
3,967854	-0,2493
3,968723	-0,2338
3,969592	-0,2237
3,970461	-0,1816
3,971330	-0,1444
3,972199	-0,0827
3,973068	-0,0241
3,973937	0,0452
3,974806	0,0952
3,975675	0,1428
3,976544	0,1828
3,977413	0,1975
3,978282	0,2045
3,979151	0,1953
3,980020	0,1791
3,980889	0,1303
3,981758	0,0851
3,982627	0,0208
3,983496	-0,0345
3,984365	-0,1044
3,985234	-0,1489
3,986103	-0,2048
3,986972	-0,2292
3,987841	-0,2390
3,988710	-0,2332
3,989579	-0,2164
3,990448	-0,1733
3,991317	-0,1328
3,992186	-0,0693
3,993055	-0,0085
3,993924	0,0519
3,994793	0,1120
3,995662	0,1587
3,996531	0,2045
3,997400	0,2106
3,998269	0,2185
3,999138	0,2005
4,000007	0,1828
4,000876	0,1309
4,001745	0,0806
4,002614	0,0092
4,003483	-0,0479
4,004352	-0,1108
4,005221	-0,1587
4,006090	-0,2121
4,006959	-0,2420
4,007828	-0,2435
4,008697	-0,2393
4,009566	-0,2185
4,010435	-0,1880
4,011304	-0,1321
4,012173	-0,0778
4,013042	-0,0049
4,013911	0,0476
4,014780	0,1056
4,015649	0,1462
4,016518	0,1953
4,017387	0,2023
4,018256	0,2087
4,019125	0,1956
4,019994	0,1724
4,020863	0,1376
4,021732	0,0873
4,022601	0,0214
4,023470	-0,0488
4,024339	-0,1025
4,025208	-0,1572
4,026077	-0,1996
4,026946	-0,2374
4,027815	-0,2429
4,028684	-0,2420
4,029553	-0,2118
4,030422	-0,1807
4,031291	-0,1285
4,032160	-0,0787
4,033029	-0,0024
4,033898	0,0574
4,034767	0,1178
4,035636	0,1617
4,036505	0,2051
4,037374	0,2200
4,038243	0,2206
4,039112	0,2115
4,039981	0,1782
4,040850	0,1364
4,041719	0,0797
4,042588	0,0192
4,043457	-0,0574
4,044326	-0,1105
4,045195	-0,1724
4,046064	-0,2118
4,046933	-0,2481
4,047802	-0,2493
4,048671	-0,2512
4,049540	-0,2191
4,050409	-0,1849
4,051278	-0,1346
4,052147	-0,0803
4,053016	-0,0122
4,053885	0,0546
4,054754	0,1068
4,055623	0,1614
4,056492	0,1947
4,057361	0,2179
4,058230	0,2106
4,059099	0,2091
4,059968	0,1715
4,060837	0,1404
4,061706	0,0882
4,062575	0,0287
4,063444	-0,0427
4,064313	-0,0964
4,065182	-0,1532
4,066051	-0,2008
4,066920	-0,2341
4,067789	-0,2448
4,068658	-0,2414
4,069527	-0,2252
4,070396	-0,1834
4,071265	-0,1419
4,072134	-0,0775
4,073003	-0,0183
4,073872	0,0549
4,074741	0,1019
4,075610	0,1636
4,076479	0,1941
4,077348	0,2222
4,078217	0,2164
4,079086	0,2121
4,079955	0,1813
4,080824	0,1358
4,081693	0,0900
4,082562	0,0201
4,083431	-0,0458
4,084300	-0,1059
4,085169	-0,1593
4,086038	-0,2145
4,086907	-0,2396
4,087776	-0,2554
4,088645	-0,2438
4,089514	-0,2332
4,090383	-0,1852
4,091252	-0,1520
4,092121	-0,0821
4,092990	-0,0238
4,093859	0,0488
4,094728	0,0970
4,095597	0,1532
4,096466	0,1947
4,097335	0,2133
4,098204	0,2124
4,099073	0,2039
4,099942	0,1852
4,100811	0,1444
4,101680	0,0974
4,102549	0,0269
4,103418	-0,0269
4,104287	-0,0940
4,105156	-0,1367
4,106025	-0,1956
4,106894	-0,2182
4,107763	-0,2414
4,108632	-0,2319
4,109501	-0,2234
4,110370	-0,1907
4,111239	-0,1450
4,112108	-0,0861
4,112977	-0,0208
4,113846	0,0394
4,114715	0,0980
4,115584	0,1425
4,116453	0,1901
4,117322	0,2026
4,118191	0,2139
4,119060	0,1971
4,119929	0,1831
4,120798	0,1382
4,121667	0,0952
4,122536	0,0211
4,123405	-0,0378
4,124274	-0,1038
4,125143	-0,1505
4,126012	-0,2036
4,126881	-0,2313
4,127750	-0,2451
4,128619	-0,2460
4,129488	-0,2200
4,130357	-0,1874
4,131226	-0,1392
4,132095	-0,0894
4,132964	-0,0156
4,133833	0,0415
4,134702	0,1038
4,135571	0,1428
4,136440	0,1907
4,137309	0,2011
4,138178	0,2081
4,139047	0,1978
4,139916	0,1773
4,140785	0,1358
4,141654	0,0897
4,142523	0,0330
4,143392	-0,0357
4,144261	-0,0894
4,145130	-0,1444
4,145999	-0,1831
4,146868	-0,2194
4,147737	-0,2277
4,148606	-0,2332
4,149475	-0,2087
4,150344	-0,1834
4,151213	-0,1364
4,152082	-0,0882
4,152951	-0,0217
4,153820	0,0378
4,154689	0,0980
4,155558	0,1453
4,156427	0,1849
4,157296	0,2026
4,158165	0,2020
4,159034	0,1993
4,159903	0,1733
4,160772	0,1379
4,161641	0,0742
4,162510	0,0232
4,163379	-0,0479
4,164248	-0,0983
4,165117	-0,1602
4,165986	-0,2014
4,166855	-0,2411
4,167724	-0,2365
4,168593	-0,2402
4,169462	-0,2158
4,170331	-0,1852
4,171200	-0,1340
4,172069	-0,0784
4,172938	-0,0113
4,173807	0,0516
4,174676	0,1010
4,175545	0,1569
4,176414	0,1929
4,177283	0,2145
4,178152	0,2054
4,179021	0,2011
4,179890	0,1675
4,180759	0,1392
4,181628	0,0848
4,182497	0,0266
4,183366	-0,0464
4,184235	-0,0955
4,185104	-0,1456
4,185973	-0,1932
4,186842	-0,2240
4,187711	-0,2374
4,188580	-0,2255
4,189449	-0,2149
4,190318	-0,1767
4,191187	-0,1471
4,192056	-0,0790
4,192925	-0,0232
4,193794	0,0501
4,194663	0,0946
4,195532	0,1495
4,196401	0,1837
4,197270	0,2121
4,198139	0,2069
4,199008	0,1999
4,199877	0,1715
4,200746	0,1309
4,201615	0,0818
4,202484	0,0201
4,203353	-0,0461
4,204222	-0,1108
4,205091	-0,1566
4,205960	-0,2103
4,206829	-0,2335
4,207698	-0,2536
4,208567	-0,2387
4,209436	-0,2280
4,210305	-0,1794
4,211174	-0,1413
4,212043	-0,0781
4,212912	-0,0168
4,213781	0,0580
4,214650	0,1083
4,215519	0,1624
4,216388	0,2014
4,217257	0,2179
4,218126	0,2203
4,218995	0,2069
4,219864	0,1871
4,220733	0,1370
4,221602	0,0925
4,222471	0,0201
4,223340	-0,0369
4,224209	-0,1062
4,225078	-0,1492
4,225947	-0,2063
4,226816	-0,2268
4,227685	-0,2448
4,228554	-0,2368
4,229423	-0,2252
4,230292	-0,1874
4,231161	-0,1434
4,232030	-0,0909
4,232899	-0,0223
4,233768	0,0363
4,234637	0,0974
4,235506	0,1410
4,236375	0,1901
4,237244	0,2051
4,238113	0,2164
4,238982	0,2005
4,239851	0,1871
4,240720	0,1395
4,241589	0,0943
4,242458	0,0262
4,243327	-0,0354
4,244196	-0,0992
4,245065	-0,1523
4,245934	-0,2036
4,246803	-0,2313
4,247672	-0,2460
4,248541	-0,2463
4,249410	-0,2246
4,250279	-0,1914
4,251148	-0,1440
4,252017	-0,0940
4,252886	-0,0156
4,253755	0,0409
4,254624	0,1068
4,255493	0,1502
4,256362	0,2042
4,257231	0,2124
4,258100	0,2216
4,258969	0,2094
4,259838	0,1874
4,260707	0,1440
4,261576	0,0946
4,262445	0,0354
4,263314	-0,0369
4,264183	-0,0909
4,265052	-0,1489
4,265921	-0,1920
4,266790	-0,2332
4,267659	-0,2368
4,268528	-0,2420
4,269397	-0,2203
4,270266	-0,1962
4,271135	-0,1447
4,272004	-0,0943
4,272873	-0,0296
4,273742	0,0308
4,274611	0,0833
4,275480	0,1349
4,276349	0,1770
4,277218	0,2036
4,278087	0,2002
4,278956	0,2023
4,279825	0,1758
4,280694	0,1498
4,281563	0,0900
4,282432	0,0400
4,283301	-0,0336
4,284170	-0,0839
4,285039	-0,1431
4,285908	-0,1877
4,286777	-0,2252
4,287646	-0,2396
4,288515	-0,2338
4,289384	-0,2182
4,290253	-0,1849
4,291122	-0,1444
4,291991	-0,0855
4,292860	-0,0250
4,293729	0,0452
4,294598	0,0919
4,295467	0,1495
4,296336	0,1856
4,297205	0,2133
4,298074	0,2109
4,298943	0,2087
4,299812	0,1743
4,300681	0,1453
4,301550	0,0940
4,302419	0,0357
4,303288	-0,0351
4,304157	-0,0931
4,305026	-0,1416
4,305895	-0,1917
4,306764	-0,2200
4,307633	-0,2417
4,308502	-0,2295
4,309371	-0,2225
4,310240	-0,1834
4,311109	-0,1483
4,311978	-0,0891
4,312847	-0,0351
4,313716	0,0357
4,314585	0,0818
4,315454	0,1337
4,316323	0,1703
4,317192	0,1975
4,318061	0,2011
4,318930	0,1935
4,319799	0,1743
4,320668	0,1398
4,321537	0,0946
4,322406	0,0314
4,323275	-0,0238
4,324144	-0,0919
4,325013	-0,1358
4,325882	-0,1935
4,326751	-0,2161
4,327620	-0,2350
4,328489	-0,2243
4,329358	-0,2191
4,330227	-0,1807
4,331096	-0,1404
4,331965	-0,0778
4,332834	-0,0201
4,333703	0,0421
4,334572	0,0986
4,335441	0,1474
4,336310	0,1926
4,337179	0,2042
4,338048	0,2091
4,338917	0,1965
4,339786	0,1816
4,340655	0,1367
4,341524	0,0943
4,342393	0,0211
4,343262	-0,0369
4,344131	-0,1004
4,345000	-0,1450
