0,000869	-0,0134
0,001738	-0,0125
0,002607	-0,0134
0,003476	-0,0131
0,004345	-0,0137
0,005214	-0,0128
0,006083	-0,0095
0,006952	-0,0110
0,007821	-0,0122
0,008690	-0,0119
0,009559	-0,0113
0,010428	-0,0089
0,011297	-0,0128
0,012166	-0,0131
0,013035	-0,0131
0,013904	-0,0128
0,014773	-0,0119
0,015642	-0,0119
0,016511	-0,0137
0,017380	-0,0125
0,018249	-0,0125
0,019118	-0,0079
0,019987	-0,0110
0,020856	-0,0122
0,021725	-0,0119
0,022594	-0,0134
0,023463	-0,0122
0,024332	-0,0137
0,025201	-0,0165
0,026070	-0,0174
0,026939	-0,0125
0,027808	-0,0131
0,028677	-0,0156
0,029546	-0,0119
0,030415	-0,0128
0,031284	-0,0122
0,032153	-0,0128
0,033022	-0,0131
0,033891	-0,0131
0,034760	-0,0116
0,035629	-0,0156
0,036498	-0,0092
0,037367	-0,0116
0,038236	-0,0134
0,039105	-0,0110
0,039974	-0,0140
0,040843	-0,0119
0,041712	-0,0119
0,042581	-0,0128
0,043450	-0,0134
0,044319	-0,0131
0,045188	-0,0137
0,046057	-0,0128
0,046926	-0,0122
0,047795	-0,0125
0,048664	-0,0150
0,049533	-0,0089
0,050402	-0,0113
0,051271	-0,0128
0,052140	-0,0128
0,053009	-0,0131
0,053878	-0,0128
0,054747	-0,0128
0,055616	-0,0137
0,056485	-0,0122
0,057354	-0,0131
0,058223	-0,0116
0,059092	-0,0082
0,059961	-0,0113
0,060830	-0,0113
0,061699	-0,0131
0,062568	-0,0131
0,063437	-0,0131
0,064306	-0,0122
0,065175	-0,0150
0,066044	-0,0122
0,066913	-0,0122
0,067782	-0,0125
0,068651	-0,0137
0,069520	-0,0153
0,070389	-0,0192
0,071258	-0,0134
0,072127	-0,0131
0,072996	-0,0125
0,073865	-0,0125
0,074734	-0,0125
0,075603	-0,0122
0,076472	-0,0153
0,077341	-0,0153
0,078210	-0,0116
0,079079	-0,0156
0,079948	-0,0092
0,080817	-0,0095
0,081686	-0,0134
0,082555	-0,0128
0,083424	-0,0134
0,084293	-0,0131
0,085162	-0,0140
0,086031	-0,0137
0,086900	-0,0143
0,087769	-0,0177
0,088638	-0,0076
0,089507	-0,0137
0,090376	-0,0128
0,091245	-0,0128
0,092114	-0,0131
0,092983	-0,0125
0,093852	-0,0131
0,094721	-0,0131
0,095590	-0,0137
0,096459	-0,0146
0,097328	-0,0137
0,098197	-0,0162
0,099066	-0,0162
0,099935	-0,0125
0,100804	-0,0137
0,101673	-0,0134
0,102542	-0,0122
0,103411	-0,0125
0,104280	-0,0137
0,105149	-0,0171
0,106018	-0,0125
0,106887	-0,0110
0,107756	-0,0159
0,108625	-0,0143
0,109494	-0,0143
0,110363	-0,0159
0,111232	-0,0134
0,112101	-0,0128
0,112970	-0,0128
0,113839	-0,0131
0,114708	-0,0125
0,115577	-0,0137
0,116446	-0,0128
0,117315	-0,0125
0,118184	-0,0113
0,119053	-0,0137
0,119922	-0,0131
0,120791	-0,0125
0,121660	-0,0131
0,122529	-0,0134
0,123398	-0,0131
0,124267	-0,0140
0,125136	-0,0150
0,126005	-0,0125
0,126874	-0,0122
0,127743	-0,0140
0,128612	-0,0125
0,129481	-0,0146
0,130350	-0,0165
0,131219	-0,0131
0,132088	-0,0125
0,132957	-0,0131
0,133826	-0,0122
0,134695	-0,0125
0,135564	-0,0153
0,136433	-0,0134
0,137302	-0,0125
0,138171	-0,0137
0,139040	-0,0137
0,139909	-0,0159
0,140778	-0,0125
0,141647	-0,0131
0,142516	-0,0125
0,143385	-0,0125
0,144254	-0,0128
0,145123	-0,0137
0,145992	-0,0153
0,146861	-0,0131
0,147730	-0,0143
0,148599	-0,0150
0,149468	-0,0140
0,150337	-0,0204
0,151206	-0,0140
0,152075	-0,0134
0,152944	-0,0131
0,153813	-0,0137
0,154682	-0,0125
0,155551	-0,0168
0,156420	-0,0131
0,157289	-0,0131
0,158158	-0,0140
0,159027	-0,0119
0,159896	-0,0150
0,160765	-0,0140
0,161634	-0,0137
0,162503	-0,0131
0,163372	-0,0128
0,164241	-0,0137
0,165110	-0,0140
0,165979	-0,0113
0,166848	-0,0125
0,167717	-0,0125
0,168586	-0,0125
0,169455	-0,0125
0,170324	-0,0104
0,171193	-0,0128
0,172062	-0,0125
0,172931	-0,0125
0,173800	-0,0131
0,174669	-0,0131
0,175538	-0,0122
0,176407	-0,0131
0,177276	-0,0134
0,178145	-0,0125
0,179014	-0,0125
0,179883	-0,0159
0,180752	-0,0128
0,181621	-0,0131
0,182490	-0,0125
0,183359	-0,0125
0,184228	-0,0128
0,185097	-0,0153
0,185966	-0,0168
0,186835	-0,0128
0,187704	-0,0125
0,188573	-0,0116
0,189442	-0,0150
0,190311	-0,0137
0,191180	-0,0131
0,192049	-0,0125
0,192918	-0,0128
0,193787	-0,0128
0,194656	-0,0131
0,195525	-0,0122
0,196394	-0,0119
0,197263	-0,0119
0,198132	-0,0119
0,199001	-0,0140
0,199870	-0,0180
0,200739	-0,0119
0,201608	-0,0140
0,202477	-0,0137
0,203346	-0,0134
0,204215	-0,0128
0,205084	-0,0140
0,205953	-0,0131
0,206822	-0,0131
0,207691	-0,0119
0,208560	-0,0140
0,209429	-0,0122
0,210298	-0,0134
0,211167	-0,0128
0,212036	-0,0134
0,212905	-0,0128
0,213774	-0,0128
0,214643	-0,0128
0,215512	-0,0122
0,216381	-0,0110
0,217250	-0,0137
0,218119	-0,0128
0,218988	-0,0131
0,219857	-0,0146
0,220726	-0,0107
0,221595	-0,0134
0,222464	-0,0125
0,223333	-0,0134
0,224202	-0,0128
0,225071	-0,0140
0,225940	-0,0128
0,226809	-0,0092
0,227678	-0,0128
0,228547	-0,0122
0,229416	-0,0119
0,230285	-0,0119
0,231154	-0,0128
0,232023	-0,0128
0,232892	-0,0131
0,233761	-0,0131
0,234630	-0,0128
0,235499	-0,0140
0,236368	-0,0122
0,237237	-0,0137
0,238106	-0,0128
0,238975	-0,0113
0,239844	-0,0137
0,240713	-0,0119
0,241582	-0,0131
0,242451	-0,0134
0,243320	-0,0125
0,244189	-0,0131
0,245058	-0,0146
0,245927	-0,0137
0,246796	-0,0153
0,247665	-0,0137
0,248534	-0,0122
0,249403	-0,0131
0,250272	-0,0119
0,251141	-0,0119
0,252010	-0,0128
0,252879	-0,0128
0,253748	-0,0128
0,254617	-0,0131
0,255486	-0,0131
0,256355	-0,0140
0,257224	-0,0116
0,258093	-0,0125
0,258962	-0,0122
0,259831	-0,0098
0,260700	-0,0137
0,261569	-0,0122
0,262438	-0,0131
0,263307	-0,0119
0,264176	-0,0131
0,265045	-0,0137
0,265914	-0,0125
0,266783	-0,0116
0,267652	-0,0171
0,268521	-0,0119
0,269390	-0,0134
0,270259	-0,0098
0,271128	-0,0125
0,271997	-0,0131
0,272866	-0,0128
0,273735	-0,0119
0,274604	-0,0131
0,275473	-0,0122
0,276342	-0,0128
0,277211	-0,0168
0,278080	-0,0137
0,278949	-0,0116
0,279818	-0,0128
0,280687	-0,0098
0,281556	-0,0131
0,282425	-0,0131
0,283294	-0,0137
0,284163	-0,0134
0,285032	-0,0150
0,285901	-0,0119
0,286770	-0,0128
0,287639	-0,0125
0,288508	-0,0110
0,289377	-0,0107
0,290246	-0,0165
0,291115	-0,0116
0,291984	-0,0128
0,292853	-0,0134
0,293722	-0,0128
0,294591	-0,0137
0,295460	-0,0146
0,296329	-0,0128
0,297198	-0,0140
0,298067	-0,0116
0,298936	-0,0131
0,299805	-0,0128
0,300674	-0,0131
0,301543	-0,0125
0,302412	-0,0119
0,303281	-0,0128
0,304150	-0,0122
0,305019	-0,0122
0,305888	-0,0119
0,306757	-0,0116
0,307626	-0,0092
0,308495	-0,0134
0,309364	-0,0131
0,310233	-0,0156
0,311102	-0,0122
0,311971	-0,0119
0,312840	-0,0128
0,313709	-0,0131
0,314578	-0,0131
0,315447	-0,0101
0,316316	-0,0134
0,317185	-0,0128
0,318054	-0,0128
0,318923	-0,0177
0,319792	-0,0143
0,320661	-0,0146
0,321530	-0,0134
0,322399	-0,0137
0,323268	-0,0134
0,324137	-0,0137
0,325006	-0,0143
0,325875	-0,0137
0,326744	-0,0128
0,327613	-0,0116
0,328482	-0,0165
0,329351	-0,0128
0,330220	-0,0140
0,331089	-0,0146
0,331958	-0,0131
0,332827	-0,0125
0,333696	-0,0128
0,334565	-0,0122
0,335434	-0,0110
0,336303	-0,0137
0,337172	-0,0134
0,338041	-0,0137
0,338910	-0,0153
0,339779	-0,0082
0,340648	-0,0110
0,341517	-0,0137
0,342386	-0,0128
0,343255	-0,0122
0,344124	-0,0128
0,344993	-0,0159
0,345862	-0,0104
0,346731	-0,0125
0,347600	-0,0137
0,348469	-0,0107
0,349338	-0,0122
0,350207	-0,0107
0,351076	-0,0122
0,351945	-0,0134
0,352814	-0,0128
0,353683	-0,0125
0,354552	-0,0125
0,355421	-0,0107
0,356290	-0,0128
0,357159	-0,0131
0,358028	-0,0131
0,358897	-0,0128
0,359766	-0,0134
0,360635	-0,0137
0,361504	-0,0134
0,362373	-0,0134
0,363242	-0,0134
0,364111	-0,0140
0,364980	-0,0134
0,365849	-0,0140
0,366718	-0,0125
0,367587	-0,0128
0,368456	-0,0134
0,369325	-0,0146
0,370194	-0,0110
0,371063	-0,0143
0,371932	-0,0125
0,372801	-0,0125
0,373670	-0,0131
0,374539	-0,0131
0,375408	-0,0101
0,376277	-0,0146
0,377146	-0,0146
0,378015	-0,0128
0,378884	-0,0143
0,379753	-0,0156
0,380622	-0,0113
0,381491	-0,0110
0,382360	-0,0128
0,383229	-0,0116
0,384098	-0,0128
0,384967	-0,0134
0,385836	-0,0125
0,386705	-0,0125
0,387574	-0,0128
0,388443	-0,0113
0,389312	-0,0085
0,390181	-0,0165
0,391050	-0,0131
0,391919	-0,0128
0,392788	-0,0122
0,393657	-0,0128
0,394526	-0,0128
0,395395	-0,0092
0,396264	-0,0125
0,397133	-0,0131
0,398002	-0,0128
0,398871	-0,0107
0,399740	-0,0107
0,400609	-0,0104
0,401478	-0,0128
0,402347	-0,0137
0,403216	-0,0128
0,404085	-0,0125
0,404954	-0,0137
0,405823	-0,0125
0,406692	-0,0122
0,407561	-0,0165
0,408430	-0,0125
0,409299	-0,0125
0,410168	-0,0122
0,411037	-0,0119
0,411906	-0,0131
0,412775	-0,0131
0,413644	-0,0131
0,414513	-0,0131
0,415382	-0,0125
0,416251	-0,0122
0,417120	-0,0143
0,417989	-0,0128
0,418858	-0,0101
0,419727	-0,0122
0,420596	-0,0143
0,421465	-0,0125
0,422334	-0,0125
0,423203	-0,0128
0,424072	-0,0125
0,424941	-0,0134
0,425810	-0,0122
0,426679	-0,0134
0,427548	-0,0153
0,428417	-0,0122
0,429286	-0,0128
0,430155	-0,0140
0,431024	-0,0162
0,431893	-0,0128
0,432762	-0,0131
0,433631	-0,0134
0,434500	-0,0125
0,435369	-0,0107
0,436238	-0,0137
0,437107	-0,0122
0,437976	-0,0128
0,438845	-0,0119
0,439714	-0,0146
0,440583	-0,0159
0,441452	-0,0128
0,442321	-0,0134
0,443190	-0,0134
0,444059	-0,0134
0,444928	-0,0131
0,445797	-0,0131
0,446666	-0,0128
0,447535	-0,0122
0,448404	-0,0119
0,449273	-0,0122
0,450142	-0,0143
0,451011	-0,0143
0,451880	-0,0131
0,452749	-0,0128
0,453618	-0,0131
0,454487	-0,0131
0,455356	-0,0116
0,456225	-0,0137
0,457094	-0,0137
0,457963	-0,0116
0,458832	-0,0116
0,459701	-0,0156
0,460570	-0,0143
0,461439	-0,0128
0,462308	-0,0125
0,463177	-0,0134
0,464046	-0,0128
0,464915	-0,0125
0,465784	-0,0131
0,466653	-0,0119
0,467522	-0,0116
0,468391	-0,0122
0,469260	-0,0128
0,470129	-0,0146
0,470998	-0,0128
0,471867	-0,0134
0,472736	-0,0131
0,473605	-0,0125
0,474474	-0,0131
0,475343	-0,0122
0,476212	-0,0131
0,477081	-0,0143
0,477950	-0,0134
0,478819	-0,0104
0,479688	-0,0168
0,480557	-0,0046
0,481426	-0,0128
0,482295	-0,0131
0,483164	-0,0140
0,484033	-0,0134
0,484902	-0,0125
0,485771	-0,0125
0,486640	-0,0143
0,487509	-0,0150
0,488378	-0,0134
0,489247	-0,0137
0,490116	-0,0119
0,490985	-0,0119
0,491854	-0,0128
0,492723	-0,0131
0,493592	-0,0131
0,494461	-0,0131
0,495330	-0,0113
0,496199	-0,0134
0,497068	-0,0150
0,497937	-0,0113
0,498806	-0,0159
0,499675	-0,0113
0,500544	-0,0113
0,501413	-0,0128
0,502282	-0,0128
0,503151	-0,0134
0,504020	-0,0122
0,504889	-0,0131
0,505758	-0,0110
0,506627	-0,0131
0,507496	-0,0128
0,508365	-0,0134
0,509234	-0,0089
0,510103	-0,0134
0,510972	-0,0131
0,511841	-0,0122
0,512710	-0,0122
0,513579	-0,0128
0,514448	-0,0134
0,515317	-0,0079
0,516186	-0,0137
0,517055	-0,0128
0,517924	-0,0134
0,518793	-0,0177
0,519662	-0,0137
0,520531	-0,0116
0,521400	-0,0122
0,522269	-0,0134
0,523138	-0,0134
0,524007	-0,0131
0,524876	-0,0128
0,525745	-0,0113
0,526614	-0,0119
0,527483	-0,0119
0,528352	-0,0122
0,529221	-0,0137
0,530090	-0,0137
0,530959	-0,0085
0,531828	-0,0131
0,532697	-0,0131
0,533566	-0,0128
0,534435	-0,0125
0,535304	-0,0137
0,536173	-0,0131
0,537042	-0,0131
0,537911	-0,0128
0,538780	-0,0116
0,539649	-0,0122
0,540518	-0,0150
0,541387	-0,0116
0,542256	-0,0131
0,543125	-0,0128
0,543994	-0,0131
0,544863	-0,0128
0,545732	-0,0159
0,546601	-0,0131
0,547470	-0,0128
0,548339	-0,0131
0,549208	-0,0143
0,550077	-0,0119
0,550946	-0,0146
0,551815	-0,0131
0,552684	-0,0137
0,553553	-0,0125
0,554422	-0,0128
0,555291	-0,0092
0,556160	-0,0113
0,557029	-0,0137
0,557898	-0,0134
0,558767	-0,0134
0,559636	-0,0116
0,560505	-0,0134
0,561374	-0,0134
0,562243	-0,0134
0,563112	-0,0137
0,563981	-0,0128
0,564850	-0,0125
0,565719	-0,0128
0,566588	-0,0116
0,567457	-0,0122
0,568326	-0,0134
0,569195	-0,0131
0,570064	-0,0125
0,570933	-0,0107
0,571802	-0,0125
0,572671	-0,0131
0,573540	-0,0128
0,574409	-0,0131
0,575278	-0,0119
0,576147	-0,0113
0,577016	-0,0125
0,577885	-0,0150
0,578754	-0,0159
0,579623	-0,0137
0,580492	-0,0101
0,581361	-0,0131
0,582230	-0,0128
0,583099	-0,0122
0,583968	-0,0128
0,584837	-0,0131
0,585706	-0,0116
0,586575	-0,0134
0,587444	-0,0137
0,588313	-0,0128
0,589182	-0,0165
0,590051	-0,0131
0,590920	-0,0116
0,591789	-0,0128
0,592658	-0,0125
0,593527	-0,0131
0,594396	-0,0131
0,595265	-0,0125
0,596134	-0,0128
0,597003	-0,0098
0,597872	-0,0128
0,598741	-0,0134
0,599610	-0,0122
0,600479	-0,0104
0,601348	-0,0107
0,602217	-0,0128
0,603086	-0,0134
0,603955	-0,0134
0,604824	-0,0131
0,605693	-0,0140
0,606562	-0,0125
0,607431	-0,0113
0,608300	-0,0131
0,609169	-0,0116
0,610038	-0,0140
0,610907	-0,0116
0,611776	-0,0131
0,612645	-0,0128
0,613514	-0,0128
0,614383	-0,0134
0,615252	-0,0125
0,616121	-0,0137
0,616990	-0,0177
0,617859	-0,0137
0,618728	-0,0107
0,619597	-0,0131
0,620466	-0,0104
0,621335	-0,0131
0,622204	-0,0137
0,623073	-0,0122
0,623942	-0,0137
0,624811	-0,0125
0,625680	-0,0131
0,626549	-0,0128
0,627418	-0,0107
0,628287	-0,0134
0,629156	-0,0128
0,630025	-0,0119
0,630894	-0,0137
0,631763	-0,0128
0,632632	-0,0134
0,633501	-0,0128
0,634370	-0,0131
0,635239	-0,0119
0,636108	-0,0104
0,636977	-0,0122
0,637846	-0,0137
0,638715	-0,0143
0,639584	-0,0168
0,640453	-0,0125
0,641322	-0,0137
0,642191	-0,0134
0,643060	-0,0137
0,643929	-0,0131
0,644798	-0,0131
0,645667	-0,0156
0,646536	-0,0125
0,647405	-0,0113
0,648274	-0,0085
0,649143	-0,0101
0,650012	-0,0174
0,650881	-0,0119
0,651750	-0,0131
0,652619	-0,0128
0,653488	-0,0122
0,654357	-0,0131
0,655226	-0,0125
0,656095	-0,0131
0,656964	-0,0128
0,657833	-0,0104
0,658702	-0,0143
0,659571	-0,0110
0,660440	-0,0070
0,661309	-0,0159
0,662178	-0,0128
0,663047	-0,0128
0,663916	-0,0128
0,664785	-0,0131
0,665654	-0,0110
0,666523	-0,0143
0,667392	-0,0116
0,668261	-0,0134
0,669130	-0,0162
0,669999	-0,0116
0,670868	-0,0140
0,671737	-0,0128
0,672606	-0,0125
0,673475	-0,0119
0,674344	-0,0122
0,675213	-0,0119
0,676082	-0,0122
0,676951	-0,0134
0,677820	-0,0122
0,678689	-0,0116
0,679558	-0,0150
0,680427	-0,0168
0,681296	-0,0156
0,682165	-0,0134
0,683034	-0,0134
0,683903	-0,0128
0,684772	-0,0128
0,685641	-0,0137
0,686510	-0,0128
0,687379	-0,0159
0,688248	-0,0128
0,689117	-0,0125
0,689986	-0,0125
0,690855	-0,0098
0,691724	-0,0131
0,692593	-0,0134
0,693462	-0,0128
0,694331	-0,0131
0,695200	-0,0131
0,696069	-0,0134
0,696938	-0,0125
0,697807	-0,0131
0,698676	-0,0137
0,699545	-0,0119
0,700414	-0,0122
0,701283	-0,0119
0,702152	-0,0131
0,703021	-0,0128
0,703890	-0,0134
0,704759	-0,0125
0,705628	-0,0162
0,706497	-0,0119
0,707366	-0,0125
0,708235	-0,0143
0,709104	-0,0137
0,709973	-0,0119
0,710842	-0,0153
0,711711	-0,0131
0,712580	-0,0128
0,713449	-0,0128
0,714318	-0,0131
0,715187	-0,0134
0,716056	-0,0131
0,716925	-0,0125
0,717794	-0,0128
0,718663	-0,0128
0,719532	-0,0110
0,720401	-0,0070
0,721270	-0,0092
0,722139	-0,0134
0,723008	-0,0131
0,723877	-0,0128
0,724746	-0,0131
0,725615	-0,0113
0,726484	-0,0110
0,727353	-0,0125
0,728222	-0,0134
0,729091	-0,0128
0,729960	-0,0168
0,730829	-0,0134
0,731698	-0,0131
0,732567	-0,0125
0,733436	-0,0125
0,734305	-0,0125
0,735174	-0,0125
0,736043	-0,0131
0,736912	-0,0134
0,737781	-0,0128
0,738650	-0,0134
0,739519	-0,0153
0,740388	-0,0104
0,741257	-0,0104
0,742126	-0,0134
0,742995	-0,0122
0,743864	-0,0125
0,744733	-0,0131
0,745602	-0,0137
0,746471	-0,0128
0,747340	-0,0125
0,748209	-0,0131
0,749078	-0,0101
0,749947	-0,0110
0,750816	-0,0131
0,751685	-0,0122
0,752554	-0,0134
0,753423	-0,0122
0,754292	-0,0134
0,755161	-0,0119
0,756030	-0,0137
0,756899	-0,0146
0,757768	-0,0128
0,758637	-0,0137
0,759506	-0,0137
0,760375	-0,0137
0,761244	-0,0122
0,762113	-0,0150
0,762982	-0,0128
0,763851	-0,0134
0,764720	-0,0125
0,765589	-0,0125
0,766458	-0,0146
0,767327	-0,0101
0,768196	-0,0131
0,769065	-0,0146
0,769934	-0,0119
0,770803	-0,0122
0,771672	-0,0119
0,772541	-0,0128
0,773410	-0,0125
0,774279	-0,0128
0,775148	-0,0131
0,776017	-0,0122
0,776886	-0,0128
0,777755	-0,0125
0,778624	-0,0159
0,779493	-0,0131
0,780362	-0,0098
0,781231	-0,0116
0,782100	-0,0122
0,782969	-0,0128
0,783838	-0,0122
0,784707	-0,0131
0,785576	-0,0119
0,786445	-0,0092
0,787314	-0,0134
0,788183	-0,0125
0,789052	-0,0125
0,789921	-0,0134
0,790790	-0,0143
0,791659	-0,0128
0,792528	-0,0128
0,793397	-0,0125
0,794266	-0,0122
0,795135	-0,0131
0,796004	-0,0134
0,796873	-0,0171
0,797742	-0,0134
0,798611	-0,0113
0,799480	-0,0110
0,800349	-0,0165
0,801218	-0,0150
0,802087	-0,0131
0,802956	-0,0140
0,803825	-0,0134
0,804694	-0,0122
0,805563	-0,0150
0,806432	-0,0125
0,807301	-0,0125
0,808170	-0,0128
0,809039	-0,0098
0,809908	-0,0131
0,810777	-0,0159
0,811646	-0,0131
0,812515	-0,0128
0,813384	-0,0128
0,814253	-0,0131
0,815122	-0,0134
0,815991	-0,0143
0,816860	-0,0125
0,817729	-0,0101
0,818598	-0,0134
0,819467	-0,0116
0,820336	-0,0125
0,821205	-0,0162
0,822074	-0,0134
0,822943	-0,0128
0,823812	-0,0131
0,824681	-0,0125
0,825550	-0,0143
0,826419	-0,0128
0,827288	-0,0110
0,828157	-0,0137
0,829026	-0,0107
0,829895	-0,0131
0,830764	-0,0116
0,831633	-0,0125
0,832502	-0,0125
0,833371	-0,0128
0,834240	-0,0134
0,835109	-0,0125
0,835978	-0,0131
0,836847	-0,0125
0,837716	-0,0140
0,838585	-0,0137
0,839454	-0,0168
0,840323	-0,0052
0,841192	-0,0122
0,842061	-0,0131
0,842930	-0,0134
0,843799	-0,0134
0,844668	-0,0119
0,845537	-0,0137
0,846406	-0,0119
0,847275	-0,0119
0,848144	-0,0107
0,849013	-0,0110
0,849882	-0,0137
0,850751	-0,0095
0,851620	-0,0116
0,852489	-0,0128
0,853358	-0,0125
0,854227	-0,0131
0,855096	-0,0137
0,855965	-0,0134
0,856834	-0,0113
0,857703	-0,0137
0,858572	-0,0122
0,859441	-0,0165
0,860310	-0,0125
0,861179	-0,0119
0,862048	-0,0125
0,862917	-0,0125
0,863786	-0,0119
0,864655	-0,0134
0,865524	-0,0137
0,866393	-0,0131
0,867262	-0,0131
0,868131	-0,0131
0,869000	-0,0122
0,869869	-0,0171
0,870738	-0,0119
0,871607	-0,0137
0,872476	-0,0125
0,873345	-0,0128
0,874214	-0,0128
0,875083	-0,0125
0,875952	-0,0131
0,876821	-0,0125
0,877690	-0,0125
0,878559	-0,0119
0,879428	-0,0156
0,880297	-0,0119
0,881166	-0,0131
0,882035	-0,0134
0,882904	-0,0128
0,883773	-0,0137
0,884642	-0,0125
0,885511	-0,0092
0,886380	-0,0165
0,887249	-0,0131
0,888118	-0,0116
0,888987	-0,0116
0,889856	-0,0131
0,890725	-0,0098
0,891594	-0,0162
0,892463	-0,0137
0,893332	-0,0131
0,894201	-0,0134
0,895070	-0,0128
0,895939	-0,0134
0,896808	-0,0134
0,897677	-0,0140
0,898546	-0,0113
0,899415	-0,0119
0,900284	-0,0125
0,901153	-0,0107
0,902022	-0,0116
0,902891	-0,0128
0,903760	-0,0131
0,904629	-0,0128
0,905498	-0,0122
0,906367	-0,0116
0,907236	-0,0119
0,908105	-0,0165
0,908974	-0,0156
0,909843	-0,0125
0,910712	-0,0143
0,911581	-0,0116
0,912450	-0,0131
0,913319	-0,0134
0,914188	-0,0131
0,915057	-0,0128
0,915926	-0,0140
0,916795	-0,0119
0,917664	-0,0128
0,918533	-0,0119
0,919402	-0,0110
0,920271	-0,0140
0,921140	-0,0131
0,922009	-0,0131
0,922878	-0,0134
0,923747	-0,0125
0,924616	-0,0128
0,925485	-0,0137
0,926354	-0,0082
0,927223	-0,0116
0,928092	-0,0122
0,928961	-0,0107
0,929830	-0,0128
0,930699	-0,0116
0,931568	-0,0137
0,932437	-0,0134
0,933306	-0,0125
0,934175	-0,0125
0,935044	-0,0131
0,935913	-0,0165
0,936782	-0,0146
0,937651	-0,0128
0,938520	-0,0119
0,939389	-0,0140
0,940258	-0,0125
0,941127	-0,0180
0,941996	-0,0122
0,942865	-0,0122
0,943734	-0,0125
0,944603	-0,0125
0,945472	-0,0131
0,946341	-0,0137
0,947210	-0,0110
0,948079	-0,0128
0,948948	-0,0125
0,949817	-0,0131
0,950686	-0,0116
0,951555	-0,0131
0,952424	-0,0125
0,953293	-0,0128
0,954162	-0,0131
0,955031	-0,0125
0,955900	-0,0134
0,956769	-0,0098
0,957638	-0,0146
0,958507	-0,0128
0,959376	-0,0156
0,960245	-0,0143
0,961114	-0,0095
0,961983	-0,0128
0,962852	-0,0128
0,963721	-0,0131
0,964590	-0,0125
0,965459	-0,0140
0,966328	-0,0125
0,967197	-0,0131
0,968066	-0,0128
0,968935	-0,0098
0,969804	-0,0122
0,970673	-0,0125
0,971542	-0,0134
0,972411	-0,0122
0,973280	-0,0131
0,974149	-0,0131
0,975018	-0,0137
0,975887	-0,0113
0,976756	-0,0150
0,977625	-0,0125
0,978494	-0,0128
0,979363	-0,0137
0,980232	-0,0125
0,981101	-0,0125
0,981970	-0,0137
0,982839	-0,0128
0,983708	-0,0122
0,984577	-0,0131
0,985446	-0,0146
0,986315	-0,0119
0,987184	-0,0113
0,988053	-0,0107
0,988922	-0,0177
0,989791	-0,0125
0,990660	-0,0159
0,991529	-0,0125
0,992398	-0,0122
0,993267	-0,0122
0,994136	-0,0131
0,995005	-0,0128
0,995874	-0,0131
0,996743	-0,0140
0,997612	-0,0153
0,998481	-0,0131
0,999350	-0,0131
1,000219	-0,0125
1,001088	-0,0119
1,001957	-0,0134
1,002826	-0,0134
1,003695	-0,0122
1,004564	-0,0122
1,005433	-0,0131
1,006302	-0,0134
1,007171	-0,0095
1,008040	-0,0116
1,008909	-0,0150
1,009778	-0,0174
1,010647	-0,0119
1,011516	-0,0128
1,012385	-0,0128
1,013254	-0,0122
1,014123	-0,0137
1,014992	-0,0134
1,015861	-0,0116
1,016730	-0,0140
1,017599	-0,0110
1,018468	-0,0128
1,019337	-0,0125
1,020206	-0,0064
1,021075	-0,0107
1,021944	-0,0128
1,022813	-0,0128
1,023682	-0,0128
1,024551	-0,0125
1,025420	-0,0128
1,026289	-0,0143
1,027158	-0,0143
1,028027	-0,0146
1,028896	-0,0153
1,029765	-0,0095
1,030634	-0,0153
1,031503	-0,0174
1,032372	-0,0128
1,033241	-0,0131
1,034110	-0,0125
1,034979	-0,0125
1,035848	-0,0104
1,036717	-0,0125
1,037586	-0,0137
1,038455	-0,0119
1,039324	-0,0128
1,040193	-0,0125
1,041062	-0,0116
1,041931	-0,0134
1,042800	-0,0134
1,043669	-0,0131
1,044538	-0,0128
1,045407	-0,0134
1,046276	-0,0128
1,047145	-0,0128
1,048014	-0,0110
1,048883	-0,0092
1,049752	-0,0156
1,050621	-0,0140
1,051490	-0,0131
1,052359	-0,0122
1,053228	-0,0131
1,054097	-0,0131
1,054966	-0,0131
1,055835	-0,0116
1,056704	-0,0131
1,057573	-0,0113
1,058442	-0,0128
1,059311	-0,0137
1,060180	-0,0143
1,061049	-0,0125
1,061918	-0,0122
1,062787	-0,0125
1,063656	-0,0125
1,064525	-0,0128
1,065394	-0,0137
1,066263	-0,0113
1,067132	-0,0134
1,068001	-0,0128
1,068870	-0,0134
1,069739	-0,0104
1,070608	-0,0150
1,071477	-0,0153
1,072346	-0,0128
1,073215	-0,0125
1,074084	-0,0128
1,074953	-0,0125
1,075822	-0,0104
1,076691	-0,0134
1,077560	-0,0125
1,078429	-0,0119
1,079298	-0,0140
1,080167	-0,0095
1,081036	-0,0104
1,081905	-0,0134
1,082774	-0,0128
1,083643	-0,0134
1,084512	-0,0131
1,085381	-0,0131
1,086250	-0,0122
1,087119	-0,0128
1,087988	-0,0134
1,088857	-0,0131
1,089726	-0,0186
1,090595	-0,0125
1,091464	-0,0107
1,092333	-0,0134
1,093202	-0,0125
1,094071	-0,0128
1,094940	-0,0137
1,095809	-0,0095
1,096678	-0,0143
1,097547	-0,0128
1,098416	-0,0137
1,099285	-0,0131
1,100154	-0,0125
1,101023	-0,0082
1,101892	-0,0128
1,102761	-0,0128
1,103630	-0,0128
1,104499	-0,0125
1,105368	-0,0125
1,106237	-0,0131
1,107106	-0,0125
1,107975	-0,0128
1,108844	-0,0134
1,109713	-0,0171
1,110582	-0,0140
1,111451	-0,0134
1,112320	-0,0128
1,113189	-0,0128
1,114058	-0,0131
1,114927	-0,0131
1,115796	0,1794
1,116665	0,4447
1,117534	0,6604
1,118403	0,7846
1,119272	0,8090
1,120141	0,7480
1,121010	0,5890
1,121879	0,3439
1,122748	0,0568
1,123617	-0,2435
1,124486	-0,5319
1,125355	-0,7974
1,126224	-1,0114
1,127093	-1,1469
1,127962	-1,2009
1,128831	-1,1863
1,129700	-1,0932
1,130569	-0,9284
1,131438	-0,6848
1,132307	-0,3949
1,133176	-0,0760
1,134045	0,2383
1,134914	0,5405
1,135783	0,8133
1,136652	1,0163
1,137521	1,1463
1,138390	1,1957
1,139259	1,1649
1,140128	1,0385
1,140997	0,8301
1,141866	0,5579
1,142735	0,2527
1,143604	-0,0687
1,144473	-0,3833
1,145342	-0,6793
1,146211	-0,9272
1,147080	-1,0978
1,147949	-1,1838
1,148818	-1,1875
1,149687	-1,1023
1,150556	-0,9333
1,151425	-0,6937
1,152294	-0,4141
1,153163	-0,1041
1,154032	0,2097
1,154901	0,5112
1,155770	0,7825
1,156639	0,9867
1,157508	1,1197
1,158377	1,1686
1,159246	1,1377
1,160115	1,0294
1,160984	0,8380
1,161853	0,5780
1,162722	0,2789
1,163591	-0,0345
1,164460	-0,3412
1,165329	-0,6296
1,166198	-0,8676
1,167067	-1,0312
1,167936	-1,1182
1,168805	-1,1277
1,169674	-1,0584
1,170543	-0,9101
1,171412	-0,6906
1,172281	-0,4108
1,173150	-0,1032
1,174019	0,2023
1,174888	0,4975
1,175757	0,7663
1,176626	0,9781
1,177495	1,1118
1,178364	1,1728
1,179233	1,1493
1,180102	1,0443
1,180971	0,8573
1,181840	0,6110
1,182709	0,3211
1,183578	0,0134
1,184447	-0,2911
1,185316	-0,5817
1,186185	-0,8292
1,187054	-1,0031
1,187923	-1,1005
1,188792	-1,1179
1,189661	-1,0529
1,190530	-0,9244
1,191399	-0,7102
1,192268	-0,4437
1,193137	-0,1410
1,194006	0,1584
1,194875	0,4498
1,195744	0,7166
1,196613	0,9299
1,197482	1,0718
1,198351	1,1374
1,199220	1,1264
1,200089	1,0245
1,200958	0,8460
1,201827	0,5994
1,202696	0,3180
1,203565	0,0131
1,204434	-0,2835
1,205303	-0,5704
1,206172	-0,8148
1,207041	-0,9857
1,207910	-1,0831
1,208779	-1,1042
1,209648	-1,0529
1,210517	-0,9186
1,211386	-0,7172
1,212255	-0,4486
1,213124	-0,1508
1,213993	0,1447
1,214862	0,4288
1,215731	0,6891
1,216600	0,8942
1,217469	1,0269
1,218338	1,0822
1,219207	1,0654
1,220076	0,9644
1,220945	0,7944
1,221814	0,5609
1,222683	0,2777
1,223552	-0,0217
1,224421	-0,3153
1,225290	-0,5887
1,226159	-0,8173
1,227028	-0,9781
1,227897	-1,0666
1,228766	-1,0840
1,229635	-1,0227
1,230504	-0,8765
1,231373	-0,6705
1,232242	-0,4141
1,233111	-0,1251
1,233980	0,1703
1,234849	0,4575
1,235718	0,7187
1,236587	0,9201
1,237456	1,0389
1,238325	1,0843
1,239194	1,0666
1,240063	0,9729
1,240932	0,7865
1,241801	0,5417
1,242670	0,2551
1,243539	-0,0470
1,244408	-0,3433
1,245277	-0,6308
1,246146	-0,8728
1,247015	-1,0440
1,247884	-1,1283
1,248753	-1,1365
1,249622	-1,0718
1,250491	-0,9400
1,251360	-0,7297
1,252229	-0,4590
1,253098	-0,1572
1,253967	0,1389
1,254836	0,4221
1,255705	0,6821
1,256574	0,8899
1,257443	1,0251
1,258312	1,0730
1,259181	1,0468
1,260050	0,9412
1,260919	0,7672
1,261788	0,5283
1,262657	0,2426
1,263526	-0,0629
1,264395	-0,3592
1,265264	-0,6406
1,266133	-0,8805
1,267002	-1,0535
1,267871	-1,1454
1,268740	-1,1609
1,269609	-1,0947
1,270478	-0,9568
1,271347	-0,7575
1,272216	-0,4923
1,273085	-0,1929
1,273954	0,1071
1,274823	0,3946
1,275692	0,6580
1,276561	0,8597
1,277430	0,9973
1,278299	1,0581
1,279168	1,0382
1,280037	0,9387
1,280906	0,7718
1,281775	0,5399
1,282644	0,2609
1,283513	-0,0314
1,284382	-0,3192
1,285251	-0,5972
1,286120	-0,8383
1,286989	-1,0196
1,287858	-1,1243
1,288727	-1,1502
1,289596	-1,0950
1,290465	-0,9699
1,291334	-0,7776
1,292203	-0,5243
1,293072	-0,2377
1,293941	0,0525
1,294810	0,3302
1,295679	0,5884
1,296548	0,7929
1,297417	0,9317
1,298286	0,9937
1,299155	0,9824
1,300024	0,8948
1,300893	0,7428
1,301762	0,5216
1,302631	0,2527
1,303500	-0,0351
1,304369	-0,3156
1,305238	-0,5878
1,306107	-0,8258
1,306976	-1,0089
1,307845	-1,1093
1,308714	-1,1344
1,309583	-1,0868
1,310452	-0,9641
1,311321	-0,7688
1,312190	-0,5051
1,313059	-0,2124
1,313928	0,0812
1,314797	0,3739
1,315666	0,6494
1,316535	0,8689
1,317404	1,0044
1,318273	1,0617
1,319142	1,0523
1,320011	0,9705
1,320880	0,7999
1,321749	0,5548
1,322618	0,2667
1,323487	-0,0424
1,324356	-0,3534
1,325225	-0,6516
1,326094	-0,9076
1,326963	-1,0901
1,327832	-1,1844
1,328701	-1,2015
1,329570	-1,1292
1,330439	-0,9726
1,331308	-0,7514
1,332177	-0,4822
1,333046	-0,1737
1,333915	0,1337
1,334784	0,4260
1,335653	0,6882
1,336522	0,8890
1,337391	1,0257
1,338260	1,0840
1,339129	1,0620
1,339998	0,9647
1,340867	0,8051
1,341736	0,5835
1,342605	0,3153
1,343474	0,0314
1,344343	-0,2484
1,345212	-0,5197
1,346081	-0,7624
1,346950	-0,9503
1,347819	-1,0657
1,348688	-1,1014
1,349557	-1,0706
1,350426	-0,9616
1,351295	-0,7822
1,352164	-0,5261
1,353033	-0,2322
1,353902	0,0699
1,354771	0,3720
1,355640	0,6555
1,356509	0,8835
1,357378	1,0282
1,358247	1,0910
1,359116	1,0825
1,359985	0,9857
1,360854	0,8063
1,361723	0,5667
1,362592	0,2890
1,363461	-0,0034
1,364330	-0,2969
1,365199	-0,5612
1,366068	-0,7773
1,366937	-0,9354
1,367806	-1,0242
1,368675	-1,0413
1,369544	-0,9836
1,370413	-0,8631
1,371282	-0,6842
1,372151	-0,4410
1,373020	-0,1590
1,373889	0,1263
1,374758	0,4114
1,375627	0,6909
1,376496	0,9235
1,377365	1,0819
1,378234	1,1536
1,379103	1,1591
1,379972	1,0657
1,380841	0,8817
1,381710	0,6265
1,382579	0,3342
1,383448	0,0211
1,384317	-0,2860
1,385186	-0,5676
1,386055	-0,7996
1,386924	-0,9668
1,387793	-1,0599
1,388662	-1,0770
1,389531	-1,0202
1,390400	-0,9061
1,391269	-0,7343
1,392138	-0,4981
1,393007	-0,2234
1,393876	0,0613
1,394745	0,3494
1,395614	0,6299
1,396483	0,8704
1,397352	1,0343
1,398221	1,1167
1,399090	1,1286
1,399959	1,0425
1,400828	0,8606
1,401697	0,6137
1,402566	0,3275
1,403435	0,0253
1,404304	-0,2618
1,405173	-0,5206
1,406042	-0,7364
1,406911	-0,8975
1,407780	-0,9949
1,408649	-1,0321
1,409518	-1,0016
1,410387	-0,9040
1,411256	-0,7327
1,412125	-0,4810
1,412994	-0,1950
1,413863	0,1053
1,414732	0,4077
1,415601	0,6879
1,416470	0,9012
1,417339	1,0312
1,418208	1,0974
1,419077	1,0675
1,419946	0,9543
1,420815	0,7883
1,421684	0,5716
1,422553	0,3101
1,423422	0,0278
1,424291	-0,2533
1,425160	-0,5371
1,426029	-0,7981
1,426898	-1,0047
1,427767	-1,1277
1,428636	-1,1698
1,429505	-1,1219
1,430374	-0,9754
1,431243	-0,7660
1,432112	-0,5063
1,432981	-0,2139
1,433850	0,0708
1,434719	0,3351
1,435588	0,5829
1,436457	0,7923
1,437326	0,9491
1,438195	1,0358
1,439064	1,0550
1,439933	1,0074
1,440802	0,8618
1,441671	0,6223
1,442540	0,3391
1,443409	0,0259
1,444278	-0,2805
1,445147	-0,5548
1,446016	-0,7749
1,446885	-0,9259
1,447754	-1,0181
1,448623	-1,0501
1,449492	-1,0211
1,450361	-0,9302
1,451230	-0,7666
1,452099	-0,5231
1,452968	-0,2362
1,453837	0,0714
1,454706	0,3790
1,455575	0,6555
1,456444	0,8588
1,457313	0,9885
1,458182	1,0419
1,459051	1,0184
1,459920	0,9308
1,460789	0,7990
1,461658	0,6000
1,462527	0,3375
1,463396	0,0452
1,464265	-0,2612
1,465134	-0,5692
1,466003	-0,8393
1,466872	-1,0190
1,467741	-1,1136
1,468610	-1,1231
1,469479	-1,0532
1,470348	-0,9339
1,471217	-0,7709
1,472086	-0,5490
1,472955	-0,2829
1,473824	0,0021
1,474693	0,3070
1,475562	0,6009
1,476431	0,8386
1,477300	0,9915
1,478169	1,0590
1,479038	1,0364
1,479907	0,9412
1,480776	0,7886
1,481645	0,5899
1,482514	0,3476
1,483383	0,0739
1,484252	-0,2118
1,485121	-0,5072
1,485990	-0,7727
1,486859	-0,9540
1,487728	-1,0446
1,488597	-1,0587
1,489466	-0,9919
1,490335	-0,8686
1,491204	-0,7053
1,492073	-0,4898
1,492942	-0,2249
1,493811	0,0671
1,494680	0,3772
1,495549	0,6720
1,496418	0,9003
1,497287	1,0343
1,498156	1,0819
1,499025	1,0465
1,499894	0,9613
1,500763	0,8344
1,501632	0,6430
1,502501	0,3861
1,503370	0,0958
1,504239	-0,2103
1,505108	-0,5097
1,505977	-0,7578
1,506846	-0,9330
1,507715	-1,0318
1,508584	-1,0544
1,509453	-1,0190
1,510322	-0,9378
1,511191	-0,7904
1,512060	-0,5469
1,512929	-0,2527
1,513798	0,0656
1,514667	0,3644
1,515536	0,6116
1,516405	0,7913
1,517274	0,9168
1,518143	0,9909
1,519012	1,0160
1,519881	0,9769
1,520750	0,8396
1,521619	0,6043
1,522488	0,3229
1,523357	0,0140
1,524226	-0,2676
1,525095	-0,5084
1,525964	-0,7318
1,526833	-0,9220
1,527702	-1,0566
1,528571	-1,1170
1,529440	-1,0923
1,530309	-0,9455
1,531178	-0,7291
1,532047	-0,4819
1,532916	-0,2091
1,533785	0,0525
1,534654	0,3061
1,535523	0,5737
1,536392	0,8188
1,537261	0,9925
1,538130	1,0706
1,538999	1,0575
1,539868	0,9568
1,540737	0,8118
1,541606	0,6256
1,542475	0,3928
1,543344	0,1117
1,544213	-0,1935
1,545082	-0,4996
1,545951	-0,7523
1,546820	-0,9049
1,547689	-0,9854
1,548558	-1,0166
1,549427	-0,9989
1,550296	-0,9275
1,551165	-0,7651
1,552034	-0,5087
1,552903	-0,2081
1,553772	0,0992
1,554641	0,3586
1,555510	0,5832
1,556379	0,7883
1,557248	0,9586
1,558117	1,0584
1,558986	1,0837
1,559855	0,9848
1,560724	0,7999
1,561593	0,5765
1,562462	0,3333
1,563331	0,0775
1,564200	-0,1871
1,565069	-0,4758
1,565938	-0,7483
1,566807	-0,9445
1,567676	-1,0489
1,568545	-1,0614
1,569414	-1,0132
1,570283	-0,9342
1,571152	-0,7981
1,572021	-0,5609
1,572890	-0,2622
1,573759	0,0565
1,574628	0,3345
1,575497	0,5570
1,576366	0,7419
1,577235	0,9046
1,578104	1,0089
1,578973	1,0382
1,579842	0,9635
1,580711	0,7868
1,581580	0,5692
1,582449	0,3235
1,583318	0,0723
1,584187	-0,1968
1,585056	-0,4993
1,585925	-0,7782
1,586794	-0,9616
1,587663	-1,0440
1,588532	-1,0465
1,589401	-1,0123
1,590270	-0,9470
1,591139	-0,7880
1,592008	-0,5371
1,592877	-0,2383
1,593746	0,0555
1,594615	0,3021
1,595484	0,5359
1,596353	0,7645
1,597222	0,9500
1,598091	1,0529
1,598960	1,0572
1,599829	0,9424
1,600698	0,7828
1,601567	0,6119
1,602436	0,3772
1,603305	0,0977
1,604174	-0,2124
1,605043	-0,5048
1,605912	-0,7147
1,606781	-0,8621
1,607650	-0,9714
1,608519	-1,0349
1,609388	-1,0382
1,610257	-0,9330
1,611126	-0,7166
1,611995	-0,4743
1,612864	-0,2182
1,613733	0,0360
1,614602	0,3095
1,615471	0,6018
1,616340	0,8405
1,617209	0,9647
1,618078	1,0031
1,618947	1,0001
1,619816	0,9754
1,620685	0,8667
1,621554	0,6421
1,622423	0,3565
1,623292	0,0665
1,624161	-0,1819
1,625030	-0,4212
1,625899	-0,6824
1,626768	-0,9049
1,627637	-1,0080
1,628506	-1,0160
1,629375	-0,9568
1,630244	-0,8841
1,631113	-0,7498
1,631982	-0,5255
1,632851	-0,2307
1,633720	0,0787
1,634589	0,3238
1,635458	0,5432
1,636327	0,7758
1,637196	0,9616
1,638065	1,0520
1,638934	1,0239
1,639803	0,9156
1,640672	0,7974
1,641541	0,6284
1,642410	0,3839
1,643279	0,0827
1,644148	-0,2130
1,645017	-0,4489
1,645886	-0,6644
1,646755	-0,8667
1,647624	-1,0208
1,648493	-1,0837
1,649362	-1,0144
1,650231	-0,8713
1,651100	-0,7288
1,651969	-0,5329
1,652838	-0,2606
1,653707	0,0558
1,654576	0,3320
1,655445	0,5365
1,656314	0,7306
1,657183	0,9070
1,658052	1,0141
1,658921	1,0242
1,659790	0,9061
1,660659	0,7730
1,661528	0,6128
1,662397	0,3772
1,663266	0,0739
1,664135	-0,2387
1,665004	-0,4773
1,665873	-0,6732
1,666742	-0,8646
1,667611	-1,0129
1,668480	-1,0755
1,669349	-1,0013
1,670218	-0,8811
1,671087	-0,7501
1,671956	-0,5521
1,672825	-0,2713
1,673694	0,0479
1,674563	0,3067
1,675432	0,5121
1,676301	0,7285
1,677170	0,9174
1,678039	1,0016
1,678908	0,9772
1,679777	0,8921
1,680646	0,7926
1,681515	0,6330
1,682384	0,3659
1,683253	0,0449
1,684122	-0,2243
1,684991	-0,4416
1,685860	-0,6848
1,686729	-0,9073
1,687598	-1,0184
1,688467	-1,0160
1,689336	-0,9680
1,690205	-0,9119
1,691074	-0,7694
1,691943	-0,5243
1,692812	-0,2322
1,693681	0,0229
1,694550	0,2557
1,695419	0,5298
1,696288	0,7791
1,697157	0,8954
1,698026	0,9336
1,698895	0,9586
1,699764	0,9452
1,700633	0,8100
1,701502	0,5753
1,702371	0,3287
1,703240	0,0970
1,704109	-0,1688
1,704978	-0,4779
1,705847	-0,7157
1,706716	-0,8548
1,707585	-0,9525
1,708454	-1,0389
1,709323	-1,0248
1,710192	-0,8704
1,711061	-0,7022
1,711930	-0,5240
1,712799	-0,2835
1,713668	0,0287
1,714537	0,3116
1,715406	0,5176
1,716275	0,7172
1,717144	0,9040
1,718013	0,9915
1,718882	0,9485
1,719751	0,8753
1,720620	0,7968
1,721489	0,6186
1,722358	0,3455
1,723227	0,0562
1,724096	-0,1715
1,724965	-0,4147
1,725834	-0,6980
1,726703	-0,8850
1,727572	-0,9531
1,728441	-0,9775
1,729310	-0,9952
1,730179	-0,9000
1,731048	-0,6912
1,731917	-0,4852
1,732786	-0,2738
1,733655	-0,0012
1,734524	0,3064
1,735393	0,5411
1,736262	0,7123
1,737131	0,8774
1,738000	0,9909
1,738869	0,9720
1,739738	0,8618
1,740607	0,7758
1,741476	0,6180
1,742345	0,3528
1,743214	0,0562
1,744083	-0,1721
1,744952	-0,4047
1,745821	-0,6839
1,746690	-0,8713
1,747559	-0,9375
1,748428	-0,9665
1,749297	-0,9891
1,750166	-0,8820
1,751035	-0,6842
1,751904	-0,4929
1,752773	-0,2765
1,753642	0,0156
1,754511	0,3119
1,755380	0,5167
1,756249	0,7044
1,757118	0,8911
1,757987	0,9742
1,758856	0,9272
1,759725	0,8747
1,760594	0,8069
1,761463	0,6052
1,762332	0,3302
1,763201	0,0848
1,764070	-0,1407
1,764939	-0,4370
1,765808	-0,6851
1,766677	-0,8176
1,767546	-0,9192
1,768415	-1,0019
1,769284	-0,9680
1,770153	-0,8225
1,771022	-0,7041
1,771891	-0,5240
1,772760	-0,2402
1,773629	0,0543
1,774498	0,2649
1,775367	0,5033
1,776236	0,7556
1,777105	0,8683
1,777974	0,9027
1,778843	0,9510
1,779712	0,9259
1,780581	0,7529
1,781450	0,5701
1,782319	0,3797
1,783188	0,1056
1,784057	-0,2048
1,784926	-0,4129
1,785795	-0,6189
1,786664	-0,8359
1,787533	-0,9384
1,788402	-0,9268
1,789271	-0,9229
1,790140	-0,8670
1,791009	-0,6772
1,791878	-0,4572
1,792747	-0,2503
1,793616	0,0229
1,794485	0,3186
1,795354	0,5097
1,796223	0,6928
1,797092	0,8829
1,797961	0,9510
1,798830	0,9140
1,799699	0,8951
1,800568	0,8078
1,801437	0,5725
1,802306	0,3348
1,803175	0,1193
1,804044	-0,1675
1,804913	-0,4337
1,805782	-0,5988
1,806651	-0,7721
1,807520	-0,9174
1,808389	-0,9363
1,809258	-0,8878
1,810127	-0,8472
1,810996	-0,6839
1,811865	-0,4428
1,812734	-0,2179
1,813603	0,0229
1,814472	0,3174
1,815341	0,5191
1,816210	0,6815
1,817079	0,8646
1,817948	0,9497
1,818817	0,9095
1,819686	0,8798
1,820555	0,7886
1,821424	0,5579
1,822293	0,3305
1,823162	0,1218
1,824031	-0,1627
1,824900	-0,4050
1,825769	-0,5835
1,826638	-0,7907
1,827507	-0,9272
1,828376	-0,9192
1,829245	-0,8924
1,830114	-0,8426
1,830983	-0,6409
1,831852	-0,4398
1,832721	-0,2506
1,833590	0,0256
1,834459	0,2927
1,835328	0,4697
1,836197	0,6925
1,837066	0,8609
1,837935	0,8838
1,838804	0,8829
1,839673	0,8783
1,840542	0,7108
1,841411	0,5356
1,842280	0,3531
1,843149	0,0708
1,844018	-0,2042
1,844887	-0,3909
1,845756	-0,6400
1,846625	-0,8267
1,847494	-0,8759
1,848363	-0,9348
1,849232	-0,9510
1,850101	-0,8020
1,850970	-0,6836
1,851839	-0,5210
1,852708	-0,2332
1,853577	0,0131
1,854446	0,2182
1,855315	0,4828
1,856184	0,6497
1,857053	0,7486
1,857922	0,8585
1,858791	0,8551
1,859660	0,7688
1,860529	0,7016
1,861398	0,5112
1,862267	0,2548
1,863136	0,0513
1,864005	-0,2066
1,864874	-0,4639
1,865743	-0,6146
1,866612	-0,8066
1,867481	-0,9357
1,868350	-0,9253
1,869219	-0,9210
1,870088	-0,8539
1,870957	-0,6476
1,871826	-0,4819
1,872695	-0,2704
1,873564	0,0174
1,874433	0,2106
1,875302	0,4389
1,876171	0,6723
1,877040	0,7675
1,877909	0,8393
1,878778	0,8774
1,879647	0,7602
1,880516	0,6732
1,881385	0,5322
1,882254	0,2814
1,883123	0,0714
1,883992	-0,1529
1,884861	-0,4236
1,885730	-0,5832
1,886599	-0,7434
1,887468	-0,8686
1,888337	-0,8499
1,889206	-0,8374
1,890075	-0,7761
1,890944	-0,5841
1,891813	-0,4263
1,892682	-0,2011
1,893551	0,0913
1,894420	0,2747
1,895289	0,5060
1,896158	0,7080
1,897027	0,7935
1,897896	0,8969
1,898765	0,9204
1,899634	0,8090
1,900503	0,7505
1,901372	0,5573
1,902241	0,3183
1,903110	0,1321
1,903979	-0,1349
1,904848	-0,3403
1,905717	-0,5225
1,906586	-0,7318
1,907455	-0,8054
1,908324	-0,8219
1,909193	-0,8405
1,910062	-0,6915
1,910931	-0,5850
1,911800	-0,4196
1,912669	-0,1608
1,913538	0,0339
1,914407	0,2683
1,915276	0,4962
1,916145	0,6229
1,917014	0,7755
1,917883	0,8264
1,918752	0,7865
1,919621	0,7804
1,920490	0,6305
1,921359	0,4660
1,922228	0,2829
1,923097	0,0003
1,923966	-0,1953
1,924835	-0,4181
1,925704	-0,6348
1,926573	-0,7434
1,927442	-0,8765
1,928311	-0,9098
1,929180	-0,8493
1,930049	-0,8145
1,930918	-0,6201
1,931787	-0,4517
1,932656	-0,2606
1,933525	0,0000
1,934394	0,1746
1,935263	0,4138
1,936132	0,5927
1,937001	0,6861
1,937870	0,7855
1,938739	0,7437
1,939608	0,7028
1,940477	0,6207
1,941346	0,4334
1,942215	0,2747
1,943084	0,0406
1,943953	-0,1971
1,944822	-0,3586
1,945691	-0,5799
1,946560	-0,6839
1,947429	-0,7688
1,948298	-0,8188
1,949167	-0,7379
1,950036	-0,6931
1,950905	-0,5283
1,951774	-0,3424
1,952643	-0,1532
1,953512	0,1184
1,954381	0,2805
1,955250	0,4971
1,956119	0,6714
1,956988	0,7581
1,957857	0,8649
1,958726	0,8057
1,959595	0,7669
1,960464	0,6690
1,961333	0,4831
1,962202	0,3272
1,963071	0,0598
1,963940	-0,1453
1,964809	-0,3439
1,965678	-0,5536
1,966547	-0,6497
1,967416	-0,7791
1,968285	-0,7865
1,969154	-0,7639
1,970023	-0,7154
1,970892	-0,5484
1,971761	-0,4193
1,972630	-0,1868
1,973499	0,0113
1,974368	0,1889
1,975237	0,3888
1,976106	0,5130
1,976975	0,6662
1,977844	0,6912
1,978713	0,6790
1,979582	0,6400
1,980451	0,5008
1,981320	0,4007
1,982189	0,1834
1,983058	-0,0009
1,983927	-0,2091
1,984796	-0,4190
1,985665	-0,5438
1,986534	-0,7086
1,987403	-0,7370
1,988272	-0,7724
1,989141	-0,7373
1,990010	-0,6244
1,990879	-0,5237
1,991748	-0,3055
1,992617	-0,1413
1,993486	0,1056
1,994355	0,2805
1,995224	0,4532
1,996093	0,6281
1,996962	0,7028
1,997831	0,7932
1,998700	0,7327
1,999569	0,7035
2,000438	0,5887
2,001307	0,4453
2,002176	0,2860
2,003045	0,0351
2,003914	-0,1257
2,004783	-0,3513
2,005652	-0,4761
2,006521	-0,6314
2,007390	-0,7096
2,008259	-0,7141
2,009128	-0,7309
2,009997	-0,6082
2,010866	-0,5338
2,011735	-0,3424
2,012604	-0,1798
2,013473	0,0153
2,014342	0,1938
2,015211	0,3442
2,016080	0,5173
2,016949	0,5780
2,017818	0,6531
2,018687	0,6012
2,019556	0,5792
2,020425	0,4746
2,021294	0,3363
2,022163	0,1880
2,023032	-0,0336
2,023901	-0,1807
2,024770	-0,3766
2,025639	-0,4749
2,026508	-0,6134
2,027377	-0,6568
2,028246	-0,6732
2,029115	-0,6378
2,029984	-0,5335
2,030853	-0,4227
2,031722	-0,2423
2,032591	-0,1041
2,033460	0,1233
2,034329	0,2606
2,035198	0,4505
2,036067	0,5548
2,036936	0,6446
2,037805	0,6772
2,038674	0,6485
2,039543	0,6131
2,040412	0,4794
2,041281	0,3726
2,042150	0,1593
2,043019	0,0113
2,043888	-0,2121
2,044757	-0,3311
2,045626	-0,5097
2,046495	-0,6049
2,047364	-0,6818
2,048233	-0,6897
2,049102	-0,6412
2,049971	-0,5826
2,050840	-0,4563
2,051709	-0,3436
2,052578	-0,1303
2,053447	0,0153
2,054316	0,2170
2,055185	0,3201
2,056054	0,4822
2,056923	0,5429
2,057792	0,6091
2,058661	0,5872
2,059530	0,5509
2,060399	0,4566
2,061268	0,3360
2,062137	0,2045
2,063006	0,0269
2,063875	-0,1187
2,064744	-0,2921
2,065613	-0,3940
2,066482	-0,5228
2,067351	-0,5368
2,068220	-0,5866
2,069089	-0,5231
2,069958	-0,4865
2,070827	-0,3641
2,071696	-0,2509
2,072565	-0,0815
2,073434	0,0525
2,074303	0,2026
2,075172	0,3113
2,076041	0,4303
2,076910	0,4987
2,077779	0,5133
2,078648	0,4971
2,079517	0,4379
2,080386	0,3739
2,081255	0,2408
2,082124	0,1239
2,082993	-0,0604
2,083862	-0,1819
2,084731	-0,3299
2,085600	-0,4047
2,086469	-0,5142
2,087338	-0,5362
2,088207	-0,5652
2,089076	-0,4868
2,089945	-0,4379
2,090814	-0,3000
2,091683	-0,2115
2,092552	-0,0339
2,093421	0,0867
2,094290	0,2561
2,095159	0,3375
2,096028	0,4575
2,096897	0,4913
2,097766	0,5341
2,098635	0,4892
2,099504	0,4605
2,100373	0,3525
2,101242	0,2524
2,102111	0,0970
2,102980	-0,0262
2,103849	-0,1889
2,104718	-0,2948
2,105587	-0,4242
2,106456	-0,4901
2,107325	-0,5448
2,108194	-0,5335
2,109063	-0,5097
2,109932	-0,4279
2,110801	-0,3433
2,111670	-0,2097
2,112539	-0,0842
2,113408	0,0711
2,114277	0,1822
2,115146	0,3064
2,116015	0,3906
2,116884	0,4697
2,117753	0,4706
2,118622	0,4700
2,119491	0,4132
2,120360	0,3644
2,121229	0,2466
2,122098	0,1379
2,122967	-0,0113
2,123836	-0,1160
2,124705	-0,2451
2,125574	-0,3214
2,126443	-0,4263
2,127312	-0,4462
2,128181	-0,4740
2,129050	-0,4202
2,129919	-0,3919
2,130788	-0,2936
2,131657	-0,2268
2,132526	-0,0797
2,133395	0,0229
2,134264	0,1550
2,135133	0,2173
2,136002	0,3232
2,136871	0,3586
2,137740	0,4016
2,138609	0,3732
2,139478	0,3592
2,140347	0,2786
2,141216	0,2246
2,142085	0,1077
2,142954	0,0092
2,143823	-0,1190
2,144692	-0,1984
2,145561	-0,2893
2,146430	-0,3427
2,147299	-0,3925
2,148168	-0,3882
2,149037	-0,3714
2,149906	-0,3134
2,150775	-0,2457
2,151644	-0,1663
2,152513	-0,0650
2,153382	0,0357
2,154251	0,1416
2,155120	0,2130
2,155989	0,2918
2,156858	0,3189
2,157727	0,3467
2,158596	0,3211
2,159465	0,3061
2,160334	0,2268
2,161203	0,1721
2,162072	0,0644
2,162941	-0,0143
2,163810	-0,1245
2,164679	-0,1877
2,165548	-0,2756
2,166417	-0,3146
2,167286	-0,3543
2,168155	-0,3369
2,169024	-0,3217
2,169893	-0,2722
2,170762	-0,2182
2,171631	-0,1337
2,172500	-0,0427
2,173369	0,0473
2,174238	0,1312
2,175107	0,1898
2,175976	0,2652
2,176845	0,2924
2,177714	0,3137
2,178583	0,2789
2,179452	0,2664
2,180321	0,1990
2,181190	0,1553
2,182059	0,0516
2,182928	-0,0250
2,183797	-0,1257
2,184666	-0,1804
2,185535	-0,2503
2,186404	-0,2969
2,187273	-0,3275
2,188142	-0,3201
2,189011	-0,2918
2,189880	-0,2536
2,190749	-0,1914
2,191618	-0,1312
2,192487	-0,0320
2,193356	0,0452
2,194225	0,1370
2,195094	0,1794
2,195963	0,2515
2,196832	0,2759
2,197701	0,3009
2,198570	0,2704
2,199439	0,2472
2,200308	0,1883
2,201177	0,1376
2,202046	0,0534
2,202915	-0,0317
2,203784	-0,1117
2,204653	-0,1810
2,205522	-0,2258
2,206391	-0,2847
2,207260	-0,2954
2,208129	-0,3067
2,208998	-0,2661
2,209867	-0,2402
2,210736	-0,1755
2,211605	-0,1318
2,212474	-0,0473
2,213343	0,0308
2,214212	0,1062
2,215081	0,1593
2,215950	0,2063
2,216819	0,2496
2,217688	0,2527
2,218557	0,2551
2,219426	0,2155
2,220295	0,1892
2,221164	0,1193
2,222033	0,0705
2,222902	-0,0168
2,223771	-0,0833
2,224640	-0,1502
2,225509	-0,1953
2,226378	-0,2435
2,227247	-0,2722
2,228116	-0,2670
2,228985	-0,2585
2,229854	-0,2142
2,230723	-0,1791
2,231592	-0,1169
2,232461	-0,0647
2,233330	0,0229
2,234199	0,0809
2,235068	0,1419
2,235937	0,1843
2,236806	0,2225
2,237675	0,2368
2,238544	0,2271
2,239413	0,2145
2,240282	0,1679
2,241151	0,1300
2,242020	0,0580
2,242889	0,0031
2,243758	-0,0824
2,244627	-0,1282
2,245496	-0,1871
2,246365	-0,2280
2,247234	-0,2533
2,248103	-0,2506
2,248972	-0,2371
2,249841	-0,2106
2,250710	-0,1679
2,251579	-0,1282
2,252448	-0,0552
2,253317	-0,0034
2,254186	0,0684
2,255055	0,1080
2,255924	0,1608
2,256793	0,1941
2,257662	0,2081
2,258531	0,2087
2,259400	0,1889
2,260269	0,1666
2,261138	0,1199
2,262007	0,0800
2,262876	0,0070
2,263745	-0,0464
2,264614	-0,1077
2,265483	-0,1471
2,266352	-0,1962
2,267221	-0,2194
2,268090	-0,2231
2,268959	-0,2203
2,269828	-0,1886
2,270697	-0,1669
2,271566	-0,1178
2,272435	-0,0745
2,273304	-0,0015
2,274173	0,0452
2,275042	0,0983
2,275911	0,1407
2,276780	0,1804
2,277649	0,1880
2,278518	0,1895
2,279387	0,1849
2,280256	0,1477
2,281125	0,1239
2,281994	0,0678
2,282863	0,0143
2,283732	-0,0558
2,284601	-0,0952
2,285470	-0,1486
2,286339	-0,1886
2,287208	-0,2149
2,288077	-0,2188
2,288946	-0,2066
2,289815	-0,1956
2,290684	-0,1599
2,291553	-0,1279
2,292422	-0,0647
2,293291	-0,0165
2,294160	0,0455
2,295029	0,0812
2,295898	0,1291
2,296767	0,1651
2,297636	0,1749
2,298505	0,1828
2,299374	0,1669
2,300243	0,1584
2,301112	0,1151
2,301981	0,0824
2,302850	0,0174
2,303719	-0,0314
2,304588	-0,0812
2,305457	-0,1221
2,306326	-0,1651
2,307195	-0,1993
2,308064	-0,1968
2,308933	-0,1990
2,309802	-0,1764
2,310671	-0,1581
2,311540	-0,1178
2,312409	-0,0778
2,313278	-0,0162
2,314147	0,0320
2,315016	0,0739
2,315885	0,1181
2,316754	0,1532
2,317623	0,1733
2,318492	0,1651
2,319361	0,1691
2,320230	0,1382
2,321099	0,1205
2,321968	0,0681
2,322837	0,0171
2,323706	-0,0433
2,324575	-0,0855
2,325444	-0,1260
2,326313	-0,1724
2,327182	-0,1941
2,328051	-0,2042
2,328920	-0,1886
2,329789	-0,1816
2,330658	-0,1538
2,331527	-0,1230
2,332396	-0,0699
2,333265	-0,0171
2,334134	0,0342
2,335003	0,0735
2,335872	0,1093
2,336741	0,1535
2,337610	0,1617
2,338479	0,1694
2,339348	0,1566
2,340217	0,1456
2,341086	0,1178
2,341955	0,0818
2,342824	0,0244
2,343693	-0,0311
2,344562	-0,0696
2,345431	-0,1123
2,346300	-0,1483
2,347169	-0,1856
2,348038	-0,1849
2,348907	-0,1892
2,349776	-0,1682
2,350645	-0,1492
2,351514	-0,1205
2,352383	-0,0763
2,353252	-0,0229
2,354121	0,0320
2,354990	0,0620
2,355859	0,1099
2,356728	0,1407
2,357597	0,1654
2,358466	0,1578
2,359335	0,1581
2,360204	0,1331
2,361073	0,1105
2,361942	0,0745
2,362811	0,0162
2,363680	-0,0354
2,364549	-0,0864
2,365418	-0,1144
2,366287	-0,1660
2,367156	-0,1822
2,368025	-0,2011
2,368894	-0,1852
2,369763	-0,1758
2,370632	-0,1410
2,371501	-0,1129
2,372370	-0,0726
2,373239	-0,0140
2,374108	0,0311
2,374977	0,0742
2,375846	0,1016
2,376715	0,1474
2,377584	0,1572
2,378453	0,1648
2,379322	0,1535
2,380191	0,1340
2,381060	0,1144
2,381929	0,0723
2,382798	0,0330
2,383667	-0,0327
2,384536	-0,0674
2,385405	-0,1117
2,386274	-0,1440
2,387143	-0,1819
2,388012	-0,1871
2,388881	-0,1843
2,389750	-0,1675
2,390619	-0,1398
2,391488	-0,1166
2,392357	-0,0714
2,393226	-0,0281
2,394095	0,0314
2,394964	0,0604
2,395833	0,1053
2,396702	0,1352
2,397571	0,1572
2,398440	0,1575
2,399309	0,1526
2,400178	0,1328
2,401047	0,1065
2,401916	0,0684
2,402785	0,0098
2,403654	-0,0317
2,404523	-0,0867
2,405392	-0,1160
2,406261	-0,1639
2,407130	-0,1810
2,407999	-0,1947
2,408868	-0,1868
2,409737	-0,1694
2,410606	-0,1453
2,411475	-0,1047
2,412344	-0,0757
2,413213	-0,0110
2,414082	0,0317
2,414951	0,0766
2,415820	0,1053
2,416689	0,1428
2,417558	0,1587
2,418427	0,1578
2,419296	0,1547
2,420165	0,1325
2,421034	0,1108
2,421903	0,0665
2,422772	0,0275
2,423641	-0,0311
2,424510	-0,0699
2,425379	-0,1108
2,426248	-0,1492
2,427117	-0,1767
2,427986	-0,1840
2,428855	-0,1770
2,429724	-0,1718
2,430593	-0,1425
2,431462	-0,1187
2,432331	-0,0711
2,433200	-0,0269
2,434069	0,0290
2,434938	0,0632
2,435807	0,1022
2,436676	0,1389
2,437545	0,1502
2,438414	0,1550
2,439283	0,1468
2,440152	0,1386
2,441021	0,0998
2,441890	0,0720
2,442759	0,0122
2,443628	-0,0339
2,444497	-0,0821
2,445366	-0,1199
2,446235	-0,1596
2,447104	-0,1877
2,447973	-0,1880
2,448842	-0,1892
2,449711	-0,1663
2,450580	-0,1456
2,451449	-0,1056
2,452318	-0,0702
2,453187	-0,0079
2,454056	0,0372
2,454925	0,0760
2,455794	0,1114
2,456663	0,1431
2,457532	0,1630
2,458401	0,1538
2,459270	0,1550
2,460139	0,1242
2,461008	0,1181
2,461877	0,0696
2,462746	0,0226
2,463615	-0,0323
2,464484	-0,0748
2,465353	-0,1077
2,466222	-0,1538
2,467091	-0,1761
2,467960	-0,1907
2,468829	-0,1764
2,469698	-0,1724
2,470567	-0,1398
2,471436	-0,1184
2,472305	-0,0726
2,473174	-0,0217
2,474043	0,0278
2,474912	0,0665
2,475781	0,0967
2,476650	0,1404
2,477519	0,1511
2,478388	0,1614
2,479257	0,1459
2,480126	0,1382
2,480995	0,1050
2,481864	0,0702
2,482733	0,0183
2,483602	-0,0369
2,484471	-0,0784
2,485340	-0,1193
2,486209	-0,1541
2,487078	-0,1929
2,487947	-0,1901
2,488816	-0,1929
2,489685	-0,1706
2,490554	-0,1486
2,491423	-0,1102
2,492292	-0,0690
2,493161	-0,0125
2,494030	0,0427
2,494899	0,0726
2,495768	0,1141
2,496637	0,1419
2,497506	0,1666
2,498375	0,1575
2,499244	0,1547
2,500113	0,1321
2,500982	0,1083
2,501851	0,0754
2,502720	0,0208
2,503589	-0,0281
2,504458	-0,0793
2,505327	-0,1041
2,506196	-0,1532
2,507065	-0,1773
2,507934	-0,1929
2,508803	-0,1831
2,509672	-0,1691
2,510541	-0,1492
2,511410	-0,1151
2,512279	-0,0775
2,513148	-0,0208
2,514017	0,0220
2,514886	0,0668
2,515755	0,0940
2,516624	0,1370
2,517493	0,1523
2,518362	0,1581
2,519231	0,1495
2,520100	0,1267
2,520969	0,1157
2,521838	0,0735
2,522707	0,0287
2,523576	-0,0348
2,524445	-0,0726
2,525314	-0,1166
2,526183	-0,1514
2,527052	-0,1871
2,527921	-0,1935
2,528790	-0,1901
2,529659	-0,1764
2,530528	-0,1434
2,531397	-0,1196
2,532266	-0,0681
2,533135	-0,0223
2,534004	0,0421
2,534873	0,0711
2,535742	0,1120
2,536611	0,1434
2,537480	0,1642
2,538349	0,1651
2,539218	0,1535
2,540087	0,1376
2,540956	0,1047
2,541825	0,0772
2,542694	0,0238
2,543563	-0,0220
2,544432	-0,0754
2,545301	-0,1053
2,546170	-0,1474
2,547039	-0,1788
2,547908	-0,1880
2,548777	-0,1895
2,549646	-0,1694
2,550515	-0,1550
2,551384	-0,1193
2,552253	-0,0870
2,553122	-0,0299
2,553991	0,0189
2,554860	0,0604
2,555729	0,0934
2,556598	0,1297
2,557467	0,1553
2,558336	0,1517
2,559205	0,1553
2,560074	0,1321
2,560943	0,1160
2,561812	0,0784
2,562681	0,0354
2,563550	-0,0217
2,564419	-0,0699
2,565288	-0,1047
2,566157	-0,1492
2,567026	-0,1788
2,567895	-0,1993
2,568764	-0,1865
2,569633	-0,1843
2,570502	-0,1419
2,571371	-0,1267
2,572240	-0,0787
2,573109	-0,0278
2,573978	0,0290
2,574847	0,0726
2,575716	0,1022
2,576585	0,1453
2,577454	0,1602
2,578323	0,1712
2,579192	0,1532
2,580061	0,1434
2,580930	0,1169
2,581799	0,0797
2,582668	0,0354
2,583537	-0,0177
2,584406	-0,0635
2,585275	-0,1071
2,586144	-0,1376
2,587013	-0,1825
2,587882	-0,1874
2,588751	-0,1914
2,589620	-0,1746
2,590489	-0,1584
2,591358	-0,1279
2,592227	-0,0885
2,593096	-0,0424
2,593965	0,0162
2,594834	0,0494
2,595703	0,0925
2,596572	0,1221
2,597441	0,1559
2,598310	0,1538
2,599179	0,1532
2,600048	0,1398
2,600917	0,1157
2,601786	0,0873
2,602655	0,0360
2,603524	-0,0076
2,604393	-0,0650
2,605262	-0,0949
2,606131	-0,1462
2,607000	-0,1724
2,607869	-0,1926
2,608738	-0,1877
2,609607	-0,1791
2,610476	-0,1614
2,611345	-0,1196
2,612214	-0,0894
2,613083	-0,0302
2,613952	0,0159
2,614821	0,0659
2,615690	0,0961
2,616559	0,1407
2,617428	0,1575
2,618297	0,1648
2,619166	0,1593
2,620035	0,1428
2,620904	0,1199
2,621773	0,0821
2,622642	0,0452
2,623511	-0,0165
2,624380	-0,0552
2,625249	-0,0998
2,626118	-0,1367
2,626987	-0,1746
2,627856	-0,1865
2,628725	-0,1852
2,629594	-0,1828
2,630463	-0,1535
2,631332	-0,1358
2,632201	-0,0970
2,633070	-0,0504
2,633939	0,0082
2,634808	0,0446
2,635677	0,0830
2,636546	0,1224
2,637415	0,1431
2,638284	0,1544
2,639153	0,1495
2,640022	0,1456
2,640891	0,1154
2,641760	0,0925
2,642629	0,0412
2,643498	-0,0024
2,644367	-0,0546
2,645236	-0,0925
2,646105	-0,1331
2,646974	-0,1730
2,647843	-0,1837
2,648712	-0,1886
2,649581	-0,1724
2,650450	-0,1624
2,651319	-0,1260
2,652188	-0,0934
2,653057	-0,0375
2,653926	0,0119
2,654795	0,0565
2,655664	0,0943
2,656533	0,1315
2,657402	0,1614
2,658271	0,1569
2,659140	0,1621
2,660009	0,1401
2,660878	0,1276
2,661747	0,0903
2,662616	0,0470
2,663485	-0,0079
2,664354	-0,0574
2,665223	-0,0903
2,666092	-0,1373
2,666961	-0,1675
2,667830	-0,1898
2,668699	-0,1825
2,669568	-0,1828
2,670437	-0,1556
2,671306	-0,1398
2,672175	-0,0992
2,673044	-0,0491
2,673913	-0,0015
2,674782	0,0449
2,675651	0,0735
2,676520	0,1212
2,677389	0,1425
2,678258	0,1559
2,679127	0,1459
2,679996	0,1428
2,680865	0,1248
2,681734	0,0949
2,682603	0,0568
2,683472	-0,0034
2,684341	-0,0449
2,685210	-0,0900
2,686079	-0,1251
2,686948	-0,1718
2,687817	-0,1813
2,688686	-0,1871
2,689555	-0,1743
2,690424	-0,1578
2,691293	-0,1349
2,692162	-0,0952
2,693031	-0,0461
2,693900	0,0143
2,694769	0,0482
2,695638	0,0922
2,696507	0,1245
2,697376	0,1578
2,698245	0,1596
2,699114	0,1602
2,699983	0,1450
2,700852	0,1233
2,701721	0,0937
2,702590	0,0446
2,703459	-0,0018
2,704328	-0,0592
2,705197	-0,0861
2,706066	-0,1340
2,706935	-0,1672
2,707804	-0,1910
2,708673	-0,1865
2,709542	-0,1785
2,710411	-0,1556
2,711280	-0,1303
2,712149	-0,1086
2,713018	-0,0488
2,713887	-0,0046
2,714756	0,0449
2,715625	0,0723
2,716494	0,1166
2,717363	0,1425
2,718232	0,1526
2,719101	0,1508
2,719970	0,1379
2,720839	0,1276
2,721708	0,0916
2,722577	0,0583
2,723446	-0,0021
2,724315	-0,0455
2,725184	-0,0873
2,726053	-0,1242
2,726922	-0,1621
2,727791	-0,1849
2,728660	-0,1846
2,729529	-0,1798
2,730398	-0,1529
2,731267	-0,1321
2,732136	-0,0900
2,733005	-0,0510
2,733874	0,0122
2,734743	0,0504
2,735612	0,0891
2,736481	0,1257
2,737350	0,1529
2,738219	0,1639
2,739088	0,1550
2,739957	0,1471
2,740826	0,1154
2,741695	0,0934
2,742564	0,0415
2,743433	-0,0024
2,744302	-0,0583
2,745171	-0,0922
2,746040	-0,1291
2,746909	-0,1682
2,747778	-0,1828
2,748647	-0,1904
2,749516	-0,1779
2,750385	-0,1605
2,751254	-0,1288
2,752123	-0,1025
2,752992	-0,0540
2,753861	-0,0009
2,754730	0,0436
2,755599	0,0797
2,756468	0,1120
2,757337	0,1444
2,758206	0,1459
2,759075	0,1508
2,759944	0,1376
2,760813	0,1251
2,761682	0,0909
2,762551	0,0549
2,763420	0,0021
2,764289	-0,0488
2,765158	-0,0836
2,766027	-0,1276
2,766896	-0,1578
2,767765	-0,1871
2,768634	-0,1798
2,769503	-0,1825
2,770372	-0,1523
2,771241	-0,1260
2,772110	-0,0955
2,772979	-0,0485
2,773848	0,0061
2,774717	0,0558
2,775586	0,0858
2,776455	0,1312
2,777324	0,1486
2,778193	0,1654
2,779062	0,1517
2,779931	0,1486
2,780800	0,1202
2,781669	0,0958
2,782538	0,0433
2,783407	-0,0082
2,784276	-0,0568
2,785145	-0,0995
2,786014	-0,1291
2,786883	-0,1721
2,787752	-0,1798
2,788621	-0,1904
2,789490	-0,1767
2,790359	-0,1614
2,791228	-0,1279
2,792097	-0,0958
2,792966	-0,0531
2,793835	0,0034
2,794704	0,0406
2,795573	0,0839
2,796442	0,1135
2,797311	0,1486
2,798180	0,1471
2,799049	0,1508
2,799918	0,1419
2,800787	0,1212
2,801656	0,0946
2,802525	0,0464
2,803394	0,0034
2,804263	-0,0519
2,805132	-0,0821
2,806001	-0,1291
2,806870	-0,1605
2,807739	-0,1843
2,808608	-0,1807
2,809477	-0,1758
2,810346	-0,1584
2,811215	-0,1315
2,812084	-0,0995
2,812953	-0,0424
2,813822	0,0043
2,814691	0,0568
2,815560	0,0842
2,816429	0,1328
2,817298	0,1535
2,818167	0,1648
2,819036	0,1556
2,819905	0,1440
2,820774	0,1218
2,821643	0,0867
2,822512	0,0461
2,823381	-0,0156
2,824250	-0,0558
2,825119	-0,1022
2,825988	-0,1315
2,826857	-0,1737
2,827726	-0,1868
2,828595	-0,1877
2,829464	-0,1804
2,830333	-0,1559
2,831202	-0,1358
2,832071	-0,0916
2,832940	-0,0537
2,833809	0,0073
2,834678	0,0421
2,835547	0,0818
2,836416	0,1181
2,837285	0,1486
2,838154	0,1563
2,839023	0,1502
2,839892	0,1471
2,840761	0,1190
2,841630	0,0974
2,842499	0,0507
2,843368	0,0046
2,844237	-0,0513
2,845106	-0,0836
2,845975	-0,1239
2,846844	-0,1605
2,847713	-0,1822
2,848582	-0,1874
2,849451	-0,1727
2,850320	-0,1633
2,851189	-0,1267
2,852058	-0,1035
2,852927	-0,0439
2,853796	0,0000
2,854665	0,0546
2,855534	0,0855
2,856403	0,1263
2,857272	0,1572
2,858141	0,1611
2,859010	0,1630
2,859879	0,1413
2,860748	0,1260
2,861617	0,0861
2,862486	0,0479
2,863355	-0,0110
2,864224	-0,0589
2,865093	-0,1010
2,865962	-0,1358
2,866831	-0,1697
2,867700	-0,1938
2,868569	-0,1883
2,869438	-0,1843
2,870307	-0,1535
2,871176	-0,1370
2,872045	-0,0986
2,872914	-0,0555
2,873783	0,0027
2,874652	0,0470
2,875521	0,0778
2,876390	0,1205
2,877259	0,1422
2,878128	0,1636
2,878997	0,1517
2,879866	0,1495
2,880735	0,1196
2,881604	0,0995
2,882473	0,0595
2,883342	0,0046
2,884211	-0,0449
2,885080	-0,0867
2,885949	-0,1154
2,886818	-0,1627
2,887687	-0,1776
2,888556	-0,1895
2,889425	-0,1752
2,890294	-0,1621
2,891163	-0,1346
2,892032	-0,1068
2,892901	-0,0592
2,893770	-0,0012
2,894639	0,0449
2,895508	0,0855
2,896377	0,1166
2,897246	0,1572
2,898115	0,1614
2,898984	0,1645
2,899853	0,1471
2,900722	0,1306
2,901591	0,0977
2,902460	0,0565
2,903329	0,0012
2,904198	-0,0592
2,905067	-0,0922
2,905936	-0,1361
2,906805	-0,1648
2,907674	-0,1959
2,908543	-0,1914
2,909412	-0,1871
2,910281	-0,1639
2,911150	-0,1352
2,912019	-0,1083
2,912888	-0,0571
2,913757	-0,0089
2,914626	0,0476
2,915495	0,0726
2,916364	0,1184
2,917233	0,1450
2,918102	0,1614
2,918971	0,1572
2,919840	0,1495
2,920709	0,1331
2,921578	0,0989
2,922447	0,0687
2,923316	0,0085
2,924185	-0,0336
2,925054	-0,0827
2,925923	-0,1114
2,926792	-0,1566
2,927661	-0,1776
2,928530	-0,1856
2,929399	-0,1807
2,930268	-0,1608
2,931137	-0,1434
2,932006	-0,1035
2,932875	-0,0656
2,933744	-0,0076
2,934613	0,0351
2,935482	0,0797
2,936351	0,1129
2,937220	0,1505
2,938089	0,1642
2,938958	0,1602
2,939827	0,1550
2,940696	0,1279
2,941565	0,1035
2,942434	0,0598
2,943303	0,0119
2,944172	-0,0504
2,945041	-0,0891
2,945910	-0,1303
2,946779	-0,1666
2,947648	-0,1898
2,948517	-0,1978
2,949386	-0,1877
2,950255	-0,1746
2,951124	-0,1364
2,951993	-0,1114
2,952862	-0,0662
2,953731	-0,0156
2,954600	0,0378
2,955469	0,0742
2,956338	0,1090
2,957207	0,1459
2,958076	0,1547
2,958945	0,1630
2,959814	0,1489
2,960683	0,1389
2,961552	0,1035
2,962421	0,0745
2,963290	0,0189
2,964159	-0,0308
2,965028	-0,0708
2,965897	-0,1129
2,966766	-0,1465
2,967635	-0,1794
2,968504	-0,1788
2,969373	-0,1825
2,970242	-0,1663
2,971111	-0,1422
2,971980	-0,1111
2,972849	-0,0732
2,973718	-0,0198
2,974587	0,0314
2,975456	0,0662
2,976325	0,1117
2,977194	0,1401
2,978063	0,1630
2,978932	0,1581
2,979801	0,1572
2,980670	0,1325
2,981539	0,1099
2,982408	0,0674
2,983277	0,0131
2,984146	-0,0363
2,985015	-0,0858
2,985884	-0,1184
2,986753	-0,1679
2,987622	-0,1840
2,988491	-0,1975
2,989360	-0,1840
2,990229	-0,1773
2,991098	-0,1465
2,991967	-0,1114
2,992836	-0,0732
2,993705	-0,0159
2,994574	0,0266
2,995443	0,0723
2,996312	0,1025
2,997181	0,1459
2,998050	0,1538
2,998919	0,1602
2,999788	0,1541
3,000657	0,1352
3,001526	0,1114
3,002395	0,0732
3,003264	0,0305
3,004133	-0,0287
3,005002	-0,0626
3,005871	-0,1080
3,006740	-0,1444
3,007609	-0,1730
3,008478	-0,1801
3,009347	-0,1791
3,010216	-0,1706
3,011085	-0,1456
3,011954	-0,1251
3,012823	-0,0735
3,013692	-0,0296
3,014561	0,0275
3,015430	0,0577
3,016299	0,1053
3,017168	0,1389
3,018037	0,1575
3,018906	0,1587
3,019775	0,1520
3,020644	0,1410
3,021513	0,1062
3,022382	0,0784
3,023251	0,0165
3,024120	-0,0287
3,024989	-0,0797
3,025858	-0,1126
3,026727	-0,1602
3,027596	-0,1874
3,028465	-0,1917
3,029334	-0,1901
3,030203	-0,1715
3,031072	-0,1523
3,031941	-0,1117
3,032810	-0,0836
3,033679	-0,0192
3,034548	0,0235
3,035417	0,0653
3,036286	0,1022
3,037155	0,1404
3,038024	0,1575
3,038893	0,1547
3,039762	0,1572
3,040631	0,1358
3,041500	0,1178
3,042369	0,0775
3,043238	0,0348
3,044107	-0,0229
3,044976	-0,0620
3,045845	-0,0989
3,046714	-0,1440
3,047583	-0,1685
3,048452	-0,1843
3,049321	-0,1752
3,050190	-0,1724
3,051059	-0,1437
3,051928	-0,1205
3,052797	-0,0766
3,053666	-0,0305
3,054535	0,0192
3,055404	0,0583
3,056273	0,0931
3,057142	0,1364
3,058011	0,1520
3,058880	0,1624
3,059749	0,1465
3,060618	0,1413
3,061487	0,1090
3,062356	0,0803
3,063225	0,0217
3,064094	-0,0311
3,064963	-0,0720
3,065832	-0,1132
3,066701	-0,1492
3,067570	-0,1880
3,068439	-0,1886
3,069308	-0,1892
3,070177	-0,1672
3,071046	-0,1538
3,071915	-0,1175
3,072784	-0,0821
3,073653	-0,0253
3,074522	0,0293
3,075391	0,0577
3,076260	0,1019
3,077129	0,1318
3,077998	0,1608
3,078867	0,1547
3,079736	0,1547
3,080605	0,1312
3,081474	0,1141
3,082343	0,0851
3,083212	0,0305
3,084081	-0,0168
3,084950	-0,0659
3,085819	-0,0922
3,086688	-0,1428
3,087557	-0,1636
3,088426	-0,1831
3,089295	-0,1776
3,090164	-0,1688
3,091033	-0,1474
3,091902	-0,1193
3,092771	-0,0919
3,093640	-0,0296
3,094509	0,0146
3,095378	0,0592
3,096247	0,0876
3,097116	0,1349
3,097985	0,1483
3,098854	0,1559
3,099723	0,1498
3,100592	0,1340
3,101461	0,1105
3,102330	0,0739
3,103199	0,0269
3,104068	-0,0317
3,104937	-0,0690
3,105806	-0,1138
3,106675	-0,1456
3,107544	-0,1865
3,108413	-0,1898
3,109282	-0,1846
3,110151	-0,1697
3,111020	-0,1422
3,111889	-0,1205
3,112758	-0,0745
3,113627	-0,0287
3,114496	0,0317
3,115365	0,0607
3,116234	0,1019
3,117103	0,1321
3,117972	0,1550
3,118841	0,1596
3,119710	0,1489
3,120579	0,1428
3,121448	0,1077
3,122317	0,0800
3,123186	0,0287
3,124055	-0,0150
3,124924	-0,0674
3,125793	-0,0970
3,126662	-0,1410
3,127531	-0,1672
3,128400	-0,1767
3,129269	-0,1794
3,130138	-0,1654
3,131007	-0,1508
3,131876	-0,1190
3,132745	-0,0873
3,133614	-0,0299
3,134483	0,0153
3,135352	0,0580
3,136221	0,0925
3,137090	0,1279
3,137959	0,1517
3,138828	0,1508
3,139697	0,1498
3,140566	0,1309
3,141435	0,1129
3,142304	0,0717
3,143173	0,0317
3,144042	-0,0293
3,144911	-0,0714
3,145780	-0,1132
3,146649	-0,1523
3,147518	-0,1779
3,148387	-0,1898
3,149256	-0,1825
3,150125	-0,1746
3,150994	-0,1386
3,151863	-0,1184
3,152732	-0,0708
3,153601	-0,0250
3,154470	0,0314
3,155339	0,0671
3,156208	0,1010
3,157077	0,1395
3,157946	0,1495
3,158815	0,1605
3,159684	0,1459
3,160553	0,1392
3,161422	0,1086
3,162291	0,0800
3,163160	0,0272
3,164029	-0,0192
3,164898	-0,0644
3,165767	-0,1041
3,166636	-0,1401
3,167505	-0,1752
3,168374	-0,1761
3,169243	-0,1849
3,170112	-0,1651
3,170981	-0,1486
3,171850	-0,1160
3,172719	-0,0833
3,173588	-0,0311
3,174457	0,0192
3,175326	0,0540
3,176195	0,0958
3,177064	0,1257
3,177933	0,1547
3,178802	0,1489
3,179671	0,1532
3,180540	0,1267
3,181409	0,1141
3,182278	0,0705
3,183147	0,0253
3,184016	-0,0262
3,184885	-0,0763
3,185754	-0,1071
3,186623	-0,1566
3,187492	-0,1813
3,188361	-0,1975
3,189230	-0,1804
3,190099	-0,1743
3,190968	-0,1453
3,191837	-0,1147
3,192706	-0,0690
3,193575	-0,0183
3,194444	0,0293
3,195313	0,0726
3,196182	0,0995
3,197051	0,1422
3,197920	0,1538
3,198789	0,1614
3,199658	0,1462
3,200527	0,1376
3,201396	0,1111
3,202265	0,0754
3,203134	0,0311
3,204003	-0,0266
3,204872	-0,0635
3,205741	-0,1050
3,206610	-0,1386
3,207479	-0,1810
3,208348	-0,1825
3,209217	-0,1813
3,210086	-0,1675
3,210955	-0,1462
3,211824	-0,1209
3,212693	-0,0827
3,213562	-0,0348
3,214431	0,0232
3,215300	0,0513
3,216169	0,0937
3,217038	0,1270
3,217907	0,1535
3,218776	0,1529
3,219645	0,1474
3,220514	0,1392
3,221383	0,1083
3,222252	0,0818
3,223121	0,0235
3,223990	-0,0214
3,224859	-0,0760
3,225728	-0,1035
3,226597	-0,1523
3,227466	-0,1791
3,228335	-0,1953
3,229204	-0,1874
3,230073	-0,1727
3,230942	-0,1553
3,231811	-0,1126
3,232680	-0,0803
3,233549	-0,0177
3,234418	0,0269
3,235287	0,0745
3,236156	0,0998
3,237025	0,1404
3,237894	0,1566
3,238763	0,1602
3,239632	0,1535
3,240501	0,1312
3,241370	0,1172
3,242239	0,0732
3,243108	0,0385
3,243977	-0,0241
3,244846	-0,0632
3,245715	-0,1028
3,246584	-0,1392
3,247453	-0,1749
3,248322	-0,1904
3,249191	-0,1837
3,250060	-0,1752
3,250929	-0,1465
3,251798	-0,1260
3,252667	-0,0836
3,253536	-0,0397
3,254405	0,0168
3,255274	0,0525
3,256143	0,0864
3,257012	0,1263
3,257881	0,1474
3,258750	0,1575
3,259619	0,1447
3,260488	0,1398
3,261357	0,1080
3,262226	0,0873
3,263095	0,0330
3,263964	-0,0165
3,264833	-0,0681
3,265702	-0,1044
3,266571	-0,1416
3,267440	-0,1822
3,268309	-0,1892
3,269178	-0,1965
3,270047	-0,1718
3,270916	-0,1556
3,271785	-0,1227
3,272654	-0,0855
3,273523	-0,0287
3,274392	0,0262
3,275261	0,0659
3,276130	0,1022
3,276999	0,1334
3,277868	0,1651
3,278737	0,1572
3,279606	0,1578
3,280475	0,1325
3,281344	0,1160
3,282213	0,0830
3,283082	0,0421
3,283951	-0,0131
3,284820	-0,0659
3,285689	-0,0943
3,286558	-0,1398
3,287427	-0,1663
3,288296	-0,1892
3,289165	-0,1816
3,290034	-0,1761
3,290903	-0,1505
3,291772	-0,1260
3,292641	-0,0937
3,293510	-0,0418
3,294379	0,0046
3,295248	0,0534
3,296117	0,0787
3,296986	0,1239
3,297855	0,1425
3,298724	0,1550
3,299593	0,1474
3,300462	0,1401
3,301331	0,1184
3,302200	0,0839
3,303069	0,0467
3,303938	-0,0128
3,304807	-0,0549
3,305676	-0,1004
3,306545	-0,1321
3,307414	-0,1764
3,308283	-0,1874
3,309152	-0,1898
3,310021	-0,1773
3,310890	-0,1520
3,311759	-0,1245
3,312628	-0,0873
3,313497	-0,0424
3,314366	0,0211
3,315235	0,0565
3,316104	0,0995
3,316973	0,1300
3,317842	0,1584
3,318711	0,1608
3,319580	0,1544
3,320449	0,1453
3,321318	0,1135
3,322187	0,0940
3,323056	0,0430
3,323925	-0,0021
3,324794	-0,0604
3,325663	-0,0903
3,326532	-0,1343
3,327401	-0,1675
3,328270	-0,1825
3,329139	-0,1874
3,330008	-0,1727
3,330877	-0,1621
3,331746	-0,1297
3,332615	-0,1077
3,333484	-0,0485
3,334353	-0,0034
3,335222	0,0439
3,336091	0,0784
3,336960	0,1154
3,337829	0,1425
3,338698	0,1492
3,339567	0,1547
3,340436	0,1389
3,341305	0,1230
3,342174	0,0891
3,343043	0,0540
3,343912	-0,0015
3,344781	-0,0497
3,345650	-0,0900
3,346519	-0,1318
3,347388	-0,1672
3,348257	-0,1874
3,349126	-0,1849
3,349995	-0,1892
3,350864	-0,1602
3,351733	-0,1343
3,352602	-0,0894
3,353471	-0,0479
3,354340	0,0104
3,355209	0,0540
3,356078	0,0876
3,356947	0,1315
3,357816	0,1514
3,358685	0,1648
3,359554	0,1544
3,360423	0,1511
3,361292	0,1215
3,362161	0,0922
3,363030	0,0501
3,363899	-0,0018
3,364768	-0,0482
3,365637	-0,0909
3,366506	-0,1245
3,367375	-0,1724
3,368244	-0,1782
3,369113	-0,1877
3,369982	-0,1767
3,370851	-0,1639
3,371720	-0,1352
3,372589	-0,1019
3,373458	-0,0586
3,374327	-0,0034
3,375196	0,0320
3,376065	0,0754
3,376934	0,1086
3,377803	0,1416
3,378672	0,1447
3,379541	0,1502
3,380410	0,1416
3,381279	0,1221
3,382148	0,0998
3,383017	0,0516
3,383886	0,0092
3,384755	-0,0482
3,385624	-0,0775
3,386493	-0,1273
3,387362	-0,1584
3,388231	-0,1883
3,389100	-0,1822
3,389969	-0,1782
3,390838	-0,1602
3,391707	-0,1346
3,392576	-0,1038
3,393445	-0,0452
3,394314	-0,0018
3,395183	0,0522
3,396052	-10,0000
3,396921	-10,0000
3,397790	-10,0000
3,398659	-10,0000
3,399528	-10,0000
3,400397	-10,0000
3,401266	-10,0000
3,402135	-10,0000
3,403004	-10,0000
3,403873	-10,0000
3,404742	-10,0000
3,405611	-10,0000
3,406480	-10,0000
3,407349	-10,0000
3,408218	-10,0000
3,409087	-10,0000
3,409956	-10,0000
3,410825	-10,0000
3,411694	-10,0000
3,412563	-10,0000
3,413432	-10,0000
3,414301	-10,0000
3,415170	-10,0000
3,416039	-10,0000
3,416908	-10,0000
3,417777	-10,0000
3,418646	-10,0000
3,419515	-10,0000
3,420384	-10,0000
3,421253	-10,0000
3,422122	-10,0000
3,422991	-10,0000
3,423860	-10,0000
3,424729	-10,0000
3,425598	-10,0000
3,426467	-10,0000
3,427336	-10,0000
3,428205	-10,0000
3,429074	-10,0000
3,429943	-10,0000
3,430812	-10,0000
3,431681	-10,0000
3,432550	-10,0000
3,433419	-10,0000
3,434288	-10,0000
3,435157	-10,0000
3,436026	-10,0000
3,436895	-10,0000
3,437764	-10,0000
3,438633	-10,0000
3,439502	-10,0000
3,440371	-10,0000
3,441240	-10,0000
3,442109	-10,0000
3,442978	-10,0000
3,443847	-10,0000
3,444716	-10,0000
3,445585	-10,0000
3,446454	-10,0000
3,447323	-10,0000
3,448192	-10,0000
3,449061	-10,0000
3,449930	-10,0000
3,450799	-10,0000
3,451668	-10,0000
3,452537	-10,0000
3,453406	-10,0000
3,454275	-10,0000
3,455144	-10,0000
3,456013	-10,0000
3,456882	-10,0000
3,457751	-10,0000
3,458620	-10,0000
3,459489	-10,0000
3,460358	-10,0000
3,461227	-10,0000
3,462096	-10,0000
3,462965	-10,0000
3,463834	-10,0000
3,464703	-10,0000
3,465572	-10,0000
3,466441	-10,0000
3,467310	-10,0000
3,468179	-10,0000
3,469048	-10,0000
3,469917	-10,0000
3,470786	-10,0000
3,471655	-10,0000
3,472524	-10,0000
3,473393	-10,0000
3,474262	-10,0000
3,475131	-10,0000
3,476000	-10,0000
3,476869	-10,0000
3,477738	-10,0000
3,478607	-10,0000
3,479476	-10,0000
3,480345	-10,0000
3,481214	-10,0000
3,482083	-10,0000
3,482952	-10,0000
3,483821	-10,0000
3,484690	-10,0000
3,485559	-10,0000
3,486428	-10,0000
3,487297	-10,0000
3,488166	-10,0000
3,489035	-10,0000
3,489904	-10,0000
3,490773	-10,0000
3,491642	-10,0000
3,492511	-10,0000
3,493380	-10,0000
3,494249	-10,0000
3,495118	-10,0000
3,495987	-10,0000
3,496856	-10,0000
3,497725	-10,0000
3,498594	-10,0000
3,499463	-10,0000
3,500332	-10,0000
3,501201	-10,0000
3,502070	-10,0000
3,502939	-10,0000
3,503808	-10,0000
3,504677	-10,0000
3,505546	-10,0000
3,506415	-10,0000
3,507284	-10,0000
3,508153	-10,0000
3,509022	-10,0000
3,509891	-10,0000
3,510760	-10,0000
3,511629	-10,0000
3,512498	-10,0000
3,513367	-10,0000
3,514236	-10,0000
3,515105	-10,0000
3,515974	-10,0000
3,516843	-10,0000
3,517712	-10,0000
3,518581	-10,0000
3,519450	-10,0000
3,520319	-10,0000
3,521188	-10,0000
3,522057	-10,0000
3,522926	-10,0000
3,523795	-10,0000
3,524664	-10,0000
3,525533	-10,0000
3,526402	-10,0000
3,527271	-10,0000
3,528140	-10,0000
3,529009	-10,0000
3,529878	-10,0000
3,530747	-10,0000
3,531616	-10,0000
3,532485	-10,0000
3,533354	-10,0000
3,534223	-10,0000
3,535092	-10,0000
3,535961	-10,0000
3,536830	-10,0000
3,537699	-10,0000
3,538568	-10,0000
3,539437	-10,0000
3,540306	-10,0000
3,541175	-10,0000
3,542044	-10,0000
3,542913	-10,0000
3,543782	-10,0000
3,544651	-10,0000
3,545520	-10,0000
3,546389	-10,0000
3,547258	-10,0000
3,548127	-10,0000
3,548996	-10,0000
3,549865	-10,0000
3,550734	-10,0000
3,551603	-10,0000
3,552472	-10,0000
3,553341	-10,0000
3,554210	-10,0000
3,555079	-10,0000
3,555948	-10,0000
3,556817	-10,0000
3,557686	-10,0000
3,558555	-10,0000
3,559424	-10,0000
3,560293	-10,0000
3,561162	-10,0000
3,562031	-10,0000
3,562900	-10,0000
3,563769	-10,0000
3,564638	-10,0000
3,565507	-10,0000
3,566376	-10,0000
3,567245	-10,0000
3,568114	-10,0000
3,568983	-10,0000
3,569852	-10,0000
3,570721	-10,0000
3,571590	-10,0000
3,572459	-10,0000
3,573328	-10,0000
3,574197	-10,0000
3,575066	-10,0000
3,575935	-10,0000
3,576804	-10,0000
3,577673	-10,0000
3,578542	-10,0000
3,579411	-10,0000
3,580280	-10,0000
3,581149	-10,0000
3,582018	-10,0000
3,582887	-10,0000
3,583756	-10,0000
3,584625	-10,0000
3,585494	-10,0000
3,586363	-10,0000
3,587232	-10,0000
3,588101	-10,0000
3,588970	-10,0000
3,589839	-10,0000
3,590708	-10,0000
3,591577	-10,0000
3,592446	-10,0000
3,593315	-10,0000
3,594184	-10,0000
3,595053	-10,0000
3,595922	-10,0000
3,596791	-10,0000
3,597660	-10,0000
3,598529	-10,0000
3,599398	-10,0000
3,600267	-10,0000
3,601136	-10,0000
3,602005	-10,0000
3,602874	-10,0000
3,603743	-10,0000
3,604612	-10,0000
3,605481	-10,0000
3,606350	-10,0000
3,607219	-10,0000
3,608088	-10,0000
3,608957	-10,0000
3,609826	-10,0000
3,610695	-10,0000
3,611564	-10,0000
3,612433	-10,0000
3,613302	-10,0000
3,614171	-10,0000
3,615040	-10,0000
3,615909	-10,0000
3,616778	-10,0000
3,617647	-10,0000
3,618516	-10,0000
3,619385	-10,0000
3,620254	-10,0000
3,621123	-10,0000
3,621992	-10,0000
3,622861	-10,0000
3,623730	-10,0000
3,624599	-10,0000
3,625468	-10,0000
3,626337	-10,0000
3,627206	-10,0000
3,628075	-10,0000
3,628944	-10,0000
3,629813	-10,0000
3,630682	-10,0000
3,631551	-10,0000
3,632420	-10,0000
3,633289	-10,0000
3,634158	-10,0000
3,635027	-10,0000
3,635896	-10,0000
3,636765	-10,0000
3,637634	-10,0000
3,638503	-10,0000
3,639372	-10,0000
3,640241	-10,0000
3,641110	-10,0000
3,641979	-10,0000
3,642848	-10,0000
3,643717	-10,0000
3,644586	-10,0000
3,645455	-10,0000
3,646324	-10,0000
3,647193	-10,0000
3,648062	-10,0000
3,648931	-10,0000
3,649800	-10,0000
3,650669	-10,0000
3,651538	-10,0000
3,652407	-10,0000
3,653276	-10,0000
3,654145	-10,0000
3,655014	-10,0000
3,655883	-10,0000
3,656752	-10,0000
3,657621	-10,0000
3,658490	-10,0000
3,659359	-10,0000
3,660228	-10,0000
3,661097	-10,0000
3,661966	-10,0000
3,662835	-10,0000
3,663704	-10,0000
3,664573	-10,0000
3,665442	-10,0000
3,666311	-10,0000
3,667180	-10,0000
3,668049	-10,0000
3,668918	-10,0000
3,669787	-10,0000
3,670656	-10,0000
3,671525	-10,0000
3,672394	-10,0000
3,673263	-10,0000
3,674132	-10,0000
3,675001	-10,0000
3,675870	-10,0000
3,676739	-10,0000
3,677608	-10,0000
3,678477	-10,0000
3,679346	-10,0000
3,680215	-10,0000
3,681084	-10,0000
3,681953	-10,0000
3,682822	-10,0000
3,683691	-10,0000
3,684560	-10,0000
3,685429	-10,0000
3,686298	-10,0000
3,687167	-10,0000
3,688036	-10,0000
3,688905	-10,0000
3,689774	-10,0000
3,690643	-10,0000
3,691512	-10,0000
3,692381	-10,0000
3,693250	-10,0000
3,694119	-10,0000
3,694988	-10,0000
3,695857	-10,0000
3,696726	-10,0000
3,697595	-10,0000
3,698464	-10,0000
3,699333	-10,0000
3,700202	-10,0000
3,701071	-10,0000
3,701940	-10,0000
3,702809	-10,0000
3,703678	-10,0000
3,704547	-10,0000
3,705416	-10,0000
3,706285	-10,0000
3,707154	-10,0000
3,708023	-10,0000
3,708892	-10,0000
3,709761	-10,0000
3,710630	-10,0000
3,711499	-10,0000
3,712368	-10,0000
3,713237	-10,0000
3,714106	-10,0000
3,714975	-10,0000
3,715844	-10,0000
3,716713	-10,0000
3,717582	-10,0000
3,718451	-10,0000
3,719320	-10,0000
3,720189	-10,0000
3,721058	-10,0000
3,721927	-10,0000
3,722796	-10,0000
3,723665	-10,0000
3,724534	-10,0000
3,725403	-10,0000
3,726272	-10,0000
3,727141	-10,0000
3,728010	-10,0000
3,728879	-10,0000
3,729748	-10,0000
3,730617	-10,0000
3,731486	-10,0000
3,732355	-10,0000
3,733224	-10,0000
3,734093	-10,0000
3,734962	-10,0000
3,735831	-10,0000
3,736700	-10,0000
3,737569	-10,0000
3,738438	-10,0000
3,739307	-10,0000
3,740176	-10,0000
3,741045	-10,0000
3,741914	-10,0000
3,742783	-10,0000
3,743652	-10,0000
3,744521	-10,0000
3,745390	-10,0000
3,746259	-10,0000
3,747128	-10,0000
3,747997	-10,0000
3,748866	-10,0000
3,749735	-10,0000
3,750604	-10,0000
3,751473	-10,0000
3,752342	-10,0000
3,753211	-10,0000
3,754080	-10,0000
3,754949	-10,0000
3,755818	-10,0000
3,756687	-10,0000
3,757556	-10,0000
3,758425	-10,0000
3,759294	-10,0000
3,760163	-10,0000
3,761032	-10,0000
3,761901	-10,0000
3,762770	-10,0000
3,763639	-10,0000
3,764508	-10,0000
3,765377	-10,0000
3,766246	-10,0000
3,767115	-10,0000
3,767984	-10,0000
3,768853	-10,0000
3,769722	-10,0000
3,770591	-10,0000
3,771460	-10,0000
3,772329	-10,0000
3,773198	-10,0000
3,774067	-10,0000
3,774936	-10,0000
3,775805	-10,0000
3,776674	-10,0000
3,777543	-10,0000
3,778412	-10,0000
3,779281	-10,0000
3,780150	-10,0000
3,781019	-10,0000
3,781888	-10,0000
3,782757	-10,0000
3,783626	-10,0000
3,784495	-10,0000
3,785364	-10,0000
3,786233	-10,0000
3,787102	-10,0000
3,787971	-10,0000
3,788840	-10,0000
3,789709	-10,0000
3,790578	-10,0000
3,791447	-10,0000
3,792316	-10,0000
3,793185	-10,0000
3,794054	-10,0000
3,794923	-10,0000
3,795792	-10,0000
3,796661	-10,0000
3,797530	-10,0000
3,798399	-10,0000
3,799268	-10,0000
3,800137	-10,0000
3,801006	-10,0000
3,801875	-10,0000
3,802744	-10,0000
3,803613	-10,0000
3,804482	-10,0000
3,805351	-10,0000
3,806220	-10,0000
3,807089	-10,0000
3,807958	-10,0000
3,808827	-10,0000
3,809696	-10,0000
3,810565	-10,0000
3,811434	-10,0000
3,812303	-10,0000
3,813172	-10,0000
3,814041	-10,0000
3,814910	-10,0000
3,815779	-10,0000
3,816648	-10,0000
3,817517	-10,0000
3,818386	-10,0000
3,819255	-10,0000
3,820124	-10,0000
3,820993	-10,0000
3,821862	-10,0000
3,822731	-10,0000
3,823600	-10,0000
3,824469	-10,0000
3,825338	-10,0000
3,826207	-10,0000
3,827076	-10,0000
3,827945	-10,0000
3,828814	-10,0000
3,829683	-10,0000
3,830552	-10,0000
3,831421	-10,0000
3,832290	-10,0000
3,833159	-10,0000
3,834028	-10,0000
3,834897	-10,0000
3,835766	-10,0000
3,836635	-10,0000
3,837504	-10,0000
3,838373	-10,0000
3,839242	-10,0000
3,840111	-10,0000
3,840980	-10,0000
3,841849	-10,0000
3,842718	-10,0000
3,843587	-10,0000
3,844456	-10,0000
3,845325	-10,0000
3,846194	-10,0000
3,847063	-10,0000
3,847932	-10,0000
3,848801	-10,0000
3,849670	-10,0000
3,850539	-10,0000
3,851408	-10,0000
3,852277	-10,0000
3,853146	-10,0000
3,854015	-10,0000
3,854884	-10,0000
3,855753	-10,0000
3,856622	-10,0000
3,857491	-10,0000
3,858360	-10,0000
3,859229	-10,0000
3,860098	-10,0000
3,860967	-10,0000
3,861836	-10,0000
3,862705	-10,0000
3,863574	-10,0000
3,864443	-10,0000
3,865312	-10,0000
3,866181	-10,0000
3,867050	-10,0000
3,867919	-10,0000
3,868788	-10,0000
3,869657	-10,0000
3,870526	-10,0000
3,871395	-10,0000
3,872264	-10,0000
3,873133	-10,0000
3,874002	-10,0000
3,874871	-10,0000
3,875740	-10,0000
3,876609	-10,0000
3,877478	-10,0000
3,878347	-10,0000
3,879216	-10,0000
3,880085	-10,0000
3,880954	-10,0000
3,881823	-10,0000
3,882692	-10,0000
3,883561	-10,0000
3,884430	-10,0000
3,885299	-10,0000
3,886168	-10,0000
3,887037	-10,0000
3,887906	-10,0000
3,888775	-10,0000
3,889644	-10,0000
3,890513	-10,0000
3,891382	-10,0000
3,892251	-10,0000
3,893120	-10,0000
3,893989	-10,0000
3,894858	-10,0000
3,895727	-10,0000
3,896596	-10,0000
3,897465	-10,0000
3,898334	-10,0000
3,899203	-10,0000
3,900072	-10,0000
3,900941	-10,0000
3,901810	-10,0000
3,902679	-10,0000
3,903548	-10,0000
3,904417	-10,0000
3,905286	-10,0000
3,906155	-10,0000
3,907024	-10,0000
3,907893	-10,0000
3,908762	-10,0000
3,909631	-10,0000
3,910500	-10,0000
3,911369	-10,0000
3,912238	-10,0000
3,913107	-10,0000
3,913976	-10,0000
3,914845	-10,0000
3,915714	-10,0000
3,916583	-10,0000
3,917452	-10,0000
3,918321	-10,0000
3,919190	-10,0000
3,920059	-10,0000
3,920928	-10,0000
3,921797	-10,0000
3,922666	-10,0000
3,923535	-10,0000
3,924404	-10,0000
3,925273	-10,0000
3,926142	-10,0000
3,927011	-10,0000
3,927880	-10,0000
3,928749	-10,0000
3,929618	-10,0000
3,930487	-10,0000
3,931356	-10,0000
3,932225	-10,0000
3,933094	-10,0000
3,933963	-10,0000
3,934832	-10,0000
3,935701	-10,0000
3,936570	-10,0000
3,937439	-10,0000
3,938308	-10,0000
3,939177	-10,0000
3,940046	-10,0000
3,940915	-10,0000
3,941784	-10,0000
3,942653	-10,0000
3,943522	-10,0000
3,944391	-10,0000
3,945260	-10,0000
3,946129	-10,0000
3,946998	-10,0000
3,947867	-10,0000
3,948736	-10,0000
3,949605	-10,0000
3,950474	-10,0000
3,951343	-10,0000
3,952212	-10,0000
3,953081	-10,0000
3,953950	-10,0000
3,954819	-10,0000
3,955688	-10,0000
3,956557	-10,0000
3,957426	-10,0000
3,958295	-10,0000
3,959164	-10,0000
3,960033	-10,0000
3,960902	-10,0000
3,961771	-10,0000
3,962640	-10,0000
3,963509	-10,0000
3,964378	-10,0000
3,965247	-10,0000
3,966116	-10,0000
3,966985	-10,0000
3,967854	-10,0000
3,968723	-10,0000
3,969592	-10,0000
3,970461	-10,0000
3,971330	-10,0000
3,972199	-10,0000
3,973068	-10,0000
3,973937	-10,0000
3,974806	-10,0000
3,975675	-10,0000
3,976544	-10,0000
3,977413	-10,0000
3,978282	-10,0000
3,979151	-10,0000
3,980020	-10,0000
3,980889	-10,0000
3,981758	-10,0000
3,982627	-10,0000
3,983496	-10,0000
3,984365	-10,0000
3,985234	-10,0000
3,986103	-10,0000
3,986972	-10,0000
3,987841	-10,0000
3,988710	-10,0000
3,989579	-10,0000
3,990448	-10,0000
3,991317	-10,0000
3,992186	-10,0000
3,993055	-10,0000
3,993924	-10,0000
3,994793	-10,0000
3,995662	-10,0000
3,996531	-10,0000
3,997400	-10,0000
3,998269	-10,0000
3,999138	-10,0000
4,000007	-10,0000
4,000876	-10,0000
4,001745	-10,0000
4,002614	-10,0000
4,003483	-10,0000
4,004352	-10,0000
4,005221	-10,0000
4,006090	-10,0000
4,006959	-10,0000
4,007828	-10,0000
4,008697	-10,0000
4,009566	-10,0000
4,010435	-10,0000
4,011304	-10,0000
4,012173	-10,0000
4,013042	-10,0000
4,013911	-10,0000
4,014780	-10,0000
4,015649	-10,0000
4,016518	-10,0000
4,017387	-10,0000
4,018256	-10,0000
4,019125	-10,0000
4,019994	-10,0000
4,020863	-10,0000
4,021732	-10,0000
4,022601	-10,0000
4,023470	-10,0000
4,024339	-10,0000
4,025208	-10,0000
4,026077	-10,0000
4,026946	-10,0000
4,027815	-10,0000
4,028684	-10,0000
4,029553	-10,0000
4,030422	-10,0000
4,031291	-10,0000
4,032160	-10,0000
4,033029	-10,0000
4,033898	-10,0000
4,034767	-10,0000
4,035636	-10,0000
4,036505	-10,0000
4,037374	-10,0000
4,038243	-10,0000
4,039112	-10,0000
4,039981	-10,0000
4,040850	-10,0000
4,041719	-10,0000
4,042588	-10,0000
4,043457	-10,0000
4,044326	-10,0000
4,045195	-10,0000
4,046064	-10,0000
4,046933	-10,0000
4,047802	-10,0000
4,048671	-10,0000
4,049540	-10,0000
4,050409	-10,0000
4,051278	-10,0000
4,052147	-10,0000
4,053016	-10,0000
4,053885	-10,0000
4,054754	-10,0000
4,055623	-10,0000
4,056492	-10,0000
4,057361	-10,0000
4,058230	-10,0000
4,059099	-10,0000
4,059968	-10,0000
4,060837	-10,0000
4,061706	-10,0000
4,062575	-10,0000
4,063444	-10,0000
4,064313	-10,0000
4,065182	-10,0000
4,066051	-10,0000
4,066920	-10,0000
4,067789	-10,0000
4,068658	-10,0000
4,069527	-10,0000
4,070396	-10,0000
4,071265	-10,0000
4,072134	-10,0000
4,073003	-10,0000
4,073872	-10,0000
4,074741	-10,0000
4,075610	-10,0000
4,076479	-10,0000
4,077348	-10,0000
4,078217	-10,0000
4,079086	-10,0000
4,079955	-10,0000
4,080824	-10,0000
4,081693	-10,0000
4,082562	-10,0000
4,083431	-10,0000
4,084300	-10,0000
4,085169	-10,0000
4,086038	-10,0000
4,086907	-10,0000
4,087776	-10,0000
4,088645	-10,0000
4,089514	-10,0000
4,090383	-10,0000
4,091252	-10,0000
4,092121	-10,0000
4,092990	-10,0000
4,093859	-10,0000
4,094728	-10,0000
4,095597	-10,0000
4,096466	-10,0000
4,097335	-10,0000
4,098204	-10,0000
4,099073	-10,0000
4,099942	-10,0000
4,100811	-10,0000
4,101680	-10,0000
4,102549	-10,0000
4,103418	-10,0000
4,104287	-10,0000
4,105156	-10,0000
4,106025	-10,0000
4,106894	-10,0000
4,107763	-10,0000
4,108632	-10,0000
4,109501	-10,0000
4,110370	-10,0000
4,111239	-10,0000
4,112108	-10,0000
4,112977	-10,0000
4,113846	-10,0000
4,114715	-10,0000
4,115584	-10,0000
4,116453	-10,0000
4,117322	-10,0000
4,118191	-10,0000
4,119060	-10,0000
4,119929	-10,0000
4,120798	-10,0000
4,121667	-10,0000
4,122536	-10,0000
4,123405	-10,0000
4,124274	-10,0000
4,125143	-10,0000
4,126012	-10,0000
4,126881	-10,0000
4,127750	-10,0000
4,128619	-10,0000
4,129488	-10,0000
4,130357	-10,0000
4,131226	-10,0000
4,132095	-10,0000
4,132964	-10,0000
4,133833	-10,0000
4,134702	-10,0000
4,135571	-10,0000
4,136440	-10,0000
4,137309	-10,0000
4,138178	-10,0000
4,139047	-10,0000
4,139916	-10,0000
4,140785	-10,0000
4,141654	-10,0000
4,142523	-10,0000
4,143392	-10,0000
4,144261	-10,0000
4,145130	-10,0000
4,145999	-10,0000
4,146868	-10,0000
4,147737	-10,0000
4,148606	-10,0000
4,149475	-10,0000
4,150344	-10,0000
4,151213	-10,0000
4,152082	-10,0000
4,152951	-10,0000
4,153820	-10,0000
4,154689	-10,0000
4,155558	-10,0000
4,156427	-10,0000
4,157296	-10,0000
4,158165	-10,0000
4,159034	-10,0000
4,159903	-10,0000
4,160772	-10,0000
4,161641	-10,0000
4,162510	-10,0000
4,163379	-10,0000
4,164248	-10,0000
4,165117	-10,0000
4,165986	-10,0000
4,166855	-10,0000
4,167724	-10,0000
4,168593	-10,0000
4,169462	-10,0000
4,170331	-10,0000
4,171200	-10,0000
4,172069	-10,0000
4,172938	-10,0000
4,173807	-10,0000
4,174676	-10,0000
4,175545	-10,0000
4,176414	-10,0000
4,177283	-10,0000
4,178152	-10,0000
4,179021	-10,0000
4,179890	-10,0000
4,180759	-10,0000
4,181628	-10,0000
4,182497	-10,0000
4,183366	-10,0000
4,184235	-10,0000
4,185104	-10,0000
4,185973	-10,0000
4,186842	-10,0000
4,187711	-10,0000
4,188580	-10,0000
4,189449	-10,0000
4,190318	-10,0000
4,191187	-10,0000
4,192056	-10,0000
4,192925	-10,0000
4,193794	-10,0000
4,194663	-10,0000
4,195532	-10,0000
4,196401	-10,0000
4,197270	-10,0000
4,198139	-10,0000
4,199008	-10,0000
4,199877	-10,0000
4,200746	-10,0000
4,201615	-10,0000
4,202484	-10,0000
4,203353	-10,0000
4,204222	-10,0000
4,205091	-10,0000
4,205960	-10,0000
4,206829	-10,0000
4,207698	-10,0000
4,208567	-10,0000
4,209436	-10,0000
4,210305	-10,0000
4,211174	-10,0000
4,212043	-10,0000
4,212912	-10,0000
4,213781	-10,0000
4,214650	-10,0000
4,215519	-10,0000
4,216388	-10,0000
4,217257	-10,0000
4,218126	-10,0000
4,218995	-10,0000
4,219864	-10,0000
4,220733	-10,0000
4,221602	-10,0000
4,222471	-10,0000
4,223340	-10,0000
4,224209	-10,0000
4,225078	-10,0000
4,225947	-10,0000
4,226816	-10,0000
4,227685	-10,0000
4,228554	-10,0000
4,229423	-10,0000
4,230292	-10,0000
4,231161	-10,0000
4,232030	-10,0000
4,232899	-10,0000
4,233768	-10,0000
4,234637	-10,0000
4,235506	-10,0000
4,236375	-10,0000
4,237244	-10,0000
4,238113	-10,0000
4,238982	-10,0000
4,239851	-10,0000
4,240720	-10,0000
4,241589	-10,0000
4,242458	-10,0000
4,243327	-10,0000
4,244196	-10,0000
4,245065	-10,0000
4,245934	-10,0000
4,246803	-10,0000
4,247672	-10,0000
4,248541	-10,0000
4,249410	-10,0000
4,250279	-10,0000
4,251148	-10,0000
4,252017	-10,0000
4,252886	-10,0000
4,253755	-10,0000
4,254624	-10,0000
4,255493	-10,0000
4,256362	-10,0000
4,257231	-10,0000
4,258100	-10,0000
4,258969	-10,0000
4,259838	-10,0000
4,260707	-10,0000
4,261576	-10,0000
4,262445	-10,0000
4,263314	-10,0000
4,264183	-10,0000
4,265052	-10,0000
4,265921	-10,0000
4,266790	-10,0000
4,267659	-10,0000
4,268528	-10,0000
4,269397	-10,0000
4,270266	-10,0000
4,271135	-10,0000
4,272004	-10,0000
4,272873	-10,0000
4,273742	-10,0000
4,274611	-10,0000
4,275480	-10,0000
4,276349	-10,0000
4,277218	-10,0000
4,278087	-10,0000
4,278956	-10,0000
4,279825	-10,0000
4,280694	-10,0000
4,281563	-10,0000
4,282432	-10,0000
4,283301	-10,0000
4,284170	-10,0000
4,285039	-10,0000
4,285908	-10,0000
4,286777	-10,0000
4,287646	-10,0000
4,288515	-10,0000
4,289384	-10,0000
4,290253	-10,0000
4,291122	-10,0000
4,291991	-10,0000
4,292860	-10,0000
4,293729	-10,0000
4,294598	-10,0000
4,295467	-10,0000
4,296336	-10,0000
4,297205	-10,0000
4,298074	-10,0000
4,298943	-10,0000
4,299812	-10,0000
4,300681	-10,0000
4,301550	-10,0000
4,302419	-10,0000
4,303288	-10,0000
4,304157	-10,0000
4,305026	-10,0000
4,305895	-10,0000
4,306764	-10,0000
4,307633	-10,0000
4,308502	-10,0000
4,309371	-10,0000
4,310240	-10,0000
4,311109	-10,0000
4,311978	-10,0000
4,312847	-10,0000
4,313716	-10,0000
4,314585	-10,0000
4,315454	-10,0000
4,316323	-10,0000
4,317192	-10,0000
4,318061	-10,0000
4,318930	-10,0000
4,319799	-10,0000
4,320668	-10,0000
4,321537	-10,0000
4,322406	-10,0000
4,323275	-10,0000
4,324144	-10,0000
4,325013	-10,0000
4,325882	-10,0000
4,326751	-10,0000
4,327620	-10,0000
4,328489	-10,0000
4,329358	-10,0000
4,330227	-10,0000
4,331096	-10,0000
4,331965	-10,0000
4,332834	-10,0000
4,333703	-10,0000
4,334572	-10,0000
4,335441	-10,0000
4,336310	-10,0000
4,337179	-10,0000
4,338048	-10,0000
4,338917	-10,0000
4,339786	-10,0000
4,340655	-10,0000
4,341524	-10,0000
4,342393	-10,0000
4,343262	-10,0000
4,344131	-10,0000
4,345000	-10,0000
