0,000869	-0,0143
0,001738	-0,0162
0,002607	-0,0116
0,003476	-0,0137
0,004345	-0,0143
0,005214	-0,0150
0,006083	-0,0150
0,006952	-0,0159
0,007821	-0,0159
0,008690	-0,0159
0,009559	-0,0159
0,010428	-0,0168
0,011297	-0,0143
0,012166	-0,0146
0,013035	-0,0150
0,013904	-0,0156
0,014773	-0,0143
0,015642	-0,0162
0,016511	-0,0153
0,017380	-0,0150
0,018249	-0,0146
0,019118	-0,0150
0,019987	-0,0174
0,020856	-0,0150
0,021725	-0,0150
0,022594	-0,0156
0,023463	-0,0153
0,024332	-0,0128
0,025201	-0,0143
0,026070	-0,0162
0,026939	-0,0156
0,027808	-0,0146
0,028677	-0,0153
0,029546	-0,0150
0,030415	-0,0174
0,031284	-0,0137
0,032153	-0,0153
0,033022	-0,0162
0,033891	-0,0171
0,034760	-0,0140
0,035629	-0,0223
0,036498	-0,0153
0,037367	-0,0150
0,038236	-0,0146
0,039105	-0,0153
0,039974	-0,0186
0,040843	-0,0156
0,041712	-0,0150
0,042581	-0,0150
0,043450	-0,0128
0,044319	-0,0125
0,045188	-0,0150
0,046057	-0,0150
0,046926	-0,0162
0,047795	-0,0162
0,048664	-0,0159
0,049533	-0,0153
0,050402	-0,0131
0,051271	-0,0156
0,052140	-0,0150
0,053009	-0,0153
0,053878	-0,0171
0,054747	-0,0140
0,055616	-0,0162
0,056485	-0,0153
0,057354	-0,0156
0,058223	-0,0153
0,059092	-0,0156
0,059961	-0,0198
0,060830	-0,0174
0,061699	-0,0137
0,062568	-0,0143
0,063437	-0,0125
0,064306	-0,0140
0,065175	-0,0180
0,066044	-0,0153
0,066913	-0,0150
0,067782	-0,0150
0,068651	-0,0150
0,069520	-0,0150
0,070389	-0,0159
0,071258	-0,0186
0,072127	-0,0159
0,072996	-0,0165
0,073865	-0,0186
0,074734	-0,0125
0,075603	-0,0125
0,076472	-0,0159
0,077341	-0,0153
0,078210	-0,0150
0,079079	-0,0146
0,079948	-0,0189
0,080817	-0,0156
0,081686	-0,0156
0,082555	-0,0153
0,083424	-0,0137
0,084293	-0,0168
0,085162	-0,0162
0,086031	-0,0159
0,086900	-0,0159
0,087769	-0,0159
0,088638	-0,0156
0,089507	-0,0140
0,090376	-0,0143
0,091245	-0,0134
0,092114	-0,0146
0,092983	-0,0150
0,093852	-0,0150
0,094721	-0,0128
0,095590	-0,0137
0,096459	-0,0153
0,097328	-0,0153
0,098197	-0,0156
0,099066	-0,0153
0,099935	-0,0165
0,100804	-0,0159
0,101673	-0,0168
0,102542	-0,0156
0,103411	-0,0150
0,104280	-0,0177
0,105149	-0,0119
0,106018	-0,0162
0,106887	-0,0146
0,107756	-0,0159
0,108625	-0,0153
0,109494	-0,0150
0,110363	-0,0153
0,111232	-0,0143
0,112101	-0,0162
0,112970	-0,0165
0,113839	-0,0137
0,114708	-0,0156
0,115577	-0,0131
0,116446	-0,0143
0,117315	-0,0150
0,118184	-0,0156
0,119053	-0,0159
0,119922	-0,0162
0,120791	-0,0150
0,121660	-0,0150
0,122529	-0,0156
0,123398	-0,0153
0,124267	-0,0159
0,125136	-0,0153
0,126005	-0,0165
0,126874	-0,0159
0,127743	-0,0156
0,128612	-0,0156
0,129481	-0,0159
0,130350	-0,0171
0,131219	-0,0156
0,132088	-0,0140
0,132957	-0,0137
0,133826	-0,0174
0,134695	-0,0168
0,135564	-0,0134
0,136433	-0,0143
0,137302	-0,0153
0,138171	-0,0150
0,139040	-0,0146
0,139909	-0,0174
0,140778	-0,0159
0,141647	-0,0156
0,142516	-0,0153
0,143385	-0,0119
0,144254	-0,0159
0,145123	-0,0159
0,145992	-0,0153
0,146861	-0,0153
0,147730	-0,0153
0,148599	-0,0150
0,149468	-0,0150
0,150337	-0,0153
0,151206	-0,0153
0,152075	-0,0150
0,152944	-0,0162
0,153813	-0,0177
0,154682	-0,0140
0,155551	-0,0143
0,156420	-0,0150
0,157289	-0,0153
0,158158	-0,0153
0,159027	-0,0137
0,159896	-0,0146
0,160765	-0,0150
0,161634	-0,0153
0,162503	-0,0143
0,163372	-0,0119
0,164241	-0,0122
0,165110	-0,0122
0,165979	-0,0153
0,166848	-0,0156
0,167717	-0,0159
0,168586	-0,0156
0,169455	-0,0143
0,170324	-0,0122
0,171193	-0,0128
0,172062	-0,0153
0,172931	-0,0153
0,173800	-0,0134
0,174669	-0,0113
0,175538	-0,0101
0,176407	-0,0134
0,177276	-0,0156
0,178145	-0,0153
0,179014	-0,0153
0,179883	-0,0134
0,180752	-0,0162
0,181621	-0,0146
0,182490	-0,0156
0,183359	-0,0186
0,184228	-0,0137
0,185097	-0,0159
0,185966	-0,0140
0,186835	-0,0146
0,187704	-0,0146
0,188573	-0,0153
0,189442	-0,0153
0,190311	-0,0116
0,191180	-0,0150
0,192049	-0,0153
0,192918	-0,0156
0,193787	-0,0140
0,194656	-0,0137
0,195525	-0,0156
0,196394	-0,0162
0,197263	-0,0150
0,198132	-0,0150
0,199001	-0,0150
0,199870	-0,0195
0,200739	-0,0122
0,201608	-0,0162
0,202477	-0,0150
0,203346	-0,0159
0,204215	-0,0128
0,205084	-0,0137
0,205953	-0,0159
0,206822	-0,0153
0,207691	-0,0153
0,208560	-0,0153
0,209429	-0,0156
0,210298	-0,0140
0,211167	-0,0150
0,212036	-0,0150
0,212905	-0,0153
0,213774	-0,0146
0,214643	-0,0198
0,215512	-0,0153
0,216381	-0,0153
0,217250	-0,0153
0,218119	-0,0143
0,218988	-0,0146
0,219857	-0,0174
0,220726	-0,0174
0,221595	-0,0153
0,222464	-0,0131
0,223333	-0,0159
0,224202	-0,0153
0,225071	-0,0153
0,225940	-0,0156
0,226809	-0,0143
0,227678	-0,0150
0,228547	-0,0150
0,229416	-0,0153
0,230285	-0,0137
0,231154	-0,0168
0,232023	-0,0162
0,232892	-0,0156
0,233761	-0,0168
0,234630	-0,0165
0,235499	-0,0150
0,236368	-0,0150
0,237237	-0,0146
0,238106	-0,0143
0,238975	-0,0150
0,239844	-0,0159
0,240713	-0,0143
0,241582	-0,0168
0,242451	-0,0153
0,243320	-0,0131
0,244189	-0,0162
0,245058	-0,0156
0,245927	-0,0174
0,246796	-0,0159
0,247665	-0,0156
0,248534	-0,0156
0,249403	-0,0150
0,250272	-0,0150
0,251141	-0,0143
0,252010	-0,0140
0,252879	-0,0156
0,253748	-0,0134
0,254617	-0,0153
0,255486	-0,0153
0,256355	-0,0143
0,257224	-0,0153
0,258093	-0,0143
0,258962	-0,0156
0,259831	-0,0177
0,260700	-0,0150
0,261569	-0,0153
0,262438	-0,0134
0,263307	-0,0122
0,264176	-0,0156
0,265045	-0,0119
0,265914	-0,0153
0,266783	-0,0150
0,267652	-0,0153
0,268521	-0,0140
0,269390	-0,0153
0,270259	-0,0168
0,271128	-0,0146
0,271997	-0,0162
0,272866	-0,0143
0,273735	-0,0159
0,274604	-0,0156
0,275473	-0,0140
0,276342	-0,0146
0,277211	-0,0143
0,278080	-0,0153
0,278949	-0,0150
0,279818	-0,0165
0,280687	-0,0113
0,281556	-0,0153
0,282425	-0,0150
0,283294	-0,0128
0,284163	-0,0122
0,285032	-0,0162
0,285901	-0,0159
0,286770	-0,0153
0,287639	-0,0159
0,288508	-0,0146
0,289377	-0,0140
0,290246	-0,0137
0,291115	-0,0143
0,291984	-0,0171
0,292853	-0,0165
0,293722	-0,0150
0,294591	-0,0143
0,295460	-0,0146
0,296329	-0,0153
0,297198	-0,0150
0,298067	-0,0156
0,298936	-0,0150
0,299805	-0,0186
0,300674	-0,0165
0,301543	-0,0146
0,302412	-0,0131
0,303281	-0,0162
0,304150	-0,0134
0,305019	-0,0128
0,305888	-0,0134
0,306757	-0,0146
0,307626	-0,0150
0,308495	-0,0159
0,309364	-0,0150
0,310233	-0,0125
0,311102	-0,0165
0,311971	-0,0143
0,312840	-0,0140
0,313709	-0,0128
0,314578	-0,0159
0,315447	-0,0165
0,316316	-0,0143
0,317185	-0,0150
0,318054	-0,0153
0,318923	-0,0150
0,319792	-0,0134
0,320661	-0,0143
0,321530	-0,0156
0,322399	-0,0140
0,323268	-0,0150
0,324137	-0,0156
0,325006	-0,0140
0,325875	-0,0150
0,326744	-0,0156
0,327613	-0,0156
0,328482	-0,0146
0,329351	-0,0153
0,330220	-0,0140
0,331089	-0,0107
0,331958	-0,0143
0,332827	-0,0153
0,333696	-0,0153
0,334565	-0,0143
0,335434	-0,0165
0,336303	-0,0150
0,337172	-0,0150
0,338041	-0,0153
0,338910	-0,0150
0,339779	-0,0174
0,340648	-0,0162
0,341517	-0,0134
0,342386	-0,0125
0,343255	-0,0201
0,344124	-0,0146
0,344993	-0,0183
0,345862	-0,0153
0,346731	-0,0150
0,347600	-0,0153
0,348469	-0,0153
0,349338	-0,0140
0,350207	-0,0137
0,351076	-0,0150
0,351945	-0,0153
0,352814	-0,0162
0,353683	-0,0125
0,354552	-0,0204
0,355421	-0,0134
0,356290	-0,0165
0,357159	-0,0150
0,358028	-0,0150
0,358897	-0,0143
0,359766	-0,0162
0,360635	-0,0128
0,361504	-0,0119
0,362373	-0,0150
0,363242	-0,0140
0,364111	-0,0140
0,364980	-0,0110
0,365849	-0,0174
0,366718	-0,0153
0,367587	-0,0159
0,368456	-0,0153
0,369325	-0,0150
0,370194	-0,0153
0,371063	-0,0156
0,371932	-0,0204
0,372801	-0,0153
0,373670	-0,0128
0,374539	-0,0156
0,375408	-0,0177
0,376277	-0,0143
0,377146	-0,0146
0,378015	-0,0156
0,378884	-0,0153
0,379753	-0,0168
0,380622	-0,0168
0,381491	-0,0156
0,382360	-0,0165
0,383229	-0,0131
0,384098	-0,0162
0,384967	-0,0159
0,385836	-0,0134
0,386705	-0,0153
0,387574	-0,0143
0,388443	-0,0140
0,389312	-0,0153
0,390181	-0,0143
0,391050	-0,0150
0,391919	-0,0162
0,392788	-0,0150
0,393657	-0,0171
0,394526	-0,0165
0,395395	-0,0116
0,396264	-0,0150
0,397133	-0,0156
0,398002	-0,0150
0,398871	-0,0156
0,399740	-0,0146
0,400609	-0,0168
0,401478	-0,0131
0,402347	-0,0122
0,403216	-0,0153
0,404085	-0,0165
0,404954	-0,0174
0,405823	-0,0165
0,406692	-0,0153
0,407561	-0,0159
0,408430	-0,0153
0,409299	-0,0150
0,410168	-0,0146
0,411037	-0,0150
0,411906	-0,0150
0,412775	-0,0159
0,413644	-0,0162
0,414513	-0,0180
0,415382	-0,0125
0,416251	-0,0153
0,417120	-0,0153
0,417989	-0,0143
0,418858	-0,0156
0,419727	-0,0174
0,420596	-0,0156
0,421465	-0,0156
0,422334	-0,0131
0,423203	-0,0143
0,424072	-0,0159
0,424941	-0,0143
0,425810	-0,0156
0,426679	-0,0146
0,427548	-0,0153
0,428417	-0,0153
0,429286	-0,0150
0,430155	-0,0150
0,431024	-0,0143
0,431893	-0,0159
0,432762	-0,0192
0,433631	-0,0159
0,434500	-0,0177
0,435369	-0,0150
0,436238	-0,0150
0,437107	-0,0153
0,437976	-0,0153
0,438845	-0,0150
0,439714	-0,0159
0,440583	-0,0134
0,441452	-0,0143
0,442321	-0,0174
0,443190	-0,0150
0,444059	-0,0131
0,444928	-0,0140
0,445797	-0,0131
0,446666	-0,0162
0,447535	-0,0153
0,448404	-0,0153
0,449273	-0,0153
0,450142	-0,0146
0,451011	-0,0128
0,451880	-0,0150
0,452749	-0,0150
0,453618	-0,0146
0,454487	-0,0134
0,455356	-0,0159
0,456225	-0,0143
0,457094	-0,0146
0,457963	-0,0150
0,458832	-0,0153
0,459701	-0,0153
0,460570	-0,0159
0,461439	-0,0146
0,462308	-0,0150
0,463177	-0,0107
0,464046	-0,0165
0,464915	-0,0156
0,465784	-0,0143
0,466653	-0,0153
0,467522	-0,0150
0,468391	-0,0143
0,469260	-0,0150
0,470129	-0,1523
0,470998	-0,3848
0,471867	-0,6290
0,472736	-0,8777
0,473605	-1,0868
0,474474	-1,2290
0,475343	-1,2912
0,476212	-1,2775
0,477081	-1,1841
0,477950	-1,0154
0,478819	-0,7773
0,479688	-0,4917
0,480557	-0,1801
0,481426	0,1306
0,482295	0,4276
0,483164	0,6915
0,484033	0,8878
0,484902	1,0059
0,485771	1,0422
0,486640	1,0062
0,487509	0,8963
0,488378	0,7169
0,489247	0,4727
0,490116	0,1917
0,490985	-0,1068
0,491854	-0,4025
0,492723	-0,6830
0,493592	-0,9183
0,494461	-1,0813
0,495330	-1,1621
0,496199	-1,1698
0,497068	-1,0929
0,497937	-0,9345
0,498806	-0,7028
0,499675	-0,4221
0,500544	-0,1184
0,501413	0,1782
0,502282	0,4688
0,503151	0,7257
0,504020	0,9250
0,504889	1,0495
0,505758	1,0947
0,506627	1,0599
0,507496	0,9418
0,508365	0,7498
0,509234	0,4965
0,510103	0,2133
0,510972	-0,0824
0,511841	-0,3760
0,512710	-0,6616
0,513579	-0,9009
0,514448	-1,0709
0,515317	-1,1573
0,516186	-1,1707
0,517055	-1,0999
0,517924	-0,9513
0,518793	-0,7349
0,519662	-0,4678
0,520531	-0,1718
0,521400	0,1254
0,522269	0,4205
0,523138	0,6861
0,524007	0,8908
0,524876	1,0096
0,525745	1,0538
0,526614	1,0190
0,527483	0,9095
0,528352	0,7303
0,529221	0,4855
0,530090	0,1987
0,530959	-0,1044
0,531828	-0,4038
0,532697	-0,6824
0,533566	-0,9134
0,534435	-1,0807
0,535304	-1,1740
0,536173	-1,1838
0,537042	-1,1093
0,537911	-0,9531
0,538780	-0,7233
0,539649	-0,4468
0,540518	-0,1483
0,541387	0,1459
0,542256	0,4361
0,543125	0,6980
0,543994	0,9009
0,544863	1,0337
0,545732	1,0807
0,546601	1,0389
0,547470	0,9198
0,548339	0,7358
0,549208	0,4920
0,550077	0,2066
0,550946	-0,0931
0,551815	-0,3919
0,552684	-0,6806
0,553553	-0,9156
0,554422	-1,0779
0,555291	-1,1640
0,556160	-1,1786
0,557029	-1,1109
0,557898	-0,9598
0,558767	-0,7331
0,559636	-0,4550
0,560505	-0,1550
0,561374	0,1447
0,562243	0,4315
0,563112	0,6952
0,563981	0,9006
0,564850	1,0321
0,565719	1,0819
0,566588	1,0443
0,567457	0,9241
0,568326	0,7379
0,569195	0,4935
0,570064	0,2087
0,570933	-0,0903
0,571802	-0,3925
0,572671	-0,6818
0,573540	-0,9168
0,574409	-1,0797
0,575278	-1,1701
0,576147	-1,1930
0,577016	-1,1277
0,577885	-0,9763
0,578754	-0,7474
0,579623	-0,4740
0,580492	-0,1779
0,581361	0,1144
0,582230	0,4077
0,583099	0,6751
0,583968	0,8844
0,584837	1,0141
0,585706	1,0620
0,586575	1,0279
0,587444	0,9159
0,588313	0,7373
0,589182	0,4968
0,590051	0,2142
0,590920	-0,0842
0,591789	-0,3781
0,592658	-0,6568
0,593527	-0,8899
0,594396	-1,0593
0,595265	-1,1515
0,596134	-1,1658
0,597003	-1,0950
0,597872	-0,9436
0,598741	-0,7251
0,599610	-0,4599
0,600479	-0,1682
0,601348	0,1254
0,602217	0,4190
0,603086	0,6821
0,603955	0,8814
0,604824	1,0013
0,605693	1,0501
0,606562	1,0239
0,607431	0,9229
0,608300	0,7477
0,609169	0,5011
0,610038	0,2182
0,610907	-0,0714
0,611776	-0,3580
0,612645	-0,6384
0,613514	-0,8734
0,614383	-1,0334
0,615252	-1,1258
0,616121	-1,1332
0,616990	-1,0636
0,617859	-0,9223
0,618728	-0,7114
0,619597	-0,4468
0,620466	-0,1523
0,621335	0,1367
0,622204	0,4178
0,623073	0,6677
0,623942	0,8637
0,624811	0,9928
0,625680	1,0395
0,626549	1,0041
0,627418	0,8881
0,628287	0,7099
0,629156	0,4733
0,630025	0,1965
0,630894	-0,0977
0,631763	-0,3897
0,632632	-0,6684
0,633501	-0,8982
0,634370	-1,0523
0,635239	-1,1313
0,636108	-1,1432
0,636977	-1,0657
0,637846	-0,9052
0,638715	-0,6818
0,639584	-0,4138
0,640453	-0,1172
0,641322	0,1843
0,642191	0,4767
0,643060	0,7392
0,643929	0,9311
0,644798	1,0535
0,645667	1,1029
0,646536	1,0718
0,647405	0,9534
0,648274	0,7587
0,649143	0,5087
0,650012	0,2286
0,650881	-0,0650
0,651750	-0,3607
0,652619	-0,6488
0,653488	-0,8826
0,654357	-1,0453
0,655226	-1,1304
0,656095	-1,1518
0,656964	-1,0846
0,657833	-0,9311
0,658702	-0,7007
0,659571	-0,4242
0,660440	-0,1288
0,661309	0,1709
0,662178	0,4678
0,663047	0,7392
0,663916	0,9442
0,664785	1,0733
0,665654	1,1243
0,666523	1,1020
0,667392	0,9973
0,668261	0,8103
0,669130	0,5579
0,669999	0,2750
0,670868	-0,0116
0,671737	-0,3058
0,672606	-0,5936
0,673475	-0,8380
0,674344	-1,0038
0,675213	-1,0849
0,676082	-1,1075
0,676951	-1,0514
0,677820	-0,9116
0,678689	-0,6903
0,679558	-0,4193
0,680427	-0,1227
0,681296	0,1691
0,682165	0,4584
0,683034	0,7245
0,683903	0,9320
0,684772	1,0627
0,685641	1,1158
0,686510	1,0923
0,687379	0,9925
0,688248	0,8148
0,689117	0,5683
0,689986	0,2860
0,690855	0,0024
0,691724	-0,2875
0,692593	-0,5704
0,693462	-0,8002
0,694331	-0,9699
0,695200	-1,0559
0,696069	-1,0718
0,696938	-1,0096
0,697807	-0,8719
0,698676	-0,6607
0,699545	-0,3943
0,700414	-0,1068
0,701283	0,1782
0,702152	0,4642
0,703021	0,7233
0,703890	0,9360
0,704759	1,0685
0,705628	1,1176
0,706497	1,0910
0,707366	0,9873
0,708235	0,8103
0,709104	0,5643
0,709973	0,2823
0,710842	-0,0021
0,711711	-0,2957
0,712580	-0,5762
0,713449	-0,8142
0,714318	-0,9851
0,715187	-1,0712
0,716056	-1,0807
0,716925	-1,0175
0,717794	-0,8811
0,718663	-0,6693
0,719532	-0,3974
0,720401	-0,1038
0,721270	0,1877
0,722139	0,4703
0,723008	0,7324
0,723877	0,9387
0,724746	1,0685
0,725615	1,1185
0,726484	1,0938
0,727353	0,9937
0,728222	0,8216
0,729091	0,5750
0,729960	0,2905
0,730829	-0,0003
0,731698	-0,2921
0,732567	-0,5750
0,733436	-0,8121
0,734305	-0,9809
0,735174	-1,0773
0,736043	-1,0898
0,736912	-1,0303
0,737781	-0,8979
0,738650	-0,6897
0,739519	-0,4221
0,740388	-0,1312
0,741257	0,1535
0,742126	0,4422
0,742995	0,7007
0,743864	0,9134
0,744733	1,0471
0,745602	1,0987
0,746471	1,0804
0,747340	0,9836
0,748209	0,8124
0,749078	0,5695
0,749947	0,2878
0,750816	-0,0018
0,751685	-0,2902
0,752554	-0,5747
0,753423	-0,8158
0,754292	-0,9845
0,755161	-1,0746
0,756030	-1,0926
0,756899	-1,0364
0,757768	-0,9037
0,758637	-0,6952
0,759506	-0,4291
0,760375	-0,1398
0,761244	0,1425
0,762113	0,4285
0,762982	0,6906
0,763851	0,8930
0,764720	1,0263
0,765589	1,0755
0,766458	1,0508
0,767327	0,9513
0,768196	0,7782
0,769065	0,5353
0,769934	0,2594
0,770803	-0,0281
0,771672	-0,3189
0,772541	-0,6052
0,773410	-0,8438
0,774279	-1,0175
0,775148	-1,1078
0,776017	-1,1185
0,776886	-1,0572
0,777755	-0,9183
0,778624	-0,7013
0,779493	-0,4291
0,780362	-0,1462
0,781231	0,1434
0,782100	0,4309
0,782969	0,6958
0,783838	0,9085
0,784707	1,0440
0,785576	1,0907
0,786445	1,0639
0,787314	0,9638
0,788183	0,7834
0,789052	0,5313
0,789921	0,2460
0,790790	-0,0467
0,791659	-0,3455
0,792528	-0,6366
0,793397	-0,8774
0,794266	-1,0480
0,795135	-1,1353
0,796004	-1,1536
0,796873	-1,0950
0,797742	-0,9507
0,798611	-0,7251
0,799480	-0,4511
0,800349	-0,1599
0,801218	0,1379
0,802087	0,4352
0,802956	0,7080
0,803825	0,9061
0,804694	1,0422
0,805563	1,0947
0,806432	1,0761
0,807301	0,9720
0,808170	0,7843
0,809039	0,5338
0,809908	0,2533
0,810777	-0,0446
0,811646	-0,3452
0,812515	-0,6372
0,813384	-0,8713
0,814253	-1,0425
0,815122	-1,1341
0,815991	-1,1554
0,816860	-1,0920
0,817729	-0,9375
0,818598	-0,7108
0,819467	-0,4419
0,820336	-0,1505
0,821205	0,1498
0,822074	0,4431
0,822943	0,7016
0,823812	0,9015
0,824681	1,0291
0,825550	1,0758
0,826419	1,0434
0,827288	0,9232
0,828157	0,7352
0,829026	0,4968
0,829895	0,2164
0,830764	-0,0806
0,831633	-0,3742
0,832502	-0,6470
0,833371	-0,8655
0,834240	-1,0224
0,835109	-1,1026
0,835978	-1,1048
0,836847	-1,0215
0,837716	-0,8741
0,838585	-0,6641
0,839454	-0,4047
0,840323	-0,1175
0,841192	0,1642
0,842061	0,4370
0,842930	0,6815
0,843799	0,8704
0,844668	0,9958
0,845537	1,0416
0,846406	1,0099
0,847275	0,9076
0,848144	0,7456
0,849013	0,5148
0,849882	0,2417
0,850751	-0,0485
0,851620	-0,3269
0,852489	-0,6058
0,853358	-0,8429
0,854227	-1,0163
0,855096	-1,1136
0,855965	-1,1313
0,856834	-1,0797
0,857703	-0,9421
0,858572	-0,7190
0,859441	-0,4440
0,860310	-0,1489
0,861179	0,1520
0,862048	0,4526
0,862917	0,7248
0,863786	0,9229
0,864655	1,0511
0,865524	1,1103
0,866393	1,0797
0,867262	0,9534
0,868131	0,7581
0,869000	0,5155
0,869869	0,2338
0,870738	-0,0616
0,871607	-0,3464
0,872476	-0,6134
0,873345	-0,8313
0,874214	-0,9870
0,875083	-1,0660
0,875952	-1,0691
0,876821	-0,9992
0,877690	-0,8683
0,878559	-0,6726
0,879428	-0,4190
0,880297	-0,1379
0,881166	0,1407
0,882035	0,4178
0,882904	0,6766
0,883773	0,8847
0,884642	1,0239
0,885511	1,0761
0,886380	1,0593
0,887249	0,9607
0,888118	0,7776
0,888987	0,5316
0,889856	0,2551
0,890725	-0,0427
0,891594	-0,3446
0,892463	-0,6366
0,893332	-0,8655
0,894201	-1,0196
0,895070	-1,0907
0,895939	-1,0886
0,896808	-0,9986
0,897677	-0,8432
0,898546	-0,6320
0,899415	-0,3735
0,900284	-0,0900
0,901153	0,1837
0,902022	0,4511
0,902891	0,6977
0,903760	0,8933
0,904629	1,0221
0,905498	1,0761
0,906367	1,0599
0,907236	0,9729
0,908105	0,8042
0,908974	0,5548
0,909843	0,2738
0,910712	-0,0232
0,911581	-0,3302
0,912450	-0,6259
0,913319	-0,8600
0,914188	-1,0227
0,915057	-1,1072
0,915926	-1,1118
0,916795	-1,0184
0,917664	-0,8600
0,918533	-0,6476
0,919402	-0,3897
0,920271	-0,1080
0,921140	0,1624
0,922009	0,4254
0,922878	0,6745
0,923747	0,8676
0,924616	1,0038
0,925485	1,0562
0,926354	1,0489
0,927223	0,9629
0,928092	0,7868
0,928961	0,5402
0,929830	0,2588
0,930699	-0,0415
0,931568	-0,3476
0,932437	-0,6326
0,933306	-0,8539
0,934175	-0,9998
0,935044	-1,0706
0,935913	-1,0663
0,936782	-0,9812
0,937651	-0,8383
0,938520	-0,6412
0,939389	-0,3922
0,940258	-0,1178
0,941127	0,1502
0,941996	0,4215
0,942865	0,6876
0,943734	0,8972
0,944603	1,0392
0,945472	1,0944
0,946341	1,0758
0,947210	0,9561
0,948079	0,7514
0,948948	0,4987
0,949817	0,2139
0,950686	-0,0876
0,951555	-0,3702
0,952424	-0,6253
0,953293	-0,8371
0,954162	-0,9891
0,955031	-1,0651
0,955900	-1,0816
0,956769	-1,0282
0,957638	-0,9116
0,958507	-0,7086
0,959376	-0,4422
0,960245	-0,1529
0,961114	0,1471
0,961983	0,4505
0,962852	0,7172
0,963721	0,9125
0,964590	1,0300
0,965459	1,0627
0,966328	1,0053
0,967197	0,8863
0,968066	0,7208
0,968935	0,4990
0,969804	0,2451
0,970673	-0,0302
0,971542	-0,3067
0,972411	-0,5878
0,973280	-0,8322
0,974149	-1,0086
0,975018	-1,0981
0,975887	-1,1155
0,976756	-1,0343
0,977625	-0,8637
0,978494	-0,6418
0,979363	-0,3760
0,980232	-0,0891
0,981101	0,1825
0,981970	0,4349
0,982839	0,6677
0,983708	0,8679
0,984577	1,0025
0,985446	1,0587
0,986315	1,0501
0,987184	0,9537
0,988053	0,7584
0,988922	0,5014
0,989791	0,2139
0,990660	-0,0897
0,991529	-0,3754
0,992398	-0,6308
0,993267	-0,8368
0,994136	-0,9839
0,995005	-1,0602
0,995874	-1,0752
0,996743	-1,0288
0,997612	-0,9134
0,998481	-0,7022
0,999350	-0,4324
1,000219	-0,1346
1,001088	0,1764
1,001957	0,4672
1,002826	0,7126
1,003695	0,8951
1,004564	0,9989
1,005433	1,0257
1,006302	0,9912
1,007171	0,9043
1,008040	0,7556
1,008909	0,5292
1,009778	0,2588
1,010647	-0,0333
1,011516	-0,3369
1,012385	-0,6302
1,013254	-0,8582
1,014123	-0,9915
1,014992	-1,0587
1,015861	-1,0453
1,016730	-0,9680
1,017599	-0,8411
1,018468	-0,6549
1,019337	-0,4080
1,020206	-0,1315
1,021075	0,1590
1,021944	0,4648
1,022813	0,7395
1,023682	0,9296
1,024551	1,0410
1,025420	1,0642
1,026289	0,9980
1,027158	0,8832
1,028027	0,7309
1,028896	0,5155
1,029765	0,2551
1,030634	-0,0259
1,031503	-0,3250
1,032372	-0,6220
1,033241	-0,8609
1,034110	-1,0138
1,034979	-1,0877
1,035848	-1,0678
1,036717	-0,9809
1,037586	-0,8469
1,038455	-0,6626
1,039324	-0,4187
1,040193	-0,1428
1,041062	0,1450
1,041931	0,4483
1,042800	0,7154
1,043669	0,9061
1,044538	1,0150
1,045407	1,0352
1,046276	0,9769
1,047145	0,8719
1,048014	0,7208
1,048883	0,5060
1,049752	0,2481
1,050621	-0,0357
1,051490	-0,3400
1,052359	-0,6363
1,053228	-0,8640
1,054097	-0,9943
1,054966	-1,0535
1,055835	-1,0404
1,056704	-0,9702
1,057573	-0,8545
1,058442	-0,6684
1,059311	-0,4147
1,060180	-0,1184
1,061049	0,1865
1,061918	0,4846
1,062787	0,7288
1,063656	0,8997
1,064525	0,9955
1,065394	1,0251
1,066263	0,9958
1,067132	0,9207
1,068001	0,7691
1,068870	0,5252
1,069739	0,2377
1,070608	-0,0653
1,071477	-0,3632
1,072346	-0,6168
1,073215	-0,8133
1,074084	-0,9610
1,074953	-1,0385
1,075822	-1,0627
1,076691	-1,0242
1,077560	-0,8890
1,078429	-0,6604
1,079298	-0,3870
1,080167	-0,0830
1,081036	0,2008
1,081905	0,4422
1,082774	0,6589
1,083643	0,8536
1,084512	0,9879
1,085381	1,0559
1,086250	1,0404
1,087119	0,9149
1,087988	0,7059
1,088857	0,4578
1,089726	0,1871
1,090595	-0,0781
1,091464	-0,3308
1,092333	-0,5918
1,093202	-0,8289
1,094071	-1,0117
1,094940	-1,1002
1,095809	-1,1029
1,096678	-0,9925
1,097547	-0,8267
1,098416	-0,6330
1,099285	-0,3961
1,100154	-0,1321
1,101023	0,1379
1,101892	0,4401
1,102761	0,7132
1,103630	0,9009
1,104499	1,0099
1,105368	1,0218
1,106237	0,9705
1,107106	0,8829
1,107975	0,7404
1,108844	0,5118
1,109713	0,2377
1,110582	-0,0693
1,111451	-0,3708
1,112320	-0,6217
1,113189	-0,8124
1,114058	-0,9461
1,114927	-1,0260
1,115796	-1,0578
1,116665	-1,0175
1,117534	-0,8679
1,118403	-0,6317
1,119272	-0,3546
1,120141	-0,0629
1,121010	0,1953
1,121879	0,4337
1,122748	0,6742
1,123617	0,8896
1,124486	1,0233
1,125355	1,0822
1,126224	1,0227
1,127093	0,8716
1,127962	0,6946
1,128831	0,4840
1,129700	0,2359
1,130569	-0,0296
1,131438	-0,3256
1,132307	-0,6238
1,133176	-0,8432
1,134045	-0,9803
1,134914	-1,0312
1,135783	-1,0242
1,136652	-0,9803
1,137521	-0,8710
1,138390	-0,6604
1,139259	-0,3879
1,140128	-0,0827
1,140997	0,2048
1,141866	0,4434
1,142735	0,6595
1,143604	0,8524
1,144473	0,9912
1,145342	1,0569
1,146211	1,0254
1,147080	0,8765
1,147949	0,6790
1,148818	0,4544
1,149687	0,2087
1,150556	-0,0519
1,151425	-0,3339
1,152294	-0,6293
1,153163	-0,8603
1,154032	-0,9970
1,154901	-1,0440
1,155770	-1,0260
1,156639	-0,9763
1,157508	-0,8719
1,158377	-0,6632
1,159246	-0,3888
1,160115	-0,0818
1,160984	0,2017
1,161853	0,4355
1,162722	0,6546
1,163591	0,8499
1,164460	0,9919
1,165329	1,0559
1,166198	1,0062
1,167067	0,8539
1,167936	0,6735
1,168805	0,4611
1,169674	0,2225
1,170543	-0,0436
1,171412	-0,3470
1,172281	-0,6388
1,173150	-0,8396
1,174019	-0,9568
1,174888	-1,0132
1,175757	-1,0294
1,176626	-0,9973
1,177495	-0,8637
1,178364	-0,6244
1,179233	-0,3470
1,180102	-0,0650
1,180971	0,1776
1,181840	0,4181
1,182709	0,6760
1,183578	0,8957
1,184447	1,0218
1,185316	1,0437
1,186185	0,9665
1,187054	0,8563
1,187923	0,7169
1,188792	0,4999
1,189661	0,2246
1,190530	-0,0839
1,191399	-0,3690
1,192268	-0,5988
1,193137	-0,7843
1,194006	-0,9412
1,194875	-1,0407
1,195744	-1,0697
1,196613	-0,9763
1,197482	-0,7959
1,198351	-0,5914
1,199220	-0,3589
1,200089	-0,1053
1,200958	0,1718
1,201827	0,4743
1,202696	0,7251
1,203565	0,8814
1,204434	0,9616
1,205303	0,9973
1,206172	0,9970
1,207041	0,9110
1,207910	0,7013
1,208779	0,4468
1,209648	0,1791
1,210517	-0,0665
1,211386	-0,3128
1,212255	-0,5951
1,213124	-0,8414
1,213993	-0,9827
1,214862	-1,0337
1,215731	-1,0056
1,216600	-0,9552
1,217469	-0,8502
1,218338	-0,6369
1,219207	-0,3659
1,220076	-0,0571
1,220945	0,1965
1,221814	0,4218
1,222683	0,6616
1,223552	0,8798
1,224421	1,0092
1,225290	1,0248
1,226159	0,9415
1,227028	0,8374
1,227897	0,7038
1,228766	0,4791
1,229635	0,1947
1,230504	-0,1117
1,231373	-0,3720
1,232242	-0,5896
1,233111	-0,7944
1,233980	-0,9787
1,234849	-1,0660
1,235718	-1,0623
1,236587	-0,9403
1,237456	-0,7981
1,238325	-0,6275
1,239194	-0,3867
1,240063	-0,0940
1,240932	0,2109
1,241801	0,4611
1,242670	0,6552
1,243539	0,8359
1,244408	0,9763
1,245277	1,0358
1,246146	0,9745
1,247015	0,8225
1,247884	0,6604
1,248753	0,4624
1,249622	0,2106
1,250491	-0,0882
1,251360	-0,3870
1,252229	-0,6149
1,253098	-0,7898
1,253967	-0,9412
1,254836	-1,0453
1,255705	-1,0666
1,256574	-0,9491
1,257443	-0,7788
1,258312	-0,6018
1,259181	-0,3766
1,260050	-0,1004
1,260919	0,2060
1,261788	0,4721
1,262657	0,6668
1,263526	0,8365
1,264395	0,9662
1,265264	1,0297
1,266133	0,9742
1,267002	0,8188
1,267871	0,6549
1,268740	0,4569
1,269609	0,2100
1,270478	-0,0909
1,271347	-0,3821
1,272216	-0,5985
1,273085	-0,7794
1,273954	-0,9461
1,274823	-1,0474
1,275692	-1,0504
1,276561	-0,9201
1,277430	-0,7755
1,278299	-0,6098
1,279168	-0,3705
1,280037	-0,0769
1,280906	0,2228
1,281775	0,4520
1,282644	0,6552
1,283513	0,8499
1,284382	0,9915
1,285251	1,0312
1,286120	0,9360
1,286989	0,8200
1,287858	0,6879
1,288727	0,4678
1,289596	0,1831
1,290465	-0,1190
1,291334	-0,3476
1,292203	-0,5689
1,293072	-0,7996
1,293941	-0,9720
1,294810	-1,0321
1,295679	-0,9851
1,296548	-0,9134
1,297417	-0,8182
1,298286	-0,6058
1,299155	-0,3250
1,300024	-0,0394
1,300893	0,1898
1,301762	0,4248
1,302631	0,6937
1,303500	0,8838
1,304369	0,9711
1,305238	0,9644
1,306107	0,9436
1,306976	0,8734
1,307845	0,6705
1,308714	0,4157
1,309583	0,1630
1,310452	-0,0723
1,311321	-0,3342
1,312190	-0,6287
1,313059	-0,8222
1,313928	-0,9201
1,314797	-0,9833
1,315666	-1,0230
1,316535	-0,9607
1,317404	-0,7666
1,318273	-0,5594
1,319142	-0,3406
1,320011	-0,0845
1,320880	0,2127
1,321749	0,4831
1,322618	0,6714
1,323487	0,8310
1,324356	0,9592
1,325225	1,0193
1,326094	0,9406
1,326963	0,7996
1,327832	0,6638
1,328701	0,4541
1,329570	0,1737
1,330439	-0,1257
1,331308	-0,3543
1,332177	-0,5737
1,333046	-0,8060
1,333915	-0,9650
1,334784	-1,0031
1,335653	-0,9641
1,336522	-0,9232
1,337391	-0,8084
1,338260	-0,5722
1,339129	-0,3006
1,339998	-0,0555
1,340867	0,1770
1,341736	0,4660
1,342605	0,7074
1,343474	0,8377
1,344343	0,9156
1,345212	0,9793
1,346081	0,9705
1,346950	0,8084
1,347819	0,6241
1,348688	0,4306
1,349557	0,1892
1,350426	-0,1141
1,351295	-0,3845
1,352164	-0,5829
1,353033	-0,7782
1,353902	-0,9522
1,354771	-1,0193
1,355640	-0,9656
1,356509	-0,8927
1,357378	-0,7953
1,358247	-0,5792
1,359116	-0,2985
1,359985	-0,0415
1,360854	0,1804
1,361723	0,4505
1,362592	0,7053
1,363461	0,8429
1,364330	0,9180
1,365199	0,9598
1,366068	0,9601
1,366937	0,8005
1,367806	0,6131
1,368675	0,4224
1,369544	0,1801
1,370413	-0,1230
1,371282	-0,3839
1,372151	-0,5795
1,373020	-0,7816
1,373889	-0,9552
1,374758	-1,0111
1,375627	-0,9525
1,376496	-0,8991
1,377365	-0,7929
1,378234	-0,5594
1,379103	-0,2896
1,379972	-0,0519
1,380841	0,1843
1,381710	0,4712
1,382579	0,6943
1,383448	0,8191
1,384317	0,9174
1,385186	0,9833
1,386055	0,9290
1,386924	0,7691
1,387793	0,6269
1,388662	0,4254
1,389531	0,1489
1,390400	-0,1413
1,391269	-0,3491
1,392138	-0,5850
1,393007	-0,8228
1,393876	-0,9473
1,394745	-0,9607
1,395614	-0,9708
1,396483	-0,9330
1,397352	-0,7450
1,398221	-0,5292
1,399090	-0,3165
1,399959	-0,0656
1,400828	0,2344
1,401697	0,4636
1,402566	0,6424
1,403435	0,8319
1,404304	0,9552
1,405173	0,9467
1,406042	0,8725
1,406911	0,8081
1,407780	0,6302
1,408649	0,3745
1,409518	0,1331
1,410387	-0,0937
1,411256	-0,3754
1,412125	-0,6275
1,412994	-0,7721
1,413863	-0,9000
1,414732	-1,0016
1,415601	-0,9803
1,416470	-0,8548
1,417339	-0,7535
1,418208	-0,5643
1,419077	-0,2875
1,419946	-0,0214
1,420815	0,1856
1,421684	0,4498
1,422553	0,6922
1,423422	0,8112
1,424291	0,8908
1,425160	0,9568
1,426029	0,9024
1,426898	0,7443
1,427767	0,6079
1,428636	0,4016
1,429505	0,1175
1,430374	-0,1431
1,431243	-0,3412
1,432112	-0,6040
1,432981	-0,8164
1,433850	-0,9015
1,434719	-0,9482
1,435588	-0,9870
1,436457	-0,8805
1,437326	-0,7019
1,438195	-0,5441
1,439064	-0,3101
1,439933	-0,0119
1,440802	0,2240
1,441671	0,4251
1,442540	0,6763
1,443409	0,8390
1,444278	0,8844
1,445147	0,9186
1,446016	0,9116
1,446885	0,7480
1,447754	0,5731
1,448623	0,3897
1,449492	0,1355
1,450361	-0,1529
1,451230	-0,3513
1,452099	-0,5795
1,452968	-0,8097
1,453837	-0,9085
1,454706	-0,9262
1,455575	-0,9580
1,456444	-0,8768
1,457313	-0,6858
1,458182	-0,5216
1,459051	-0,3003
1,459920	-0,0040
1,460789	0,2313
1,461658	0,4306
1,462527	0,6845
1,463396	0,8374
1,464265	0,8826
1,465134	0,9183
1,466003	0,9003
1,466872	0,7361
1,467741	0,5789
1,468610	0,3931
1,469479	0,1199
1,470348	-0,1489
1,471217	-0,3415
1,472086	-0,5927
1,472955	-0,7892
1,473824	-0,8701
1,474693	-0,9183
1,475562	-0,9543
1,476431	-0,8258
1,477300	-0,6790
1,478169	-0,5194
1,479038	-0,2612
1,479907	0,0189
1,480776	0,2127
1,481645	0,4663
1,482514	0,6973
1,483383	0,7993
1,484252	0,8933
1,485121	0,9516
1,485990	0,8502
1,486859	0,7361
1,487728	0,6073
1,488597	0,3598
1,489466	0,1028
1,490335	-0,1022
1,491204	-0,3644
1,492073	-0,5994
1,492942	-0,7337
1,493811	-0,8728
1,494680	-0,9467
1,495549	-0,8774
1,496418	-0,8139
1,497287	-0,6992
1,498156	-0,4672
1,499025	-0,2383
1,499894	-0,0247
1,500763	0,2554
1,501632	0,4697
1,502501	0,6296
1,503370	0,8264
1,504239	0,9073
1,505108	0,8673
1,505977	0,8621
1,506846	0,7401
1,507715	0,5353
1,508584	0,3555
1,509453	0,1181
1,510322	-0,1706
1,511191	-0,3562
1,512060	-0,5841
1,512929	-0,7929
1,513798	-0,8664
1,514667	-0,9104
1,515536	-0,9314
1,516405	-0,7984
1,517274	-0,6717
1,518143	-0,5075
1,519012	-0,2387
1,519881	-0,0003
1,520750	0,2042
1,521619	0,4700
1,522488	0,6412
1,523357	0,7599
1,524226	0,8741
1,525095	0,8719
1,525964	0,7843
1,526833	0,7187
1,527702	0,5243
1,528571	0,2954
1,529440	0,0946
1,530309	-0,1770
1,531178	-0,4093
1,532047	-0,5771
1,532916	-0,7920
1,533785	-0,8982
1,534654	-0,8945
1,535523	-0,9235
1,536392	-0,8209
1,537261	-0,6497
1,538130	-0,4999
1,538999	-0,2512
1,539868	0,0113
1,540737	0,1962
1,541606	0,4523
1,542475	0,6452
1,543344	0,7544
1,544213	0,8658
1,545082	0,8597
1,545951	0,7706
1,546820	0,7050
1,547689	0,5152
1,548558	0,2960
1,549427	0,1032
1,550296	-0,1709
1,551165	-0,3842
1,552034	-0,5600
1,552903	-0,7654
1,553772	-0,8493
1,554641	-0,8570
1,555510	-0,8875
1,556379	-0,7562
1,557248	-0,6211
1,558117	-0,4581
1,558986	-0,1883
1,559855	0,0323
1,560724	0,2426
1,561593	0,4984
1,562462	0,6351
1,563331	0,7898
1,564200	0,8884
1,565069	0,8368
1,565938	0,8176
1,566807	0,6992
1,567676	0,5033
1,568545	0,3360
1,569414	0,0897
1,570283	-0,1602
1,571152	-0,3311
1,572021	-0,5802
1,572890	-0,7242
1,573759	-0,8026
1,574628	-0,8826
1,575497	-0,8188
1,576366	-0,7376
1,577235	-0,6232
1,578104	-0,4025
1,578973	-0,2075
1,579842	0,0168
1,580711	0,2762
1,581580	0,4343
1,582449	0,6424
1,583318	0,7779
1,584187	0,7917
1,585056	0,8475
1,585925	0,7541
1,586794	0,6311
1,587663	0,4981
1,588532	0,2545
1,589401	0,0446
1,590270	-0,1700
1,591139	-0,4245
1,592008	-0,5704
1,592877	-0,7611
1,593746	-0,8676
1,594615	-0,8515
1,595484	-0,8783
1,596353	-0,7492
1,597222	-0,6162
1,598091	-0,4553
1,598960	-0,1965
1,599829	-0,0040
1,600698	0,2191
1,601567	0,4459
1,602436	0,5829
1,603305	0,7495
1,604174	0,8002
1,605043	0,7755
1,605912	0,7578
1,606781	0,6009
1,607650	0,4691
1,608519	0,2762
1,609388	0,0266
1,610257	-0,1471
1,611126	-0,3867
1,611995	-0,5615
1,612864	-0,6915
1,613733	-0,8145
1,614602	-0,8011
1,615471	-0,7904
1,616340	-0,7077
1,617209	-0,5393
1,618078	-0,3919
1,618947	-0,1465
1,619816	0,0690
1,620685	0,2603
1,621554	0,4968
1,622423	0,6091
1,623292	0,7645
1,624161	0,8194
1,625030	0,7794
1,625899	0,7706
1,626768	0,6018
1,627637	0,4718
1,628506	0,2744
1,629375	0,0278
1,630244	-0,1456
1,631113	-0,3952
1,631982	-0,5454
1,632851	-0,6955
1,633720	-0,8060
1,634589	-0,7941
1,635458	-0,8072
1,636327	-0,6882
1,637196	-0,5615
1,638065	-0,3998
1,638934	-0,1584
1,639803	0,0171
1,640672	0,2499
1,641541	0,4166
1,642410	0,5655
1,643279	0,7141
1,644148	0,7233
1,645017	0,7471
1,645886	0,6644
1,646755	0,5432
1,647624	0,4151
1,648493	0,1907
1,649362	0,0189
1,650231	-0,2115
1,651100	-0,3970
1,651969	-0,5502
1,652838	-0,7196
1,653707	-0,7605
1,654576	-0,7999
1,655445	-0,7508
1,656314	-0,6525
1,657183	-0,5399
1,658052	-0,3250
1,658921	-0,1541
1,659790	0,0900
1,660659	0,2719
1,661528	0,4459
1,662397	0,6314
1,663266	0,6973
1,664135	0,7889
1,665004	0,7382
1,665873	0,6952
1,666742	0,5847
1,667611	0,4108
1,668480	0,2573
1,669349	0,0122
1,670218	-0,1547
1,671087	-0,3656
1,671956	-0,5286
1,672825	-0,6461
1,673694	-0,7523
1,674563	-0,7273
1,675432	-0,7416
1,676301	-0,6207
1,677170	-0,5115
1,678039	-0,3449
1,678908	-0,1312
1,679777	0,0351
1,680646	0,2570
1,681515	0,3851
1,682384	0,5582
1,683253	0,6516
1,684122	0,6781
1,684991	0,6922
1,685860	0,5860
1,686729	0,5130
1,687598	0,3360
1,688467	0,1801
1,689336	-0,0208
1,690205	-0,2219
1,691074	-0,3726
1,691943	-0,5576
1,692812	-0,6369
1,693681	-0,7389
1,694550	-0,7093
1,695419	-0,6949
1,696288	-0,5933
1,697157	-0,4517
1,698026	-0,3055
1,698895	-0,0766
1,699764	0,0803
1,700633	0,2985
1,701502	0,4285
1,702371	0,5905
1,703240	0,6784
1,704109	0,6961
1,704978	0,7108
1,705847	0,6043
1,706716	0,5325
1,707585	0,3488
1,708454	0,2005
1,709323	-0,0153
1,710192	-0,1914
1,711061	-0,3616
1,711930	-0,5203
1,712799	-0,6198
1,713668	-0,7221
1,714537	-0,6864
1,715406	-0,6925
1,716275	-0,5683
1,717144	-0,4782
1,718013	-0,3021
1,718882	-0,1263
1,719751	0,0571
1,720620	0,2338
1,721489	0,3690
1,722358	0,5261
1,723227	0,5817
1,724096	0,6497
1,724965	0,5972
1,725834	0,5698
1,726703	0,4419
1,727572	0,3214
1,728441	0,1541
1,729310	-0,0247
1,730179	-0,1813
1,731048	-0,3513
1,731917	-0,4608
1,732786	-0,5979
1,733655	-0,6198
1,734524	-0,6565
1,735393	-0,5765
1,736262	-0,5167
1,737131	-0,3827
1,738000	-0,2371
1,738869	-0,0693
1,739738	0,1209
1,740607	0,2561
1,741476	0,4163
1,742345	0,5045
1,743214	0,6122
1,744083	0,6003
1,744952	0,6134
1,745821	0,5063
1,746690	0,4263
1,747559	0,2701
1,748428	0,1178
1,749297	-0,0595
1,750166	-0,2246
1,751035	-0,3659
1,751904	-0,5121
1,752773	-0,5878
1,753642	-0,6687
1,754511	-0,6241
1,755380	-0,6183
1,756249	-0,4975
1,757118	-0,4105
1,757987	-0,2268
1,758856	-0,0861
1,759725	0,1141
1,760594	0,2380
1,761463	0,3989
1,762332	0,4935
1,763201	0,5826
1,764070	0,6024
1,764939	0,5783
1,765808	0,5139
1,766677	0,4083
1,767546	0,2963
1,768415	0,1267
1,769284	-0,0119
1,770153	-0,1947
1,771022	-0,3037
1,771891	-0,4547
1,772760	-0,5176
1,773629	-0,5966
1,774498	-0,5640
1,775367	-0,5646
1,776236	-0,4535
1,777105	-0,3800
1,777974	-0,2191
1,778843	-0,0909
1,779712	0,0855
1,780581	0,2011
1,781450	0,3418
1,782319	0,4312
1,783188	0,5069
1,784057	0,5161
1,784926	0,5060
1,785795	0,4404
1,786664	0,3525
1,787533	0,2368
1,788402	0,0967
1,789271	-0,0388
1,790140	-0,1877
1,791009	-0,2942
1,791878	-0,4187
1,792747	-0,4828
1,793616	-0,5414
1,794485	-0,5081
1,795354	-0,4883
1,796223	-0,3946
1,797092	-0,3156
1,797961	-0,1648
1,798830	-0,0464
1,799699	0,1215
1,800568	0,2142
1,801437	0,3461
1,802306	0,4126
1,803175	0,4947
1,804044	0,4764
1,804913	0,4749
1,805782	0,3842
1,806651	0,3192
1,807520	0,1810
1,808389	0,0778
1,809258	-0,0891
1,810127	-0,1923
1,810996	-0,3265
1,811865	-0,3992
1,812734	-0,4978
1,813603	-0,4993
1,814472	-0,5158
1,815341	-0,4447
1,816210	-0,3970
1,817079	-0,2689
1,817948	-0,1733
1,818817	-0,0122
1,819686	0,0937
1,820555	0,2365
1,821424	0,3104
1,822293	0,4236
1,823162	0,4483
1,824031	0,4849
1,824900	0,4276
1,825769	0,3967
1,826638	0,2844
1,827507	0,2020
1,828376	0,0534
1,829245	-0,0507
1,830114	-0,2005
1,830983	-0,2765
1,831852	-0,3989
1,832721	-0,4395
1,833590	-0,4999
1,834459	-0,4627
1,835328	-0,4492
1,836197	-0,3558
1,837066	-0,2863
1,837935	-0,1514
1,838804	-0,0464
1,839673	0,1028
1,840542	0,1856
1,841411	0,3000
1,842280	0,3598
1,843149	0,4346
1,844018	0,4251
1,844887	0,4181
1,845756	0,3476
1,846625	0,2850
1,847494	0,1782
1,848363	0,0769
1,849232	-0,0516
1,850101	-0,1526
1,850970	-0,2496
1,851839	-0,3375
1,852708	-0,4025
1,853577	-0,4306
1,854446	-0,4230
1,855315	-0,3961
1,856184	-0,3305
1,857053	-0,2594
1,857922	-0,1532
1,858791	-0,0519
1,859660	0,0769
1,860529	0,1520
1,861398	0,2490
1,862267	0,3043
1,863136	0,3726
1,864005	0,3580
1,864874	0,3635
1,865743	0,2969
1,866612	0,2527
1,867481	0,1523
1,868350	0,0748
1,869219	-0,0494
1,870088	-0,1312
1,870957	-0,2249
1,871826	-0,2881
1,872695	-0,3580
1,873564	-0,3778
1,874433	-0,3763
1,875302	-0,3400
1,876171	-0,2905
1,877040	-0,2203
1,877909	-0,1312
1,878778	-0,0351
1,879647	0,0687
1,880516	0,1453
1,881385	0,2258
1,882254	0,2774
1,883123	0,3262
1,883992	0,3238
1,884861	0,3183
1,885730	0,2582
1,886599	0,2149
1,887468	0,1224
1,888337	0,0519
1,889206	-0,0583
1,890075	-0,1294
1,890944	-0,2213
1,891813	-0,2722
1,892682	-0,3412
1,893551	-0,3439
1,894420	-0,3415
1,895289	-0,3061
1,896158	-0,2591
1,897027	-0,1947
1,897896	-0,1086
1,898765	-0,0238
1,899634	0,0757
1,900503	0,1346
1,901372	0,2112
1,902241	0,2554
1,903110	0,3070
1,903979	0,2921
1,904848	0,2887
1,905717	0,2322
1,906586	0,1892
1,907455	0,1086
1,908324	0,0375
1,909193	-0,0549
1,910062	-0,1276
1,910931	-0,1944
1,911800	-0,2615
1,912669	-0,3043
1,913538	-0,3269
1,914407	-0,3027
1,915276	-0,2887
1,916145	-0,2298
1,917014	-0,1834
1,917883	-0,0949
1,918752	-0,0229
1,919621	0,0763
1,920490	0,1260
1,921359	0,1999
1,922228	0,2393
1,923097	0,2853
1,923966	0,2792
1,924835	0,2573
1,925704	0,2210
1,926573	0,1657
1,927442	0,1065
1,928311	0,0232
1,929180	-0,0504
1,930049	-0,1361
1,930918	-0,1810
1,931787	-0,2551
1,932656	-0,2814
1,933525	-0,3207
1,934394	-0,2908
1,935263	-0,2774
1,936132	-0,2219
1,937001	-0,1721
1,937870	-0,0983
1,938739	-0,0189
1,939608	0,0613
1,940477	0,1267
1,941346	0,1706
1,942215	0,2368
1,943084	0,2545
1,943953	0,2753
1,944822	0,2402
1,945691	0,2188
1,946560	0,1563
1,947429	0,1090
1,948298	0,0314
1,949167	-0,0388
1,950036	-0,1123
1,950905	-0,1675
1,951774	-0,2200
1,952643	-0,2716
1,953512	-0,2866
1,954381	-0,2841
1,955250	-0,2499
1,956119	-0,2246
1,956988	-0,1584
1,957857	-0,1083
1,958726	-0,0223
1,959595	0,0470
1,960464	0,1077
1,961333	0,1566
1,962202	0,2078
1,963071	0,2383
1,963940	0,2408
1,964809	0,2368
1,965678	0,1920
1,966547	0,1596
1,967416	0,0934
1,968285	0,0412
1,969154	-0,0415
1,970023	-0,0989
1,970892	-0,1593
1,971761	-0,2072
1,972630	-0,2551
1,973499	-0,2686
1,974368	-0,2664
1,975237	-0,2478
1,976106	-0,2033
1,976975	-0,1669
1,977844	-0,0967
1,978713	-0,0388
1,979582	0,0436
1,980451	0,0903
1,981320	0,1450
1,982189	0,1874
1,983058	0,2231
1,983927	0,2313
1,984796	0,2182
1,985665	0,1944
1,986534	0,1456
1,987403	0,1080
1,988272	0,0363
1,989141	-0,0168
1,990010	-0,0919
1,990879	-0,1263
1,991748	-0,1904
1,992617	-0,2252
1,993486	-0,2472
1,994355	-0,2441
1,995224	-0,2286
1,996093	-0,2054
1,996962	-0,1541
1,997831	-0,1108
1,998700	-0,0342
1,999569	0,0201
2,000438	0,0821
2,001307	0,1245
2,002176	0,1770
2,003045	0,2023
2,003914	0,2097
2,004783	0,2054
2,005652	0,1752
2,006521	0,1453
2,007390	0,0922
2,008259	0,0467
2,009128	-0,0272
2,009997	-0,0729
2,010866	-0,1282
2,011735	-0,1737
2,012604	-0,2231
2,013473	-0,2326
2,014342	-0,2341
2,015211	-0,2243
2,016080	-0,1910
2,016949	-0,1590
2,017818	-0,0983
2,018687	-0,0461
2,019556	0,0284
2,020425	0,0653
2,021294	0,1202
2,022163	0,1587
2,023032	0,2005
2,023901	0,2051
2,024770	0,1901
2,025639	0,1746
2,026508	0,1355
2,027377	0,1022
2,028246	0,0403
2,029115	-0,0089
2,029984	-0,0732
2,030853	-0,1096
2,031722	-0,1666
2,032591	-0,2029
2,033460	-0,2234
2,034329	-0,2200
2,035198	-0,2081
2,036067	-0,1920
2,036936	-0,1486
2,037805	-0,1102
2,038674	-0,0412
2,039543	0,0095
2,040412	0,0632
2,041281	0,1028
2,042150	0,1517
2,043019	0,1791
2,043888	0,1895
2,044757	0,1868
2,045626	0,1587
2,046495	0,1352
2,047364	0,0885
2,048233	0,0479
2,049102	-0,0189
2,049971	-0,0632
2,050840	-0,1114
2,051709	-0,1566
2,052578	-0,2036
2,053447	-0,2164
2,054316	-0,2206
2,055185	-0,2097
2,056054	-0,1776
2,056923	-0,1511
2,057792	-0,0967
2,058661	-0,0479
2,059530	0,0201
2,060399	0,0577
2,061268	0,1059
2,062137	0,1462
2,063006	0,1840
2,063875	0,1877
2,064744	0,1770
2,065613	0,1642
2,066482	0,1245
2,067351	0,0967
2,068220	0,0394
2,069089	-0,0049
2,069958	-0,0668
2,070827	-0,1016
2,071696	-0,1517
2,072565	-0,1932
2,073434	-0,2054
2,074303	-0,2142
2,075172	-0,1947
2,076041	-0,1819
2,076910	-0,1404
2,077779	-0,1074
2,078648	-0,0433
2,079517	0,0079
2,080386	0,0595
2,081255	0,0946
2,082124	0,1389
2,082993	0,1776
2,083862	0,1767
2,084731	0,1816
2,085600	0,1486
2,086469	0,1285
2,087338	0,0833
2,088207	0,0455
2,089076	-0,0156
2,089945	-0,0595
2,090814	-0,1083
2,091683	-0,1511
2,092552	-0,1837
2,093421	-0,2042
2,094290	-0,2057
2,095159	-0,2033
2,096028	-0,1685
2,096897	-0,1450
2,097766	-0,0931
2,098635	-0,0446
2,099504	0,0220
2,100373	0,0592
2,101242	0,1013
2,102111	0,1444
2,102980	0,1694
2,103849	0,1868
2,104718	0,1679
2,105587	0,1581
2,106456	0,1169
2,107325	0,0891
2,108194	0,0351
2,109063	-0,0122
2,109932	-0,0671
2,110801	-0,1038
2,111670	-0,1483
2,112539	-0,1862
2,113408	-0,2005
2,114277	-0,2097
2,115146	-0,1883
2,116015	-0,1758
2,116884	-0,1340
2,117753	-0,1001
2,118622	-0,0412
2,119491	0,0092
2,120360	0,0571
2,121229	0,1007
2,122098	0,1325
2,122967	0,1691
2,123836	0,1718
2,124705	0,1776
2,125574	0,1444
2,126443	0,1227
2,127312	0,0793
2,128181	0,0388
2,129050	-0,0174
2,129919	-0,0659
2,130788	-0,1025
2,131657	-0,1511
2,132526	-0,1828
2,133395	-0,2124
2,134264	-0,1996
2,135133	-0,1971
2,136002	-0,1639
2,136871	-0,1379
2,137740	-0,0897
2,138609	-0,0385
2,139478	0,0198
2,140347	0,0644
2,141216	0,0974
2,142085	0,1462
2,142954	0,1651
2,143823	0,1828
2,144692	0,1657
2,145561	0,1538
2,146430	0,1147
2,147299	0,0839
2,148168	0,0336
2,149037	-0,0195
2,149906	-0,0678
2,150775	-0,1108
2,151644	-0,1486
2,152513	-0,1910
2,153382	-0,1996
2,154251	-0,2094
2,155120	-0,1877
2,155989	-0,1721
2,156858	-0,1349
2,157727	-0,0943
2,158596	-0,0409
2,159465	0,0171
2,160334	0,0510
2,161203	0,0958
2,162072	0,1321
2,162941	0,1746
2,163810	0,1733
2,164679	0,1700
2,165548	0,1447
2,166417	0,1190
2,167286	0,0812
2,168155	0,0345
2,169024	-0,0168
2,169893	-0,0714
2,170762	-0,1028
2,171631	-0,1547
2,172500	-0,1816
2,173369	-0,2145
2,174238	-0,1981
2,175107	-0,1920
2,175976	-0,1642
2,176845	-0,1346
2,177714	-0,0928
2,178583	-0,0333
2,179452	0,0201
2,180321	0,0678
2,181190	0,0989
2,182059	0,1477
2,182928	0,1666
2,183797	0,1868
2,184666	0,1688
2,185535	0,1508
2,186404	0,1181
2,187273	0,0793
2,188142	0,0351
2,189011	-0,0278
2,189880	-0,0659
2,190749	-0,1132
2,191618	-0,1486
2,192487	-0,1990
2,193356	-0,2048
2,194225	-0,2109
2,195094	-0,1907
2,195963	-0,1691
2,196832	-0,1386
2,197701	-0,0922
2,198570	-0,0433
2,199439	0,0189
2,200308	0,0519
2,201177	0,1007
2,202046	0,1321
2,202915	0,1743
2,203784	0,1761
2,204653	0,1688
2,205522	0,1492
2,206391	0,1166
2,207260	0,0861
2,208129	0,0333
2,208998	-0,0131
2,209867	-0,0729
2,210736	-0,1004
2,211605	-0,1535
2,212474	-0,1828
2,213343	-0,2066
2,214212	-0,2048
2,215081	-0,1910
2,215950	-0,1709
2,216819	-0,1315
2,217688	-0,0964
2,218557	-0,0323
2,219426	0,0159
2,220295	0,0656
2,221164	0,0980
2,222033	0,1459
2,222902	0,1733
2,223771	0,1865
2,224640	0,1761
2,225509	0,1489
2,226378	0,1245
2,227247	0,0793
2,228116	0,0409
2,228985	-0,0211
2,229854	-0,0632
2,230723	-0,1117
2,231592	-0,1495
2,232461	-0,1895
2,233330	-0,2072
2,234199	-0,2036
2,235068	-0,1975
2,235937	-0,1672
2,236806	-0,1440
2,237675	-0,0925
2,238544	-0,0467
2,239413	0,0177
2,240282	0,0516
2,241151	0,0958
2,242020	0,1349
2,242889	0,1611
2,243758	0,1733
2,244627	0,1657
2,245496	0,1550
2,246365	0,1175
2,247234	0,0897
2,248103	0,0357
2,248972	-0,0101
2,249841	-0,0659
2,250710	-0,1007
2,251579	-0,1486
2,252448	-0,1865
2,253317	-0,2017
2,254186	-0,2063
2,255055	-0,1883
2,255924	-0,1749
2,256793	-0,1337
2,257662	-0,0998
2,258531	-0,0381
2,259400	0,0140
2,260269	0,0604
2,261138	0,0983
2,262007	0,1398
2,262876	0,1773
2,263745	0,1801
2,264614	0,1822
2,265483	0,1489
2,266352	0,1279
2,267221	0,0830
2,268090	0,0427
2,268959	-0,0159
2,269828	-0,0638
2,270697	-0,1047
2,271566	-0,1520
2,272435	-0,1813
2,273304	-0,2103
2,274173	-0,2011
2,275042	-0,2008
2,275911	-0,1691
2,276780	-0,1453
2,277649	-0,0977
2,278518	-0,0476
2,279387	0,0073
2,280256	0,0531
2,281125	0,0891
2,281994	0,1337
2,282863	0,1605
2,283732	0,1807
2,284601	0,1675
2,285470	0,1559
2,286339	0,1215
2,287208	0,0919
2,288077	0,0455
2,288946	-0,0098
2,289815	-0,0571
2,290684	-0,1016
2,291553	-0,1410
2,292422	-0,1862
2,293291	-0,1932
2,294160	-0,2060
2,295029	-0,1898
2,295898	-0,1749
2,296767	-0,1407
2,297636	-0,0986
2,298505	-0,0470
2,299374	0,0125
2,300243	0,0497
2,301112	0,0970
2,301981	0,1309
2,302850	0,1764
2,303719	0,1697
2,304588	0,1801
2,305457	0,1526
2,306326	0,1263
2,307195	0,0897
2,308064	0,0409
2,308933	-0,0095
2,309802	-0,0656
2,310671	-0,0967
2,311540	-0,1514
2,312409	-0,1779
2,313278	-0,2094
2,314147	-0,2036
2,315016	-0,1971
2,315885	-0,1746
2,316754	-0,1428
2,317623	-0,1056
2,318492	-0,0452
2,319361	-0,0027
2,320230	0,0525
2,321099	0,0827
2,321968	0,1340
2,322837	0,1569
2,323706	0,1779
2,324575	0,1688
2,325444	0,1526
2,326313	0,1291
2,327182	0,0894
2,328051	0,0510
2,328920	-0,0092
2,329789	-0,0510
2,330658	-0,0967
2,331527	-0,1367
2,332396	-0,1825
2,333265	-0,1984
2,334134	-0,2029
2,335003	-0,1968
2,335872	-0,1715
2,336741	-0,1462
2,337610	-0,0977
2,338479	-0,0522
2,339348	0,0125
2,340217	0,0467
2,341086	0,0922
2,341955	0,1306
2,342824	0,1675
2,343693	0,1785
2,344562	0,1694
2,345431	0,1559
2,346300	0,1224
2,347169	0,0949
2,348038	0,0403
2,348907	-0,0043
2,349776	-0,0626
2,350645	-0,0955
2,351514	-0,1459
2,352383	-0,1816
2,353252	-0,1996
2,354121	-0,2020
2,354990	-0,1907
2,355859	-0,1779
2,356728	-0,1398
2,357597	-0,1068
2,358466	-0,0461
2,359335	0,0006
2,360204	0,0473
2,361073	0,0818
2,361942	0,1285
2,362811	0,1602
2,363680	0,1703
2,364549	0,1740
2,365418	0,1471
2,366287	0,1300
2,367156	0,0891
2,368025	0,0537
2,368894	-0,0049
2,369763	-0,0470
2,370632	-0,0900
2,371501	-0,1386
2,372370	-0,1755
2,373239	-0,2008
2,374108	-0,1947
2,374977	-0,1962
2,375846	-0,1679
2,376715	-0,1462
2,377584	-0,0989
2,378453	-0,0522
2,379322	0,0064
2,380191	0,0482
2,381060	0,0888
2,381929	0,1321
2,382798	0,1590
2,383667	0,1776
2,384536	0,1660
2,385405	0,1569
2,386274	0,1199
2,387143	0,0937
2,388012	0,0424
2,388881	-0,0070
2,389750	-0,0580
2,390619	-0,0989
2,391488	-0,1389
2,392357	-0,1914
2,393226	-0,1975
2,394095	-0,2060
2,394964	-0,1874
2,395833	-0,1758
2,396702	-0,1382
2,397571	-0,1047
2,398440	-0,0491
2,399309	0,0058
2,400178	0,0455
2,401047	0,0888
2,401916	0,1236
2,402785	0,1691
2,403654	0,1669
2,404523	0,1706
2,405392	0,1453
2,406261	0,1254
2,407130	0,0882
2,407999	0,0491
2,408868	0,0006
2,409737	-0,0571
2,410606	-0,0888
2,411475	-0,1401
2,412344	-0,1697
2,413213	-0,2002
2,414082	-0,1962
2,414951	-0,1947
2,415820	-0,1666
2,416689	-0,1401
2,417558	-0,1004
2,418427	-0,0476
2,419296	0,0052
2,420165	0,0516
2,421034	0,0830
2,421903	0,1321
2,422772	0,1578
2,423641	0,1801
2,424510	0,1636
2,425379	0,1517
2,426248	0,1196
2,427117	0,0861
2,427986	0,0443
2,428855	-0,0131
2,429724	-0,0580
2,430593	-0,1053
2,431462	-0,1382
2,432331	-0,1862
2,433200	-0,1981
2,434069	-0,2045
2,434938	-0,1880
2,435807	-0,1697
2,436676	-0,1389
2,437545	-0,0961
2,438414	-0,0473
2,439283	0,0137
2,440152	0,0473
2,441021	0,0955
2,441890	0,1267
2,442759	0,1654
2,443628	0,1675
2,444497	0,1642
2,445366	0,1468
2,446235	0,1187
2,447104	0,0885
2,447973	0,0412
2,448842	-0,0070
2,449711	-0,0598
2,450580	-0,0897
2,451449	-0,1428
2,452318	-0,1785
2,453187	-0,2008
2,454056	-0,2020
2,454925	-0,1898
2,455794	-0,1685
2,456663	-0,1337
2,457532	-0,0995
2,458401	-0,0400
2,459270	0,0049
2,460139	0,0565
2,461008	0,0851
2,461877	0,1386
2,462746	0,1587
2,463615	0,1743
2,464484	0,1657
2,465353	0,1459
2,466222	0,1218
2,467091	0,0800
2,467960	0,0418
2,468829	-0,0174
2,469698	-0,0601
2,470567	-0,1065
2,471436	-0,1447
2,472305	-0,1880
2,473174	-0,2069
2,474043	-0,2039
2,474912	-0,1917
2,475781	-0,1657
2,476650	-0,1395
2,477519	-0,0894
2,478388	-0,0452
2,479257	0,0195
2,480126	0,0497
2,480995	0,0964
2,481864	0,1337
2,482733	0,1651
2,483602	0,1724
2,484471	0,1633
2,485340	0,1505
2,486209	0,1151
2,487078	0,0891
2,487947	0,0366
2,488816	-0,0046
2,489685	-0,0674
2,490554	-0,0946
2,491423	-0,1437
2,492292	-0,1782
2,493161	-0,2020
2,494030	-0,2026
2,494899	-0,1892
2,495768	-0,1721
2,496637	-0,1325
2,497506	-0,0992
2,498375	-0,0378
2,499244	0,0089
2,500113	0,0583
2,500982	0,0906
2,501851	0,1349
2,502720	0,1672
2,503589	0,1718
2,504458	0,1706
2,505327	0,1440
2,506196	0,1227
2,507065	0,0787
2,507934	0,0403
2,508803	-0,0204
2,509672	-0,0610
2,510541	-0,1071
2,511410	-0,1492
2,512279	-0,1862
2,513148	-0,2091
2,514017	-0,2045
2,514886	-0,1959
2,515755	-0,1639
2,516624	-0,1410
2,517493	-0,0897
2,518362	-0,0424
2,519231	0,0204
2,520100	0,0583
2,520969	0,0974
2,521838	0,1386
2,522707	0,1663
2,523576	0,1828
2,524445	0,1669
2,525314	0,1541
2,526183	0,1157
2,527052	0,0885
2,527921	0,0388
2,528790	-0,0104
2,529659	-0,0629
2,530528	-0,1007
2,531397	-0,1407
2,532266	-0,1849
2,533135	-0,1950
2,534004	-0,2072
2,534873	-0,1862
2,535742	-0,1733
2,536611	-0,1337
2,537480	-0,0992
2,538349	-0,0415
2,539218	0,0137
2,540087	0,0558
2,540956	0,0952
2,541825	0,1321
2,542694	0,1697
2,543563	0,1691
2,544432	0,1730
2,545301	0,1447
2,546170	0,1239
2,547039	0,0815
2,547908	0,0397
2,548777	-0,0159
2,549646	-0,0687
2,550515	-0,1074
2,551384	-0,1526
2,552253	-0,1892
2,553122	-0,2139
2,553991	-0,2072
2,554860	-0,1996
2,555729	-0,1672
2,556598	-0,1416
2,557467	-0,0958
2,558336	-0,0412
2,559205	0,0140
2,560074	0,0604
2,560943	0,0955
2,561812	0,1416
2,562681	0,1608
2,563550	0,1840
2,564419	0,1605
2,565288	0,1550
2,566157	0,1212
2,567026	0,0879
2,567895	0,0452
2,568764	-0,0110
2,569633	-0,0568
2,570502	-0,1019
2,571371	-0,1352
2,572240	-0,1843
2,573109	-0,1975
2,573978	-0,2072
2,574847	-0,1901
2,575716	-0,1724
2,576585	-0,1419
2,577454	-0,0989
2,578323	-0,0501
2,579192	0,0131
2,580061	0,0491
2,580930	0,0964
2,581799	0,1270
2,582668	0,1712
2,583537	0,1737
2,584406	0,1724
2,585275	0,1505
2,586144	0,1230
2,587013	0,0888
2,587882	0,0388
2,588751	-0,0073
2,589620	-0,0674
2,590489	-0,0989
2,591358	-0,1529
2,592227	-0,1843
2,593096	-0,2127
2,593965	-0,2066
2,594834	-0,1971
2,595703	-0,1746
2,596572	-0,1404
2,597441	-0,1028
2,598310	-0,0409
2,599179	0,0070
2,600048	0,0598
2,600917	0,0876
2,601786	0,1401
2,602655	0,1627
2,603524	0,1837
2,604393	0,1706
2,605262	0,1514
2,606131	0,1288
2,607000	0,0870
2,607869	0,0522
2,608738	-0,0089
2,609607	-0,0522
2,610476	-0,0986
2,611345	-0,1361
2,612214	-0,1807
2,613083	-0,2014
2,613952	-0,2026
2,614821	-0,2014
2,615690	-0,1712
2,616559	-0,1489
2,617428	-0,0998
2,618297	-0,0543
2,619166	0,0076
2,620035	0,0449
2,620904	0,0903
2,621773	0,1300
2,622642	0,1611
2,623511	0,1779
2,624380	0,1691
2,625249	0,1559
2,626118	0,1193
2,626987	0,0946
2,627856	0,0412
2,628725	-0,0040
2,629594	-0,0616
2,630463	-0,0983
2,631332	-0,1450
2,632201	-0,1828
2,633070	-0,2017
2,633939	-0,2069
2,634808	-0,1907
2,635677	-0,1801
2,636546	-0,1401
2,637415	-0,1077
2,638284	-0,0452
2,639153	0,0012
2,640022	0,0485
2,640891	0,0906
2,641760	0,1300
2,642629	0,1669
2,643498	0,1737
2,644367	0,1737
2,645236	0,1505
2,646105	0,1315
2,646974	0,0900
2,647843	0,0531
2,648712	-0,0040
2,649581	-0,0504
2,650450	-0,0897
2,651319	-0,1373
2,652188	-0,1718
2,653057	-0,2045
2,653926	-0,1959
2,654795	-0,1987
2,655664	-0,1721
2,656533	-0,1517
2,657402	-0,1056
2,658271	-0,0565
2,659140	-0,0006
2,660009	0,0470
2,660878	0,0827
2,661747	0,1306
2,662616	0,1578
2,663485	0,1746
2,664354	0,1596
2,665223	0,1566
2,666092	0,1233
2,666961	0,0949
2,667830	0,0485
2,668699	-0,0061
2,669568	-0,0543
2,670437	-0,0967
2,671306	-0,1364
2,672175	-0,1856
2,673044	-0,1981
2,673913	-0,2060
2,674782	-0,1923
2,675651	-0,1785
2,676520	-0,1444
2,677389	-0,1059
2,678258	-0,0525
2,679127	0,0070
2,679996	0,0421
2,680865	0,0919
2,681734	0,1239
2,682603	0,1706
2,683472	0,1700
2,684341	0,1776
2,685210	0,1508
2,686079	0,1291
2,686948	0,0943
2,687817	0,0501
2,688686	0,0021
2,689555	-0,0537
2,690424	-0,0842
2,691293	-0,1379
2,692162	-0,1679
2,693031	-0,2014
2,693900	-0,1959
2,694769	-0,1944
2,695638	-0,1758
2,696507	-0,1468
2,697376	-0,1114
2,698245	-0,0537
2,699114	-0,0064
2,699983	0,0446
2,700852	0,0766
2,701721	0,1282
2,702590	0,1529
2,703459	0,1764
2,704328	0,1666
2,705197	0,1523
2,706066	0,1279
2,706935	0,0916
2,707804	0,0525
2,708673	-0,0052
2,709542	-0,0485
2,710411	-0,0955
2,711280	-0,1285
2,712149	-0,1804
2,713018	-0,1956
2,713887	-0,2054
2,714756	-0,1947
2,715625	-0,1727
2,716494	-0,1474
2,717363	-0,1022
2,718232	-0,0558
2,719101	0,0098
2,719970	0,0427
2,720839	0,0922
2,721708	0,1263
2,722577	0,1639
2,723446	0,1749
2,724315	0,1682
2,725184	0,1547
2,726053	0,1218
2,726922	0,0955
2,727791	0,0464
2,728660	0,0031
2,729529	-0,0568
2,730398	-0,0861
2,731267	-0,1364
2,732136	-0,1733
2,733005	-0,1984
2,733874	-0,2017
2,734743	-0,1886
2,735612	-0,1776
2,736481	-0,1407
2,737350	-0,1114
2,738219	-0,0528
2,739088	-0,0049
2,739957	0,0443
2,740826	0,0797
2,741695	0,1254
2,742564	0,1578
2,743433	0,1715
2,744302	0,1706
2,745171	0,1459
2,746040	0,1282
2,746909	0,0870
2,747778	0,0534
2,748647	-0,0055
2,749516	-0,0513
2,750385	-0,0949
2,751254	-0,1355
2,752123	-0,1807
2,752992	-0,1999
2,753861	-0,1975
2,754730	-0,1981
2,755599	-0,1675
2,756468	-0,1468
2,757337	-0,0989
2,758206	-0,0534
2,759075	0,0085
2,759944	0,0494
2,760813	0,0879
2,761682	0,1309
2,762551	0,1556
2,763420	0,1773
2,764289	0,1663
2,765158	0,1559
2,766027	0,1175
2,766896	0,0925
2,767765	0,0427
2,768634	-0,0012
2,769503	-0,0565
2,770372	-0,0958
2,771241	-0,1361
2,772110	-0,1752
2,772979	-0,1926
2,773848	-0,2017
2,774717	-0,1904
2,775586	-0,1758
2,776455	-0,1386
2,777324	-0,1062
2,778193	-0,0522
2,779062	-0,0027
2,779931	0,0433
2,780800	0,0845
2,781669	0,1221
2,782538	0,1602
2,783407	0,1639
2,784276	0,1718
2,785145	0,1450
2,786014	0,1254
2,786883	0,0848
2,787752	0,0467
2,788621	-0,0070
2,789490	-0,0571
2,790359	-0,0922
2,791228	-0,1416
2,792097	-0,1743
2,792966	-0,2057
2,793835	-0,1944
2,794704	-0,1956
2,795573	-0,1654
2,796442	-0,1419
2,797311	-0,0967
2,798180	-0,0473
2,799049	0,0101
2,799918	0,0540
2,800787	0,0903
2,801656	0,1373
2,802525	0,1630
2,803394	0,1788
2,804263	0,1685
2,805132	0,1547
2,806001	0,1175
2,806870	0,0867
2,807739	0,0421
2,808608	-0,0119
2,809477	-0,0562
2,810346	-0,0986
2,811215	-0,1361
2,812084	-0,1874
2,812953	-0,1950
2,813822	-0,2029
2,814691	-0,1883
2,815560	-0,1740
2,816429	-0,1410
2,817298	-0,1010
2,818167	-0,0516
2,819036	0,0070
2,819905	0,0424
2,820774	0,0909
2,821643	0,1227
2,822512	0,1651
2,823381	0,1700
2,824250	0,1737
2,825119	0,1468
2,825988	0,1227
2,826857	0,0879
2,827726	0,0418
2,828595	-0,0082
2,829464	-0,0650
2,830333	-0,0937
2,831202	-0,1447
2,832071	-0,1752
2,832940	-0,2072
2,833809	-0,1975
2,834678	-0,1929
2,835547	-0,1691
2,836416	-0,1392
2,837285	-0,1001
2,838154	-0,0412
2,839023	0,0089
2,839892	0,0598
2,840761	0,0916
2,841630	0,1422
2,842499	0,1602
2,843368	0,1816
2,844237	0,1697
2,845106	0,1529
2,845975	0,1221
2,846844	0,0842
2,847713	0,0443
2,848582	-0,0177
2,849451	-0,0589
2,850320	-0,1032
2,851189	-0,1370
2,852058	-0,1852
2,852927	-0,1984
2,853796	-0,2042
2,854665	-0,1917
2,855534	-0,1706
2,856403	-0,1453
2,857272	-0,0967
2,858141	-0,0534
2,859010	0,0110
2,859879	0,0452
2,860748	0,0906
2,861617	0,1242
2,862486	0,1645
2,863355	0,1740
2,864224	0,1694
2,865093	0,1529
2,865962	0,1202
2,866831	0,0925
2,867700	0,0409
2,868569	-0,0055
2,869438	-0,0650
2,870307	-0,0946
2,871176	-0,1437
2,872045	-0,1752
2,872914	-0,2048
2,873783	-0,2060
2,874652	-0,1917
2,875521	-0,1740
2,876390	-0,1364
2,877259	-0,1041
2,878128	-0,0409
2,878997	0,0043
2,879866	0,0601
2,880735	0,0916
2,881604	0,1392
2,882473	0,1682
2,883342	0,1776
2,884211	0,1767
2,885080	0,1508
2,885949	0,1288
2,886818	0,0836
2,887687	0,0482
2,888556	-0,0153
2,889425	-0,0589
2,890294	-0,1032
2,891163	-0,1431
2,892032	-0,1843
2,892901	-0,2048
2,893770	-0,2087
2,894639	-0,1981
2,895508	-0,1694
2,896377	-0,1492
2,897246	-0,1001
2,898115	-0,0549
2,898984	0,0073
2,899853	0,0464
2,900722	0,0855
2,901591	0,1285
2,902460	0,1587
2,903329	0,1804
2,904198	0,1691
2,905067	0,1587
2,905936	0,1215
2,906805	0,0955
2,907674	0,0449
2,908543	-0,0015
2,909412	-0,0589
2,910281	-0,0958
2,911150	-0,1379
2,912019	-0,1791
2,912888	-0,2005
2,913757	-0,2149
2,914626	-0,1904
2,915495	-0,1776
2,916364	-0,1386
2,917233	-0,1059
2,918102	-0,0479
2,918971	0,0046
2,919840	0,0522
2,920709	0,0928
2,921578	0,1309
2,922447	0,1733
2,923316	0,1740
2,924185	0,1794
2,925054	0,1517
2,925923	0,1303
2,926792	0,0885
2,927661	0,0494
2,928530	-0,0061
2,929399	-0,0577
2,930268	-0,0974
2,931137	-0,1453
2,932006	-0,1779
2,932875	-0,2121
2,933744	-0,2029
2,934613	-0,2029
2,935482	-0,1740
2,936351	-0,1492
2,937220	-0,1065
2,938089	-0,0555
2,938958	-0,0018
2,939827	0,0488
2,940696	0,0787
2,941565	0,1321
2,942434	0,1535
2,943303	0,1791
2,944172	0,1718
2,945041	0,1596
2,945910	0,1276
2,946779	0,0961
2,947648	0,0540
2,948517	-0,0024
2,949386	-0,0497
2,950255	-0,0955
2,951124	-0,1337
2,951993	-0,1849
2,952862	-0,1978
2,953731	-0,2136
2,954600	-0,1929
2,955469	-0,1761
2,956338	-0,1462
2,957207	-0,1053
2,958076	-0,0568
2,958945	0,0076
2,959814	0,0452
2,960683	0,0903
2,961552	0,1267
2,962421	0,1709
2,963290	0,1758
2,964159	0,1779
2,965028	0,1566
2,965897	0,1294
2,966766	0,0970
2,967635	0,0482
2,968504	0,0012
2,969373	-0,0595
2,970242	-0,0906
2,971111	-0,1425
2,971980	-0,1727
2,972849	-0,2060
2,973718	-0,2005
2,974587	-0,1956
2,975456	-0,1798
2,976325	-0,1471
2,977194	-0,1138
2,978063	-0,0534
2,978932	-0,0067
2,979801	0,0433
2,980670	0,0757
2,981539	0,1254
2,982408	0,1538
2,983277	0,1688
2,984146	0,1737
2,985015	0,1541
2,985884	0,1346
2,986753	0,0952
2,987622	0,0604
2,988491	-0,0006
2,989360	-0,0424
2,990229	-0,0885
2,991098	-0,1340
2,991967	-0,1743
2,992836	-0,1981
2,993705	-0,1968
2,994574	-0,1984
2,995443	-0,1737
2,996312	-0,1529
2,997181	-0,1056
2,998050	-0,0613
2,998919	0,0031
2,999788	0,0415
3,000657	0,0839
3,001526	0,1273
3,002395	0,1614
3,003264	0,1773
3,004133	0,1709
3,005002	0,1614
3,005871	0,1257
3,006740	0,1004
3,007609	0,0491
3,008478	0,0040
3,009347	-0,0546
3,010216	-0,0900
3,011085	-0,1379
3,011954	-0,1755
3,012823	-0,1975
3,013692	-0,2036
3,014561	-0,1932
3,015430	-0,1825
3,016299	-0,1453
3,017168	-0,1144
3,018037	-0,0558
3,018906	-0,0079
3,019775	0,0388
3,020644	0,0793
3,021513	0,1212
3,022382	0,1572
3,023251	0,1672
3,024120	0,1752
3,024989	0,1511
3,025858	0,1346
3,026727	0,0961
3,027596	0,0613
3,028465	0,0037
3,029334	-0,0455
3,030203	-0,0839
3,031072	-0,1318
3,031941	-0,1700
3,032810	-0,2033
3,033679	-0,1965
3,034548	-0,1999
3,035417	-0,1715
3,036286	-0,1514
3,037155	-0,1080
3,038024	-0,0601
3,038893	0,0000
3,039762	0,0430
3,040631	0,0790
3,041500	0,1230
3,042369	0,1535
3,043238	0,1794
3,044107	0,1657
3,044976	0,1602
3,045845	0,1254
3,046714	0,0983
3,047583	0,0525
3,048452	-0,0021
3,049321	-0,0488
3,050190	-0,0928
3,051059	-0,1297
3,051928	-0,1767
3,052797	-0,1975
3,053666	-0,2091
3,054535	-0,1907
3,055404	-0,1788
3,056273	-0,1456
3,057142	-0,1111
3,058011	-0,0598
3,058880	-0,0003
3,059749	0,0381
3,060618	0,0806
3,061487	0,1169
3,062356	0,1590
3,063225	0,1639
3,064094	0,1752
3,064963	0,1505
3,065832	0,1294
3,066701	0,0989
3,067570	0,0571
3,068439	0,0076
3,069308	-0,0516
3,070177	-0,0797
3,071046	-0,1328
3,071915	-0,1675
3,072784	-0,2036
3,073653	-0,1968
3,074522	-0,1947
3,075391	-0,1727
3,076260	-0,1444
3,077129	-0,1096
3,077998	-0,0555
3,078867	-0,0043
3,079736	0,0461
3,080605	0,0754
3,081474	0,1273
3,082343	0,1517
3,083212	0,1749
3,084081	0,1675
3,084950	0,1538
3,085819	0,1257
3,086688	0,0922
3,087557	0,0543
3,088426	-0,0037
3,089295	-0,0461
3,090164	-0,0980
3,091033	-0,1306
3,091902	-0,1791
3,092771	-0,1947
3,093640	-0,2048
3,094509	-0,1920
3,095378	-0,1721
3,096247	-0,1471
3,097116	-0,1022
3,097985	-0,0592
3,098854	0,0021
3,099723	0,0400
3,100592	0,0855
3,101461	0,1187
3,102330	0,1575
3,103199	0,1675
3,104068	0,1700
3,104937	0,1535
3,105806	0,1233
3,106675	0,0980
3,107544	0,0504
3,108413	0,0061
3,109282	-0,0531
3,110151	-0,0833
3,111020	-0,1343
3,111889	-0,1691
3,112758	-0,1959
3,113627	-0,1984
3,114496	-0,1904
3,115365	-0,1749
3,116234	-0,1398
3,117103	-0,1090
3,117972	-0,0494
3,118841	-0,0046
3,119710	0,0485
3,120579	0,0787
3,121448	0,1288
3,122317	0,1529
3,123186	0,1697
3,124055	0,1715
3,124924	0,1480
3,125793	0,1273
3,126662	0,0848
3,127531	0,0516
3,128400	-0,0095
3,129269	-0,0519
3,130138	-0,0974
3,131007	-0,1358
3,131876	-0,1779
3,132745	-0,1996
3,133614	-0,2036
3,134483	-0,1938
3,135352	-0,1691
3,136221	-0,1465
3,137090	-0,0970
3,137959	-0,0549
3,138828	0,0089
3,139697	0,0424
3,140566	0,0909
3,141435	0,1248
3,142304	0,1599
3,143173	0,1718
3,144042	0,1648
3,144911	0,1553
3,145780	0,1202
3,146649	0,0964
3,147518	0,0470
3,148387	0,0024
3,149256	-0,0546
3,150125	-0,0882
3,150994	-0,1334
3,151863	-0,1779
3,152732	-0,1950
3,153601	-0,2054
3,154470	-0,1901
3,155339	-0,1773
3,156208	-0,1382
3,157077	-0,1062
3,157946	-0,0485
3,158815	0,0003
3,159684	0,0497
3,160553	0,0842
3,161422	0,1285
3,162291	0,1593
3,163160	0,1700
3,164029	0,1761
3,164898	0,1468
3,165767	0,1267
3,166636	0,0848
3,167505	0,0488
3,168374	-0,0085
3,169243	-0,0586
3,170112	-0,0989
3,170981	-0,1462
3,171850	-0,1788
3,172719	-0,2084
3,173588	-0,1993
3,174457	-0,1978
3,175326	-0,1685
3,176195	-0,1468
3,177064	-0,0995
3,177933	-0,0516
3,178802	0,0089
3,179671	0,0513
3,180540	0,0858
3,181409	0,1294
3,182278	0,1559
3,183147	0,1862
3,184016	0,1682
3,184885	0,1569
3,185754	0,1215
3,186623	0,0943
3,187492	0,0491
3,188361	-0,0031
3,189230	-0,0531
3,190099	-0,0940
3,190968	-0,1303
3,191837	-0,1767
3,192706	-0,1950
3,193575	-0,2063
3,194444	-0,1880
3,195313	-0,1764
3,196182	-0,1413
3,197051	-0,1044
3,197920	-0,0531
3,198789	0,0046
3,199658	0,0458
3,200527	0,0888
3,201396	0,1248
3,202265	0,1669
3,203134	0,1633
3,204003	0,1727
3,204872	0,1486
3,205741	0,1257
3,206610	0,0891
3,207479	0,0470
3,208348	-0,0034
3,209217	-0,0632
3,210086	-0,0940
3,210955	-0,1440
3,211824	-0,1761
3,212693	-0,2112
3,213562	-0,1996
3,214431	-0,2017
3,215300	-0,1737
3,216169	-0,1450
3,217038	-0,1056
3,217907	-0,0488
3,218776	0,0021
3,219645	0,0568
3,220514	0,0818
3,221383	0,1349
3,222252	0,1563
3,223121	0,1868
3,223990	0,1666
3,224859	0,1563
3,225728	0,1279
3,226597	0,0931
3,227466	0,0565
3,228335	-0,0006
3,229204	-0,0449
3,230073	-0,0931
3,230942	-0,1285
3,231811	-0,1794
3,232680	-0,1950
3,233549	-0,2033
3,234418	-0,1938
3,235287	-0,1755
3,236156	-0,1486
3,237025	-0,1050
3,237894	-0,0592
3,238763	0,0031
3,239632	0,0378
3,240501	0,0888
3,241370	0,1227
3,242239	0,1624
3,243108	0,1715
3,243977	0,1737
3,244846	0,1556
3,245715	0,1239
3,246584	0,0955
3,247453	0,0458
3,248322	0,0006
3,249191	-0,0601
3,250060	-0,0897
3,250929	-0,1410
3,251798	-0,1740
3,252667	-0,2042
3,253536	-0,2051
3,254405	-0,1959
3,255274	-10,0000
3,256143	-10,0000
3,257012	-10,0000
3,257881	-10,0000
3,258750	-10,0000
3,259619	-10,0000
3,260488	-10,0000
3,261357	-10,0000
3,262226	-10,0000
3,263095	-10,0000
3,263964	-10,0000
3,264833	-10,0000
3,265702	-10,0000
3,266571	-10,0000
3,267440	-10,0000
3,268309	-10,0000
3,269178	-10,0000
3,270047	-10,0000
3,270916	-10,0000
3,271785	-10,0000
3,272654	-10,0000
3,273523	-10,0000
3,274392	-10,0000
3,275261	-10,0000
3,276130	-10,0000
3,276999	-10,0000
3,277868	-10,0000
3,278737	-10,0000
3,279606	-10,0000
3,280475	-10,0000
3,281344	-10,0000
3,282213	-10,0000
3,283082	-10,0000
3,283951	-10,0000
3,284820	-10,0000
3,285689	-10,0000
3,286558	-10,0000
3,287427	-10,0000
3,288296	-10,0000
3,289165	-10,0000
3,290034	-10,0000
3,290903	-10,0000
3,291772	-10,0000
3,292641	-10,0000
3,293510	-10,0000
3,294379	-10,0000
3,295248	-10,0000
3,296117	-10,0000
3,296986	-10,0000
3,297855	-10,0000
3,298724	-10,0000
3,299593	-10,0000
3,300462	-10,0000
3,301331	-10,0000
3,302200	-10,0000
3,303069	-10,0000
3,303938	-10,0000
3,304807	-10,0000
3,305676	-10,0000
3,306545	-10,0000
3,307414	-10,0000
3,308283	-10,0000
3,309152	-10,0000
3,310021	-10,0000
3,310890	-10,0000
3,311759	-10,0000
3,312628	-10,0000
3,313497	-10,0000
3,314366	-10,0000
3,315235	-10,0000
3,316104	-10,0000
3,316973	-10,0000
3,317842	-10,0000
3,318711	-10,0000
3,319580	-10,0000
3,320449	-10,0000
3,321318	-10,0000
3,322187	-10,0000
3,323056	-10,0000
3,323925	-10,0000
3,324794	-10,0000
3,325663	-10,0000
3,326532	-10,0000
3,327401	-10,0000
3,328270	-10,0000
3,329139	-10,0000
3,330008	-10,0000
3,330877	-10,0000
3,331746	-10,0000
3,332615	-10,0000
3,333484	-10,0000
3,334353	-10,0000
3,335222	-10,0000
3,336091	-10,0000
3,336960	-10,0000
3,337829	-10,0000
3,338698	-10,0000
3,339567	-10,0000
3,340436	-10,0000
3,341305	-10,0000
3,342174	-10,0000
3,343043	-10,0000
3,343912	-10,0000
3,344781	-10,0000
3,345650	-10,0000
3,346519	-10,0000
3,347388	-10,0000
3,348257	-10,0000
3,349126	-10,0000
3,349995	-10,0000
3,350864	-10,0000
3,351733	-10,0000
3,352602	-10,0000
3,353471	-10,0000
3,354340	-10,0000
3,355209	-10,0000
3,356078	-10,0000
3,356947	-10,0000
3,357816	-10,0000
3,358685	-10,0000
3,359554	-10,0000
3,360423	-10,0000
3,361292	-10,0000
3,362161	-10,0000
3,363030	-10,0000
3,363899	-10,0000
3,364768	-10,0000
3,365637	-10,0000
3,366506	-10,0000
3,367375	-10,0000
3,368244	-10,0000
3,369113	-10,0000
3,369982	-10,0000
3,370851	-10,0000
3,371720	-10,0000
3,372589	-10,0000
3,373458	-10,0000
3,374327	-10,0000
3,375196	-10,0000
3,376065	-10,0000
3,376934	-10,0000
3,377803	-10,0000
3,378672	-10,0000
3,379541	-10,0000
3,380410	-10,0000
3,381279	-10,0000
3,382148	-10,0000
3,383017	-10,0000
3,383886	-10,0000
3,384755	-10,0000
3,385624	-10,0000
3,386493	-10,0000
3,387362	-10,0000
3,388231	-10,0000
3,389100	-10,0000
3,389969	-10,0000
3,390838	-10,0000
3,391707	-10,0000
3,392576	-10,0000
3,393445	-10,0000
3,394314	-10,0000
3,395183	-10,0000
3,396052	-10,0000
3,396921	-10,0000
3,397790	-10,0000
3,398659	-10,0000
3,399528	-10,0000
3,400397	-10,0000
3,401266	-10,0000
3,402135	-10,0000
3,403004	-10,0000
3,403873	-10,0000
3,404742	-10,0000
3,405611	-10,0000
3,406480	-10,0000
3,407349	-10,0000
3,408218	-10,0000
3,409087	-10,0000
3,409956	-10,0000
3,410825	-10,0000
3,411694	-10,0000
3,412563	-10,0000
3,413432	-10,0000
3,414301	-10,0000
3,415170	-10,0000
3,416039	-10,0000
3,416908	-10,0000
3,417777	-10,0000
3,418646	-10,0000
3,419515	-10,0000
3,420384	-10,0000
3,421253	-10,0000
3,422122	-10,0000
3,422991	-10,0000
3,423860	-10,0000
3,424729	-10,0000
3,425598	-10,0000
3,426467	-10,0000
3,427336	-10,0000
3,428205	-10,0000
3,429074	-10,0000
3,429943	-10,0000
3,430812	-10,0000
3,431681	-10,0000
3,432550	-10,0000
3,433419	-10,0000
3,434288	-10,0000
3,435157	-10,0000
3,436026	-10,0000
3,436895	-10,0000
3,437764	-10,0000
3,438633	-10,0000
3,439502	-10,0000
3,440371	-10,0000
3,441240	-10,0000
3,442109	-10,0000
3,442978	-10,0000
3,443847	-10,0000
3,444716	-10,0000
3,445585	-10,0000
3,446454	-10,0000
3,447323	-10,0000
3,448192	-10,0000
3,449061	-10,0000
3,449930	-10,0000
3,450799	-10,0000
3,451668	-10,0000
3,452537	-10,0000
3,453406	-10,0000
3,454275	-10,0000
3,455144	-10,0000
3,456013	-10,0000
3,456882	-10,0000
3,457751	-10,0000
3,458620	-10,0000
3,459489	-10,0000
3,460358	-10,0000
3,461227	-10,0000
3,462096	-10,0000
3,462965	-10,0000
3,463834	-10,0000
3,464703	-10,0000
3,465572	-10,0000
3,466441	-10,0000
3,467310	-10,0000
3,468179	-10,0000
3,469048	-10,0000
3,469917	-10,0000
3,470786	-10,0000
3,471655	-10,0000
3,472524	-10,0000
3,473393	-10,0000
3,474262	-10,0000
3,475131	-10,0000
3,476000	-10,0000
3,476869	-10,0000
3,477738	-10,0000
3,478607	-10,0000
3,479476	-10,0000
3,480345	-10,0000
3,481214	-10,0000
3,482083	-10,0000
3,482952	-10,0000
3,483821	-10,0000
3,484690	-10,0000
3,485559	-10,0000
3,486428	-10,0000
3,487297	-10,0000
3,488166	-10,0000
3,489035	-10,0000
3,489904	-10,0000
3,490773	-10,0000
3,491642	-10,0000
3,492511	-10,0000
3,493380	-10,0000
3,494249	-10,0000
3,495118	-10,0000
3,495987	-10,0000
3,496856	-10,0000
3,497725	-10,0000
3,498594	-10,0000
3,499463	-10,0000
3,500332	-10,0000
3,501201	-10,0000
3,502070	-10,0000
3,502939	-10,0000
3,503808	-10,0000
3,504677	-10,0000
3,505546	-10,0000
3,506415	-10,0000
3,507284	-10,0000
3,508153	-10,0000
3,509022	-10,0000
3,509891	-10,0000
3,510760	-10,0000
3,511629	-10,0000
3,512498	-10,0000
3,513367	-10,0000
3,514236	-10,0000
3,515105	-10,0000
3,515974	-10,0000
3,516843	-10,0000
3,517712	-10,0000
3,518581	-10,0000
3,519450	-10,0000
3,520319	-10,0000
3,521188	-10,0000
3,522057	-10,0000
3,522926	-10,0000
3,523795	-10,0000
3,524664	-10,0000
3,525533	-10,0000
3,526402	-10,0000
3,527271	-10,0000
3,528140	-10,0000
3,529009	-10,0000
3,529878	-10,0000
3,530747	-10,0000
3,531616	-10,0000
3,532485	-10,0000
3,533354	-10,0000
3,534223	-10,0000
3,535092	-10,0000
3,535961	-10,0000
3,536830	-10,0000
3,537699	-10,0000
3,538568	-10,0000
3,539437	-10,0000
3,540306	-10,0000
3,541175	-10,0000
3,542044	-10,0000
3,542913	-10,0000
3,543782	-10,0000
3,544651	-10,0000
3,545520	-10,0000
3,546389	-10,0000
3,547258	-10,0000
3,548127	-10,0000
3,548996	-10,0000
3,549865	-10,0000
3,550734	-10,0000
3,551603	-10,0000
3,552472	-10,0000
3,553341	-10,0000
3,554210	-10,0000
3,555079	-10,0000
3,555948	-10,0000
3,556817	-10,0000
3,557686	-10,0000
3,558555	-10,0000
3,559424	-10,0000
3,560293	-10,0000
3,561162	-10,0000
3,562031	-10,0000
3,562900	-10,0000
3,563769	-10,0000
3,564638	-10,0000
3,565507	-10,0000
3,566376	-10,0000
3,567245	-10,0000
3,568114	-10,0000
3,568983	-10,0000
3,569852	-10,0000
3,570721	-10,0000
3,571590	-10,0000
3,572459	-10,0000
3,573328	-10,0000
3,574197	-10,0000
3,575066	-10,0000
3,575935	-10,0000
3,576804	-10,0000
3,577673	-10,0000
3,578542	-10,0000
3,579411	-10,0000
3,580280	-10,0000
3,581149	-10,0000
3,582018	-10,0000
3,582887	-10,0000
3,583756	-10,0000
3,584625	-10,0000
3,585494	-10,0000
3,586363	-10,0000
3,587232	-10,0000
3,588101	-10,0000
3,588970	-10,0000
3,589839	-10,0000
3,590708	-10,0000
3,591577	-10,0000
3,592446	-10,0000
3,593315	-10,0000
3,594184	-10,0000
3,595053	-10,0000
3,595922	-10,0000
3,596791	-10,0000
3,597660	-10,0000
3,598529	-10,0000
3,599398	-10,0000
3,600267	-10,0000
3,601136	-10,0000
3,602005	-10,0000
3,602874	-10,0000
3,603743	-10,0000
3,604612	-10,0000
3,605481	-10,0000
3,606350	-10,0000
3,607219	-10,0000
3,608088	-10,0000
3,608957	-10,0000
3,609826	-10,0000
3,610695	-10,0000
3,611564	-10,0000
3,612433	-10,0000
3,613302	-10,0000
3,614171	-10,0000
3,615040	-10,0000
3,615909	-10,0000
3,616778	-10,0000
3,617647	-10,0000
3,618516	-10,0000
3,619385	-10,0000
3,620254	-10,0000
3,621123	-10,0000
3,621992	-10,0000
3,622861	-10,0000
3,623730	-10,0000
3,624599	-10,0000
3,625468	-10,0000
3,626337	-10,0000
3,627206	-10,0000
3,628075	-10,0000
3,628944	-10,0000
3,629813	-10,0000
3,630682	-10,0000
3,631551	-10,0000
3,632420	-10,0000
3,633289	-10,0000
3,634158	-10,0000
3,635027	-10,0000
3,635896	-10,0000
3,636765	-10,0000
3,637634	-10,0000
3,638503	-10,0000
3,639372	-10,0000
3,640241	-10,0000
3,641110	-10,0000
3,641979	-10,0000
3,642848	-10,0000
3,643717	-10,0000
3,644586	-10,0000
3,645455	-10,0000
3,646324	-10,0000
3,647193	-10,0000
3,648062	-10,0000
3,648931	-10,0000
3,649800	-10,0000
3,650669	-10,0000
3,651538	-10,0000
3,652407	-10,0000
3,653276	-10,0000
3,654145	-10,0000
3,655014	-10,0000
3,655883	-10,0000
3,656752	-10,0000
3,657621	-10,0000
3,658490	-10,0000
3,659359	-10,0000
3,660228	-10,0000
3,661097	-10,0000
3,661966	-10,0000
3,662835	-10,0000
3,663704	-10,0000
3,664573	-10,0000
3,665442	-10,0000
3,666311	-10,0000
3,667180	-10,0000
3,668049	-10,0000
3,668918	-10,0000
3,669787	-10,0000
3,670656	-10,0000
3,671525	-10,0000
3,672394	-10,0000
3,673263	-10,0000
3,674132	-10,0000
3,675001	-10,0000
3,675870	-10,0000
3,676739	-10,0000
3,677608	-10,0000
3,678477	-10,0000
3,679346	-10,0000
3,680215	-10,0000
3,681084	-10,0000
3,681953	-10,0000
3,682822	-10,0000
3,683691	-10,0000
3,684560	-10,0000
3,685429	-10,0000
3,686298	-10,0000
3,687167	-10,0000
3,688036	-10,0000
3,688905	-10,0000
3,689774	-10,0000
3,690643	-10,0000
3,691512	-10,0000
3,692381	-10,0000
3,693250	-10,0000
3,694119	-10,0000
3,694988	-10,0000
3,695857	-10,0000
3,696726	-10,0000
3,697595	-10,0000
3,698464	-10,0000
3,699333	-10,0000
3,700202	-10,0000
3,701071	-10,0000
3,701940	-10,0000
3,702809	-10,0000
3,703678	-10,0000
3,704547	-10,0000
3,705416	-10,0000
3,706285	-10,0000
3,707154	-10,0000
3,708023	-10,0000
3,708892	-10,0000
3,709761	-10,0000
3,710630	-10,0000
3,711499	-10,0000
3,712368	-10,0000
3,713237	-10,0000
3,714106	-10,0000
3,714975	-10,0000
3,715844	-10,0000
3,716713	-10,0000
3,717582	-10,0000
3,718451	-10,0000
3,719320	-10,0000
3,720189	-10,0000
3,721058	-10,0000
3,721927	-10,0000
3,722796	-10,0000
3,723665	-10,0000
3,724534	-10,0000
3,725403	-10,0000
3,726272	-10,0000
3,727141	-10,0000
3,728010	-10,0000
3,728879	-10,0000
3,729748	-10,0000
3,730617	-10,0000
3,731486	-10,0000
3,732355	-10,0000
3,733224	-10,0000
3,734093	-10,0000
3,734962	-10,0000
3,735831	-10,0000
3,736700	-10,0000
3,737569	-10,0000
3,738438	-10,0000
3,739307	-10,0000
3,740176	-10,0000
3,741045	-10,0000
3,741914	-10,0000
3,742783	-10,0000
3,743652	-10,0000
3,744521	-10,0000
3,745390	-10,0000
3,746259	-10,0000
3,747128	-10,0000
3,747997	-10,0000
3,748866	-10,0000
3,749735	-10,0000
3,750604	-10,0000
3,751473	-10,0000
3,752342	-10,0000
3,753211	-10,0000
3,754080	-10,0000
3,754949	-10,0000
3,755818	-10,0000
3,756687	-10,0000
3,757556	-10,0000
3,758425	-10,0000
3,759294	-10,0000
3,760163	-10,0000
3,761032	-10,0000
3,761901	-10,0000
3,762770	-10,0000
3,763639	-10,0000
3,764508	-10,0000
3,765377	-10,0000
3,766246	-10,0000
3,767115	-10,0000
3,767984	-10,0000
3,768853	-10,0000
3,769722	-10,0000
3,770591	-10,0000
3,771460	-10,0000
3,772329	-10,0000
3,773198	-10,0000
3,774067	-10,0000
3,774936	-10,0000
3,775805	-10,0000
3,776674	-10,0000
3,777543	-10,0000
3,778412	-10,0000
3,779281	-10,0000
3,780150	-10,0000
3,781019	-10,0000
3,781888	-10,0000
3,782757	-10,0000
3,783626	-10,0000
3,784495	-10,0000
3,785364	-10,0000
3,786233	-10,0000
3,787102	-10,0000
3,787971	-10,0000
3,788840	-10,0000
3,789709	-10,0000
3,790578	-10,0000
3,791447	-10,0000
3,792316	-10,0000
3,793185	-10,0000
3,794054	-10,0000
3,794923	-10,0000
3,795792	-10,0000
3,796661	-10,0000
3,797530	-10,0000
3,798399	-10,0000
3,799268	-10,0000
3,800137	-10,0000
3,801006	-10,0000
3,801875	-10,0000
3,802744	-10,0000
3,803613	-10,0000
3,804482	-10,0000
3,805351	-10,0000
3,806220	-10,0000
3,807089	-10,0000
3,807958	-10,0000
3,808827	-10,0000
3,809696	-10,0000
3,810565	-10,0000
3,811434	-10,0000
3,812303	-10,0000
3,813172	-10,0000
3,814041	-10,0000
3,814910	-10,0000
3,815779	-10,0000
3,816648	-10,0000
3,817517	-10,0000
3,818386	-10,0000
3,819255	-10,0000
3,820124	-10,0000
3,820993	-10,0000
3,821862	-10,0000
3,822731	-10,0000
3,823600	-10,0000
3,824469	-10,0000
3,825338	-10,0000
3,826207	-10,0000
3,827076	-10,0000
3,827945	-10,0000
3,828814	-10,0000
3,829683	-10,0000
3,830552	-10,0000
3,831421	-10,0000
3,832290	-10,0000
3,833159	-10,0000
3,834028	-10,0000
3,834897	-10,0000
3,835766	-10,0000
3,836635	-10,0000
3,837504	-10,0000
3,838373	-10,0000
3,839242	-10,0000
3,840111	-10,0000
3,840980	-10,0000
3,841849	-10,0000
3,842718	-10,0000
3,843587	-10,0000
3,844456	-10,0000
3,845325	-10,0000
3,846194	-10,0000
3,847063	-10,0000
3,847932	-10,0000
3,848801	-10,0000
3,849670	-10,0000
3,850539	-10,0000
3,851408	-10,0000
3,852277	-10,0000
3,853146	-10,0000
3,854015	-10,0000
3,854884	-10,0000
3,855753	-10,0000
3,856622	-10,0000
3,857491	-10,0000
3,858360	-10,0000
3,859229	-10,0000
3,860098	-10,0000
3,860967	-10,0000
3,861836	-10,0000
3,862705	-10,0000
3,863574	-10,0000
3,864443	-10,0000
3,865312	-10,0000
3,866181	-10,0000
3,867050	-10,0000
3,867919	-10,0000
3,868788	-10,0000
3,869657	-10,0000
3,870526	-10,0000
3,871395	-10,0000
3,872264	-10,0000
3,873133	-10,0000
3,874002	-10,0000
3,874871	-10,0000
3,875740	-10,0000
3,876609	-10,0000
3,877478	-10,0000
3,878347	-10,0000
3,879216	-10,0000
3,880085	-10,0000
3,880954	-10,0000
3,881823	-10,0000
3,882692	-10,0000
3,883561	-10,0000
3,884430	-10,0000
3,885299	-10,0000
3,886168	-10,0000
3,887037	-10,0000
3,887906	-10,0000
3,888775	-10,0000
3,889644	-10,0000
3,890513	-10,0000
3,891382	-10,0000
3,892251	-10,0000
3,893120	-10,0000
3,893989	-10,0000
3,894858	-10,0000
3,895727	-10,0000
3,896596	-10,0000
3,897465	-10,0000
3,898334	-10,0000
3,899203	-10,0000
3,900072	-10,0000
3,900941	-10,0000
3,901810	-10,0000
3,902679	-10,0000
3,903548	-10,0000
3,904417	-10,0000
3,905286	-10,0000
3,906155	-10,0000
3,907024	-10,0000
3,907893	-10,0000
3,908762	-10,0000
3,909631	-10,0000
3,910500	-10,0000
3,911369	-10,0000
3,912238	-10,0000
3,913107	-10,0000
3,913976	-10,0000
3,914845	-10,0000
3,915714	-10,0000
3,916583	-10,0000
3,917452	-10,0000
3,918321	-10,0000
3,919190	-10,0000
3,920059	-10,0000
3,920928	-10,0000
3,921797	-10,0000
3,922666	-10,0000
3,923535	-10,0000
3,924404	-10,0000
3,925273	-10,0000
3,926142	-10,0000
3,927011	-10,0000
3,927880	-10,0000
3,928749	-10,0000
3,929618	-10,0000
3,930487	-10,0000
3,931356	-10,0000
3,932225	-10,0000
3,933094	-10,0000
3,933963	-10,0000
3,934832	-10,0000
3,935701	-10,0000
3,936570	-10,0000
3,937439	-10,0000
3,938308	-10,0000
3,939177	-10,0000
3,940046	-10,0000
3,940915	-10,0000
3,941784	-10,0000
3,942653	-10,0000
3,943522	-10,0000
3,944391	-10,0000
3,945260	-10,0000
3,946129	-10,0000
3,946998	-10,0000
3,947867	-10,0000
3,948736	-10,0000
3,949605	-10,0000
3,950474	-10,0000
3,951343	-10,0000
3,952212	-10,0000
3,953081	-10,0000
3,953950	-10,0000
3,954819	-10,0000
3,955688	-10,0000
3,956557	-10,0000
3,957426	-10,0000
3,958295	-10,0000
3,959164	-10,0000
3,960033	-10,0000
3,960902	-10,0000
3,961771	-10,0000
3,962640	-10,0000
3,963509	-10,0000
3,964378	-10,0000
3,965247	-10,0000
3,966116	-10,0000
3,966985	-10,0000
3,967854	-10,0000
3,968723	-10,0000
3,969592	-10,0000
3,970461	-10,0000
3,971330	-10,0000
3,972199	-10,0000
3,973068	-10,0000
3,973937	-10,0000
3,974806	-10,0000
3,975675	-10,0000
3,976544	-10,0000
3,977413	-10,0000
3,978282	-10,0000
3,979151	-10,0000
3,980020	-10,0000
3,980889	-10,0000
3,981758	-10,0000
3,982627	-10,0000
3,983496	-10,0000
3,984365	-10,0000
3,985234	-10,0000
3,986103	-10,0000
3,986972	-10,0000
3,987841	-10,0000
3,988710	-10,0000
3,989579	-10,0000
3,990448	-10,0000
3,991317	-10,0000
3,992186	-10,0000
3,993055	-10,0000
3,993924	-10,0000
3,994793	-10,0000
3,995662	-10,0000
3,996531	-10,0000
3,997400	-10,0000
3,998269	-10,0000
3,999138	-10,0000
4,000007	-10,0000
4,000876	-10,0000
4,001745	-10,0000
4,002614	-10,0000
4,003483	-10,0000
4,004352	-10,0000
4,005221	-10,0000
4,006090	-10,0000
4,006959	-10,0000
4,007828	-10,0000
4,008697	-10,0000
4,009566	-10,0000
4,010435	-10,0000
4,011304	-10,0000
4,012173	-10,0000
4,013042	-10,0000
4,013911	-10,0000
4,014780	-10,0000
4,015649	-10,0000
4,016518	-10,0000
4,017387	-10,0000
4,018256	-10,0000
4,019125	-10,0000
4,019994	-10,0000
4,020863	-10,0000
4,021732	-10,0000
4,022601	-10,0000
4,023470	-10,0000
4,024339	-10,0000
4,025208	-10,0000
4,026077	-10,0000
4,026946	-10,0000
4,027815	-10,0000
4,028684	-10,0000
4,029553	-10,0000
4,030422	-10,0000
4,031291	-10,0000
4,032160	-10,0000
4,033029	-10,0000
4,033898	-10,0000
4,034767	-10,0000
4,035636	-10,0000
4,036505	-10,0000
4,037374	-10,0000
4,038243	-10,0000
4,039112	-10,0000
4,039981	-10,0000
4,040850	-10,0000
4,041719	-10,0000
4,042588	-10,0000
4,043457	-10,0000
4,044326	-10,0000
4,045195	-10,0000
4,046064	-10,0000
4,046933	-10,0000
4,047802	-10,0000
4,048671	-10,0000
4,049540	-10,0000
4,050409	-10,0000
4,051278	-10,0000
4,052147	-10,0000
4,053016	-10,0000
4,053885	-10,0000
4,054754	-10,0000
4,055623	-10,0000
4,056492	-10,0000
4,057361	-10,0000
4,058230	-10,0000
4,059099	-10,0000
4,059968	-10,0000
4,060837	-10,0000
4,061706	-10,0000
4,062575	-10,0000
4,063444	-10,0000
4,064313	-10,0000
4,065182	-10,0000
4,066051	-10,0000
4,066920	-10,0000
4,067789	-10,0000
4,068658	-10,0000
4,069527	-10,0000
4,070396	-10,0000
4,071265	-10,0000
4,072134	-10,0000
4,073003	-10,0000
4,073872	-10,0000
4,074741	-10,0000
4,075610	-10,0000
4,076479	-10,0000
4,077348	-10,0000
4,078217	-10,0000
4,079086	-10,0000
4,079955	-10,0000
4,080824	-10,0000
4,081693	-10,0000
4,082562	-10,0000
4,083431	-10,0000
4,084300	-10,0000
4,085169	-10,0000
4,086038	-10,0000
4,086907	-10,0000
4,087776	-10,0000
4,088645	-10,0000
4,089514	-10,0000
4,090383	-10,0000
4,091252	-10,0000
4,092121	-10,0000
4,092990	-10,0000
4,093859	-10,0000
4,094728	-10,0000
4,095597	-10,0000
4,096466	-10,0000
4,097335	-10,0000
4,098204	-10,0000
4,099073	-10,0000
4,099942	-10,0000
4,100811	-10,0000
4,101680	-10,0000
4,102549	-10,0000
4,103418	-10,0000
4,104287	-10,0000
4,105156	-10,0000
4,106025	-10,0000
4,106894	-10,0000
4,107763	-10,0000
4,108632	-10,0000
4,109501	-10,0000
4,110370	-10,0000
4,111239	-10,0000
4,112108	-10,0000
4,112977	-10,0000
4,113846	-10,0000
4,114715	-10,0000
4,115584	-10,0000
4,116453	-10,0000
4,117322	-10,0000
4,118191	-10,0000
4,119060	-10,0000
4,119929	-10,0000
4,120798	-10,0000
4,121667	-10,0000
4,122536	-10,0000
4,123405	-10,0000
4,124274	-10,0000
4,125143	-10,0000
4,126012	-10,0000
4,126881	-10,0000
4,127750	-10,0000
4,128619	-10,0000
4,129488	-10,0000
4,130357	-10,0000
4,131226	-10,0000
4,132095	-10,0000
4,132964	-10,0000
4,133833	-10,0000
4,134702	-10,0000
4,135571	-10,0000
4,136440	-10,0000
4,137309	-10,0000
4,138178	-10,0000
4,139047	-10,0000
4,139916	-10,0000
4,140785	-10,0000
4,141654	-10,0000
4,142523	-10,0000
4,143392	-10,0000
4,144261	-10,0000
4,145130	-10,0000
4,145999	-10,0000
4,146868	-10,0000
4,147737	-10,0000
4,148606	-10,0000
4,149475	-10,0000
4,150344	-10,0000
4,151213	-10,0000
4,152082	-10,0000
4,152951	-10,0000
4,153820	-10,0000
4,154689	-10,0000
4,155558	-10,0000
4,156427	-10,0000
4,157296	-10,0000
4,158165	-10,0000
4,159034	-10,0000
4,159903	-10,0000
4,160772	-10,0000
4,161641	-10,0000
4,162510	-10,0000
4,163379	-10,0000
4,164248	-10,0000
4,165117	-10,0000
4,165986	-10,0000
4,166855	-10,0000
4,167724	-10,0000
4,168593	-10,0000
4,169462	-10,0000
4,170331	-10,0000
4,171200	-10,0000
4,172069	-10,0000
4,172938	-10,0000
4,173807	-10,0000
4,174676	-10,0000
4,175545	-10,0000
4,176414	-10,0000
4,177283	-10,0000
4,178152	-10,0000
4,179021	-10,0000
4,179890	-10,0000
4,180759	-10,0000
4,181628	-10,0000
4,182497	-10,0000
4,183366	-10,0000
4,184235	-10,0000
4,185104	-10,0000
4,185973	-10,0000
4,186842	-10,0000
4,187711	-10,0000
4,188580	-10,0000
4,189449	-10,0000
4,190318	-10,0000
4,191187	-10,0000
4,192056	-10,0000
4,192925	-10,0000
4,193794	-10,0000
4,194663	-10,0000
4,195532	-10,0000
4,196401	-10,0000
4,197270	-10,0000
4,198139	-10,0000
4,199008	-10,0000
4,199877	-10,0000
4,200746	-10,0000
4,201615	-10,0000
4,202484	-10,0000
4,203353	-10,0000
4,204222	-10,0000
4,205091	-10,0000
4,205960	-10,0000
4,206829	-10,0000
4,207698	-10,0000
4,208567	-10,0000
4,209436	-10,0000
4,210305	-10,0000
4,211174	-10,0000
4,212043	-10,0000
4,212912	-10,0000
4,213781	-10,0000
4,214650	-10,0000
4,215519	-10,0000
4,216388	-10,0000
4,217257	-10,0000
4,218126	-10,0000
4,218995	-10,0000
4,219864	-10,0000
4,220733	-10,0000
4,221602	-10,0000
4,222471	-10,0000
4,223340	-10,0000
4,224209	-10,0000
4,225078	-10,0000
4,225947	-10,0000
4,226816	-10,0000
4,227685	-10,0000
4,228554	-10,0000
4,229423	-10,0000
4,230292	-10,0000
4,231161	-10,0000
4,232030	-10,0000
4,232899	-10,0000
4,233768	-10,0000
4,234637	-10,0000
4,235506	-10,0000
4,236375	-10,0000
4,237244	-10,0000
4,238113	-10,0000
4,238982	-10,0000
4,239851	-10,0000
4,240720	-10,0000
4,241589	-10,0000
4,242458	-10,0000
4,243327	-10,0000
4,244196	-10,0000
4,245065	-10,0000
4,245934	-10,0000
4,246803	-10,0000
4,247672	-10,0000
4,248541	-10,0000
4,249410	-10,0000
4,250279	-10,0000
4,251148	-10,0000
4,252017	-10,0000
4,252886	-10,0000
4,253755	-10,0000
4,254624	-10,0000
4,255493	-10,0000
4,256362	-10,0000
4,257231	-10,0000
4,258100	-10,0000
4,258969	-10,0000
4,259838	-10,0000
4,260707	-10,0000
4,261576	-10,0000
4,262445	-10,0000
4,263314	-10,0000
4,264183	-10,0000
4,265052	-10,0000
4,265921	-10,0000
4,266790	-10,0000
4,267659	-10,0000
4,268528	-10,0000
4,269397	-10,0000
4,270266	-10,0000
4,271135	-10,0000
4,272004	-10,0000
4,272873	-10,0000
4,273742	-10,0000
4,274611	-10,0000
4,275480	-10,0000
4,276349	-10,0000
4,277218	-10,0000
4,278087	-10,0000
4,278956	-10,0000
4,279825	-10,0000
4,280694	-10,0000
4,281563	-10,0000
4,282432	-10,0000
4,283301	-10,0000
4,284170	-10,0000
4,285039	-10,0000
4,285908	-10,0000
4,286777	-10,0000
4,287646	-10,0000
4,288515	-10,0000
4,289384	-10,0000
4,290253	-10,0000
4,291122	-10,0000
4,291991	-10,0000
4,292860	-10,0000
4,293729	-10,0000
4,294598	-10,0000
4,295467	-10,0000
4,296336	-10,0000
4,297205	-10,0000
4,298074	-10,0000
4,298943	-10,0000
4,299812	-10,0000
4,300681	-10,0000
4,301550	-10,0000
4,302419	-10,0000
4,303288	-10,0000
4,304157	-10,0000
4,305026	-10,0000
4,305895	-10,0000
4,306764	-10,0000
4,307633	-10,0000
4,308502	-10,0000
4,309371	-10,0000
4,310240	-10,0000
4,311109	-10,0000
4,311978	-10,0000
4,312847	-10,0000
4,313716	-10,0000
4,314585	-10,0000
4,315454	-10,0000
4,316323	-10,0000
4,317192	-10,0000
4,318061	-10,0000
4,318930	-10,0000
4,319799	-10,0000
4,320668	-10,0000
4,321537	-10,0000
4,322406	-10,0000
4,323275	-10,0000
4,324144	-10,0000
4,325013	-10,0000
4,325882	-10,0000
4,326751	-10,0000
4,327620	-10,0000
4,328489	-10,0000
4,329358	-10,0000
4,330227	-10,0000
4,331096	-10,0000
4,331965	-10,0000
4,332834	-10,0000
4,333703	-10,0000
4,334572	-10,0000
4,335441	-10,0000
4,336310	-10,0000
4,337179	-10,0000
4,338048	-10,0000
4,338917	-10,0000
4,339786	-10,0000
4,340655	-10,0000
4,341524	-10,0000
4,342393	-10,0000
4,343262	-10,0000
4,344131	-10,0000
4,345000	-10,0000
