0,000869	-0,0146
0,001738	-0,0150
0,002607	-0,0189
0,003476	-0,0150
0,004345	-0,0143
0,005214	-0,0156
0,006083	-0,0174
0,006952	-0,0143
0,007821	-0,0159
0,008690	-0,0153
0,009559	-0,0150
0,010428	-0,0150
0,011297	-0,0137
0,012166	-0,0140
0,013035	-0,0156
0,013904	-0,0156
0,014773	-0,0168
0,015642	-0,0125
0,016511	-0,0146
0,017380	-0,0150
0,018249	-0,0156
0,019118	-0,0162
0,019987	-0,0159
0,020856	-0,0159
0,021725	-0,0146
0,022594	-0,0150
0,023463	-0,0159
0,024332	-0,0150
0,025201	-0,0171
0,026070	-0,0177
0,026939	-0,0159
0,027808	-0,0143
0,028677	-0,0150
0,029546	-0,0156
0,030415	-0,0150
0,031284	-0,0134
0,032153	-0,0162
0,033022	-0,0177
0,033891	-0,0168
0,034760	-0,0214
0,035629	-0,0174
0,036498	-0,0146
0,037367	-0,0153
0,038236	-0,0153
0,039105	-0,0153
0,039974	-0,0153
0,040843	-0,0150
0,041712	-0,0150
0,042581	-0,0146
0,043450	-0,0140
0,044319	-0,0165
0,045188	-0,0128
0,046057	-0,0137
0,046926	-0,0171
0,047795	-0,0159
0,048664	-0,0153
0,049533	-0,0150
0,050402	-0,0156
0,051271	-0,0128
0,052140	-0,0156
0,053009	-0,0159
0,053878	-0,0156
0,054747	-0,0131
0,055616	-0,0192
0,056485	-0,0183
0,057354	-0,0156
0,058223	-0,0150
0,059092	-0,0153
0,059961	-0,0159
0,060830	-0,0162
0,061699	-0,0159
0,062568	-0,0159
0,063437	-0,0156
0,064306	-0,0162
0,065175	-0,0168
0,066044	-0,0107
0,066913	-0,0113
0,067782	-0,0153
0,068651	-0,0153
0,069520	-0,0153
0,070389	-0,0146
0,071258	-0,0137
0,072127	-0,0168
0,072996	-0,0162
0,073865	-0,0168
0,074734	-0,0150
0,075603	-0,0189
0,076472	-0,0146
0,077341	-0,0150
0,078210	-0,0150
0,079079	-0,0150
0,079948	-0,0150
0,080817	-0,0150
0,081686	-0,0153
0,082555	-0,0162
0,083424	-0,0153
0,084293	-0,0153
0,085162	-0,0125
0,086031	-0,0165
0,086900	-0,0113
0,087769	-0,0156
0,088638	-0,0159
0,089507	-0,0159
0,090376	-0,0150
0,091245	-0,0116
0,092114	-0,0150
0,092983	-0,0162
0,093852	-0,0162
0,094721	-0,0159
0,095590	-0,0162
0,096459	-0,0150
0,097328	-0,0204
0,098197	-0,0156
0,099066	-0,0156
0,099935	-0,0159
0,100804	-0,0159
0,101673	-0,0162
0,102542	-0,0131
0,103411	-0,0153
0,104280	-0,0140
0,105149	-0,0159
0,106018	-0,0137
0,106887	-0,0150
0,107756	-0,0150
0,108625	-0,0150
0,109494	-0,0159
0,110363	-0,0153
0,111232	-0,0140
0,112101	-0,0198
0,112970	-0,0208
0,113839	-0,0165
0,114708	-0,0156
0,115577	-0,0156
0,116446	-0,0159
0,117315	-0,0143
0,118184	-0,0153
0,119053	-0,0150
0,119922	-0,0150
0,120791	-0,0156
0,121660	-0,0143
0,122529	-0,0140
0,123398	-0,0122
0,124267	-0,0137
0,125136	-0,0156
0,126005	-0,0201
0,126874	-0,0162
0,127743	-0,0165
0,128612	-0,0156
0,129481	-0,0143
0,130350	-0,0150
0,131219	-0,0140
0,132088	-0,0156
0,132957	-0,0156
0,133826	-0,0150
0,134695	-0,0156
0,135564	-0,0165
0,136433	-0,0146
0,137302	-0,0162
0,138171	-0,0159
0,139040	-0,0156
0,139909	-0,0162
0,140778	-0,0159
0,141647	-0,0156
0,142516	-0,0156
0,143385	-0,0131
0,144254	-0,0137
0,145123	-0,0156
0,145992	-0,0171
0,146861	-0,0150
0,147730	-0,0159
0,148599	-0,0153
0,149468	-0,0153
0,150337	-0,0153
0,151206	-0,0134
0,152075	-0,0156
0,152944	-0,0156
0,153813	-0,0140
0,154682	-0,0168
0,155551	-0,0168
0,156420	-0,0159
0,157289	-0,0140
0,158158	-0,0156
0,159027	-0,0150
0,159896	-0,0150
0,160765	-0,0159
0,161634	-0,0128
0,162503	-0,0153
0,163372	-0,0137
0,164241	-0,0168
0,165110	-0,0107
0,165979	-0,0162
0,166848	-0,0168
0,167717	-0,0162
0,168586	-0,0153
0,169455	-0,0153
0,170324	-0,0153
0,171193	-0,0137
0,172062	-0,0156
0,172931	-0,0150
0,173800	-0,0165
0,174669	-0,0153
0,175538	-0,0186
0,176407	-0,0140
0,177276	-0,0143
0,178145	-0,0146
0,179014	-0,0153
0,179883	-0,0153
0,180752	-0,0162
0,181621	-0,0177
0,182490	-0,0140
0,183359	-0,0140
0,184228	-0,0153
0,185097	-0,0131
0,185966	-0,0177
0,186835	-0,0156
0,187704	-0,0143
0,188573	-0,0153
0,189442	-0,0150
0,190311	-0,0159
0,191180	-0,0162
0,192049	-0,0131
0,192918	-0,0153
0,193787	-0,0162
0,194656	-0,0146
0,195525	-0,0162
0,196394	-0,0168
0,197263	-0,0146
0,198132	-0,0153
0,199001	-0,0156
0,199870	-0,0153
0,200739	-0,0156
0,201608	-0,0150
0,202477	-0,0162
0,203346	-0,0165
0,204215	-0,0150
0,205084	-0,0140
0,205953	-0,0165
0,206822	-0,0146
0,207691	-0,0159
0,208560	-0,0153
0,209429	-0,0159
0,210298	-0,0159
0,211167	-0,0137
0,212036	-0,0143
0,212905	-0,0174
0,213774	-0,0150
0,214643	-0,0150
0,215512	-0,0174
0,216381	-0,0204
0,217250	-0,0159
0,218119	-0,0153
0,218988	-0,0165
0,219857	-0,0156
0,220726	-0,0159
0,221595	-0,0159
0,222464	-0,0165
0,223333	-0,0168
0,224202	-0,0153
0,225071	-0,0134
0,225940	-0,0153
0,226809	-0,0131
0,227678	-0,0153
0,228547	-0,0153
0,229416	-0,0156
0,230285	-0,0159
0,231154	-0,0137
0,232023	-0,0168
0,232892	-0,0137
0,233761	-0,0131
0,234630	-0,0140
0,235499	-0,0165
0,236368	-0,0165
0,237237	-0,0143
0,238106	-0,0153
0,238975	-0,0156
0,239844	-0,0156
0,240713	-0,0153
0,241582	-0,0146
0,242451	-0,0150
0,243320	-0,0143
0,244189	-0,0165
0,245058	-0,0192
0,245927	-0,0189
0,246796	-0,0128
0,247665	-0,0159
0,248534	-0,0150
0,249403	-0,0156
0,250272	-0,0150
0,251141	-0,0134
0,252010	-0,0156
0,252879	-0,0159
0,253748	-0,0140
0,254617	-0,0146
0,255486	-0,0162
0,256355	-0,0156
0,257224	-0,0162
0,258093	-0,0143
0,258962	-0,0153
0,259831	-0,0159
0,260700	-0,0165
0,261569	-0,0150
0,262438	-0,0150
0,263307	-0,0153
0,264176	-0,0137
0,265045	-0,0137
0,265914	-0,0134
0,266783	-0,0137
0,267652	-0,0156
0,268521	-0,0153
0,269390	-0,0146
0,270259	-0,0156
0,271128	-0,0153
0,271997	-0,0150
0,272866	-0,0159
0,273735	-0,0168
0,274604	-0,0177
0,275473	-0,0159
0,276342	-0,0146
0,277211	-0,0159
0,278080	-0,0146
0,278949	-0,0150
0,279818	-0,0159
0,280687	-0,0150
0,281556	-0,0156
0,282425	-0,0150
0,283294	-0,0153
0,284163	-0,0150
0,285032	-0,0150
0,285901	-0,0165
0,286770	-0,0128
0,287639	-0,0156
0,288508	-0,0162
0,289377	-0,0156
0,290246	-0,0153
0,291115	-0,0150
0,291984	-0,0143
0,292853	-0,0156
0,293722	-0,0153
0,294591	-0,0125
0,295460	-0,0174
0,296329	-0,0204
0,297198	-0,0156
0,298067	-0,0153
0,298936	-0,0156
0,299805	-0,0156
0,300674	-0,0159
0,301543	-0,0156
0,302412	-0,0168
0,303281	-0,0137
0,304150	-0,0150
0,305019	-0,0177
0,305888	-0,0092
0,306757	-0,0122
0,307626	-0,0150
0,308495	-0,0150
0,309364	-0,0153
0,310233	-0,0159
0,311102	-0,0146
0,311971	-0,0165
0,312840	-0,1392
0,313709	-0,4682
0,314578	-0,7620
0,315447	-0,9507
0,316316	-0,9809
0,317185	-0,9247
0,318054	-0,9485
0,318923	-0,8628
0,319792	-0,7016
0,320661	-0,4660
0,321530	-0,1794
0,322399	0,1306
0,323268	0,4422
0,324137	0,7379
0,325006	0,9763
0,325875	1,1423
0,326744	1,2223
0,327613	1,2055
0,328482	1,1106
0,329351	0,9421
0,330220	0,7025
0,331089	0,4111
0,331958	0,0891
0,332827	-0,2347
0,333696	-0,5466
0,334565	-0,8310
0,335434	-1,0413
0,336303	-1,1670
0,337172	-1,2037
0,338041	-1,1673
0,338910	-1,0471
0,339779	-0,8481
0,340648	-0,5823
0,341517	-0,2768
0,342386	0,0409
0,343255	0,3555
0,344124	0,6421
0,344993	0,8826
0,345862	1,0422
0,346731	1,1219
0,347600	1,1213
0,348469	1,0434
0,349338	0,8890
0,350207	0,6604
0,351076	0,3790
0,351945	0,0739
0,352814	-0,2255
0,353683	-0,5179
0,354552	-0,7852
0,355421	-0,9937
0,356290	-1,1243
0,357159	-1,1774
0,358028	-1,1487
0,358897	-1,0382
0,359766	-0,8548
0,360635	-0,6131
0,361504	-0,3385
0,362373	-0,0507
0,363242	0,2362
0,364111	0,5152
0,364980	0,7550
0,365849	0,9317
0,366718	1,0312
0,367587	1,0501
0,368456	0,9903
0,369325	0,8588
0,370194	0,6592
0,371063	0,4035
0,371932	0,1111
0,372801	-0,1862
0,373670	-0,4834
0,374539	-0,7529
0,375408	-0,9638
0,376277	-1,0941
0,377146	-1,1582
0,378015	-1,1426
0,378884	-1,0431
0,379753	-0,8609
0,380622	-0,6091
0,381491	-0,3223
0,382360	-0,0189
0,383229	0,2786
0,384098	0,5622
0,384967	0,8008
0,385836	0,9848
0,386705	1,0825
0,387574	1,0962
0,388443	1,0233
0,389312	0,8753
0,390181	0,6632
0,391050	0,4031
0,391919	0,1123
0,392788	-0,1859
0,393657	-0,4828
0,394526	-0,7508
0,395395	-0,9601
0,396264	-1,0923
0,397133	-1,1490
0,398002	-1,1359
0,398871	-1,0422
0,399740	-0,8689
0,400609	-0,6241
0,401478	-0,3415
0,402347	-0,0403
0,403216	0,2506
0,404085	0,5338
0,404954	0,7743
0,405823	0,9589
0,406692	1,0611
0,407561	1,0828
0,408430	1,0181
0,409299	0,8771
0,410168	0,6720
0,411037	0,4160
0,411906	0,1260
0,412775	-0,1697
0,413644	-0,4639
0,414513	-0,7349
0,415382	-0,9452
0,416251	-1,0831
0,417120	-1,1463
0,417989	-1,1402
0,418858	-1,0486
0,419727	-0,8731
0,420596	-0,6269
0,421465	-0,3494
0,422334	-0,0543
0,423203	0,2335
0,424072	0,5194
0,424941	0,7624
0,425810	0,9503
0,426679	1,0578
0,427548	1,0733
0,428417	1,0126
0,429286	0,8820
0,430155	0,6845
0,431024	0,4309
0,431893	0,1404
0,432762	-0,1517
0,433631	-0,4422
0,434500	-0,7053
0,435369	-0,9101
0,436238	-1,0486
0,437107	-1,1173
0,437976	-1,1026
0,438845	-1,0065
0,439714	-0,8304
0,440583	-0,5972
0,441452	-0,3262
0,442321	-0,0305
0,443190	0,2606
0,444059	0,5426
0,444928	0,7840
0,445797	0,9586
0,446666	1,0538
0,447535	1,0761
0,448404	1,0263
0,449273	0,8997
0,450142	0,6977
0,451011	0,4376
0,451880	0,1529
0,452749	-0,1309
0,453618	-0,4147
0,454487	-0,6812
0,455356	-0,8893
0,456225	-1,0309
0,457094	-1,0862
0,457963	-1,0691
0,458832	-0,9784
0,459701	-0,8167
0,460570	-0,5878
0,461439	-0,3192
0,462308	-0,0247
0,463177	0,2567
0,464046	0,5307
0,464915	0,7566
0,465784	0,9372
0,466653	1,0355
0,467522	1,0581
0,468391	0,9973
0,469260	0,8661
0,470129	0,6717
0,470998	0,4218
0,471867	0,1361
0,472736	-0,1505
0,473605	-0,4379
0,474474	-0,6934
0,475343	-0,8975
0,476212	-1,0282
0,477081	-1,0874
0,477950	-1,0724
0,478819	-0,9680
0,479688	-0,7901
0,480557	-0,5554
0,481426	-0,2817
0,482295	0,0162
0,483164	0,3119
0,484033	0,5933
0,484902	0,8313
0,485771	1,0047
0,486640	1,1029
0,487509	1,1225
0,488378	1,0599
0,489247	0,9165
0,490116	0,7022
0,490985	0,4453
0,491854	0,1593
0,492723	-0,1346
0,493592	-0,4273
0,494461	-0,6937
0,495330	-0,9009
0,496199	-1,0389
0,497068	-1,1035
0,497937	-1,0944
0,498806	-1,0004
0,499675	-0,8197
0,500544	-0,5759
0,501413	-0,3018
0,502282	-0,0037
0,503151	0,2948
0,504020	0,5844
0,504889	0,8219
0,505758	1,0053
0,506627	1,1100
0,507496	1,1405
0,508365	1,0892
0,509234	0,9510
0,510103	0,7370
0,510972	0,4773
0,511841	0,1917
0,512710	-0,0970
0,513579	-0,3974
0,514448	-0,6693
0,515317	-0,8832
0,516186	-1,0160
0,517055	-1,0834
0,517924	-1,0804
0,518793	-0,9931
0,519662	-0,8176
0,520531	-0,5786
0,521400	-0,3058
0,522269	-0,0092
0,523138	0,2814
0,524007	0,5713
0,524876	0,8112
0,525745	0,9909
0,526614	1,0849
0,527483	1,1188
0,528352	1,0645
0,529221	0,9256
0,530090	0,7163
0,530959	0,4627
0,531828	0,1776
0,532697	-0,1160
0,533566	-0,4096
0,534435	-0,6784
0,535304	-0,8844
0,536173	-1,0147
0,537042	-1,0767
0,537911	-1,0648
0,538780	-0,9641
0,539649	-0,7880
0,540518	-0,5557
0,541387	-0,2853
0,542256	0,0058
0,543125	0,3012
0,543994	0,5820
0,544863	0,8182
0,545732	0,9827
0,546601	1,0776
0,547470	1,0962
0,548339	1,0260
0,549208	0,8823
0,550077	0,6809
0,550946	0,4273
0,551815	0,1413
0,552684	-0,1489
0,553553	-0,4315
0,554422	-0,6815
0,555291	-0,8869
0,556160	-1,0187
0,557029	-1,0724
0,557898	-1,0508
0,558767	-0,9528
0,559636	-0,7944
0,560505	-0,5759
0,561374	-0,3134
0,562243	-0,0256
0,563112	0,2503
0,563981	0,5176
0,564850	0,7532
0,565719	0,9323
0,566588	1,0340
0,567457	1,0633
0,568326	1,0190
0,569195	0,9085
0,570064	0,7239
0,570933	0,4703
0,571802	0,1880
0,572671	-0,0943
0,573540	-0,3873
0,574409	-0,6681
0,575278	-0,8936
0,576147	-1,0385
0,577016	-1,1112
0,577885	-1,1167
0,578754	-1,0379
0,579623	-0,8670
0,580492	-0,6256
0,581361	-0,3577
0,582230	-0,0574
0,583099	0,2399
0,583968	0,5298
0,584837	0,7688
0,585706	0,9378
0,586575	1,0355
0,587444	1,0605
0,588313	0,9925
0,589182	0,8490
0,590051	0,6510
0,590920	0,4010
0,591789	0,1117
0,592658	-0,1688
0,593527	-0,4425
0,594396	-0,6894
0,595265	-0,8826
0,596134	-1,0184
0,597003	-1,0743
0,597872	-1,0620
0,598741	-0,9784
0,599610	-0,8301
0,600479	-0,6134
0,601348	-0,3519
0,602217	-0,0735
0,603086	0,1999
0,603955	0,4779
0,604824	0,7279
0,605693	0,9183
0,606562	1,0297
0,607431	1,0596
0,608300	1,0202
0,609169	0,8960
0,610038	0,6861
0,610907	0,4233
0,611776	0,1343
0,612645	-0,1666
0,613514	-0,4688
0,614383	-0,7376
0,615252	-0,9397
0,616121	-1,0700
0,616990	-1,1341
0,617859	-1,1069
0,618728	-0,9964
0,619597	-0,8271
0,620466	-0,6046
0,621335	-0,3427
0,622204	-0,0598
0,623073	0,2112
0,623942	0,4730
0,624811	0,7086
0,625680	0,8881
0,626549	1,0022
0,627418	1,0355
0,628287	1,0004
0,629156	0,8966
0,630025	0,7086
0,630894	0,4550
0,631763	0,1721
0,632632	-0,1205
0,633501	-0,4184
0,634370	-0,7001
0,635239	-0,9146
0,636108	-1,0517
0,636977	-1,1081
0,637846	-1,0920
0,638715	-0,9809
0,639584	-0,8069
0,640453	-0,5817
0,641322	-0,3165
0,642191	-0,0339
0,643060	0,2362
0,643929	0,4843
0,644798	0,7123
0,645667	0,8918
0,646536	1,0028
0,647405	1,0355
0,648274	1,0001
0,649143	0,8924
0,650012	0,7050
0,650881	0,4505
0,651750	0,1694
0,652619	-0,1212
0,653488	-0,4227
0,654357	-0,7047
0,655226	-0,9149
0,656095	-1,0495
0,656964	-1,1112
0,657833	-1,0785
0,658702	-0,9650
0,659571	-0,7941
0,660440	-0,5731
0,661309	-0,3153
0,662178	-0,0354
0,663047	0,2304
0,663916	0,4886
0,664785	0,7361
0,665654	0,9265
0,666523	1,0419
0,667392	1,0816
0,668261	1,0526
0,669130	0,9369
0,669999	0,7285
0,670868	0,4675
0,671737	0,1776
0,672606	-0,1230
0,673475	-0,4160
0,674344	-0,6769
0,675213	-0,8643
0,676082	-0,9958
0,676951	-1,0489
0,677820	-1,0273
0,678689	-0,9430
0,679558	-0,8054
0,680427	-0,5994
0,681296	-0,3452
0,682165	-0,0662
0,683034	0,2149
0,683903	0,5054
0,684772	0,7648
0,685641	0,9503
0,686510	1,0535
0,687379	1,0837
0,688248	1,0163
0,689117	0,8667
0,689986	0,6668
0,690855	0,4181
0,691724	0,1450
0,692593	-0,1276
0,693462	-0,3851
0,694331	-0,6296
0,695200	-0,8338
0,696069	-0,9857
0,696938	-1,0654
0,697807	-1,0724
0,698676	-1,0080
0,699545	-0,8444
0,700414	-0,6015
0,701283	-0,3241
0,702152	-0,0189
0,703021	0,2777
0,703890	0,5487
0,704759	0,7642
0,705628	0,9311
0,706497	1,0163
0,707366	1,0376
0,708235	0,9891
0,709104	0,8887
0,709973	0,7199
0,710842	0,4779
0,711711	0,2005
0,712580	-0,0891
0,713449	-0,3903
0,714318	-0,6787
0,715187	-0,8890
0,716056	-1,0263
0,716925	-1,0788
0,717794	-1,0517
0,718663	-0,9479
0,719532	-0,7956
0,720401	-0,5899
0,721270	-0,3430
0,722139	-0,0678
0,723008	0,1996
0,723877	0,4755
0,724746	0,7331
0,725615	0,9272
0,726484	1,0370
0,727353	1,0685
0,728222	1,0019
0,729091	0,8506
0,729960	0,6507
0,730829	0,4041
0,731698	0,1334
0,732567	-0,1263
0,733436	-0,3839
0,734305	-0,6378
0,735174	-0,8591
0,736043	-1,0184
0,736912	-1,0959
0,737781	-1,1090
0,738650	-1,0199
0,739519	-0,8329
0,740388	-0,5908
0,741257	-0,3159
0,742126	-0,0238
0,742995	0,2460
0,743864	0,4904
0,744733	0,7150
0,745602	0,8942
0,746471	1,0074
0,747340	1,0486
0,748209	1,0294
0,749078	0,9162
0,749947	0,7056
0,750816	0,4462
0,751685	0,1520
0,752554	-0,1434
0,753423	-0,4132
0,754292	-0,6503
0,755161	-0,8371
0,756030	-0,9757
0,756899	-1,0453
0,757768	-1,0623
0,758637	-1,0071
0,759506	-0,8548
0,760375	-0,6198
0,761244	-0,3458
0,762113	-0,0406
0,762982	0,2527
0,763851	0,5136
0,764720	0,7224
0,765589	0,8777
0,766458	0,9738
0,767327	1,0111
0,768196	0,9839
0,769065	0,8878
0,769934	0,6998
0,770803	0,4431
0,771672	0,1529
0,772541	-0,1498
0,773410	-0,4370
0,774279	-0,6781
0,775148	-0,8667
0,776017	-0,9879
0,776886	-1,0462
0,777755	-1,0492
0,778624	-0,9952
0,779493	-0,8600
0,780362	-0,6253
0,781231	-0,3464
0,782100	-0,0427
0,782969	0,2551
0,783838	0,5185
0,784707	0,7300
0,785576	0,8905
0,786445	0,9919
0,787314	1,0257
0,788183	1,0044
0,789052	0,9122
0,789921	0,7184
0,790790	0,4596
0,791659	0,1645
0,792528	-0,1325
0,793397	-0,4047
0,794266	-0,6394
0,795135	-0,8231
0,796004	-0,9571
0,796873	-1,0321
0,797742	-1,0492
0,798611	-0,9909
0,799480	-0,8310
0,800349	-0,5933
0,801218	-0,3214
0,802087	-0,0192
0,802956	0,2548
0,803825	0,4965
0,804694	0,7080
0,805563	0,8829
0,806432	1,0071
0,807301	1,0526
0,808170	1,0300
0,809039	0,8991
0,809908	0,6793
0,810777	0,4205
0,811646	0,1395
0,812515	-0,1340
0,813384	-0,3772
0,814253	-0,6195
0,815122	-0,8365
0,815991	-1,0001
0,816860	-1,0816
0,817729	-1,0978
0,818598	-0,9949
0,819467	-0,8060
0,820336	-0,5792
0,821205	-0,3235
0,822074	-0,0616
0,822943	0,1920
0,823812	0,4587
0,824681	0,7163
0,825550	0,9153
0,826419	1,0266
0,827288	1,0492
0,828157	0,9656
0,829026	0,8274
0,829895	0,6525
0,830764	0,4331
0,831633	0,1819
0,832502	-0,0848
0,833371	-0,3772
0,834240	-0,6684
0,835109	-0,8795
0,835978	-1,0034
0,836847	-1,0416
0,837716	-1,0144
0,838585	-0,9363
0,839454	-0,8151
0,840323	-0,6159
0,841192	-0,3537
0,842061	-0,0562
0,842930	0,2469
0,843799	0,5231
0,844668	0,7385
0,845537	0,8905
0,846406	0,9803
0,847275	1,0123
0,848144	0,9964
0,849013	0,9082
0,849882	0,7080
0,850751	0,4474
0,851620	0,1523
0,852489	-0,1303
0,853358	-0,3781
0,854227	-0,6101
0,855096	-0,8148
0,855965	-0,9732
0,856834	-1,0633
0,857703	-1,0797
0,858572	-0,9772
0,859441	-0,7926
0,860310	-0,5689
0,861179	-0,3192
0,862048	-0,0601
0,862917	0,1898
0,863786	0,4645
0,864655	0,7352
0,865524	0,9207
0,866393	1,0218
0,867262	1,0218
0,868131	0,9436
0,869000	0,8316
0,869869	0,6790
0,870738	0,4547
0,871607	0,1801
0,872476	-0,1175
0,873345	-0,4172
0,874214	-0,6723
0,875083	-0,8509
0,875952	-0,9668
0,876821	-1,0273
0,877690	-1,0465
0,878559	-1,0028
0,879428	-0,8478
0,880297	-0,6049
0,881166	-0,3235
0,882035	-0,0397
0,882904	0,2121
0,883773	0,4508
0,884642	0,6851
0,885511	0,8884
0,886380	1,0114
0,887249	1,0504
0,888118	0,9726
0,888987	0,8255
0,889856	0,6488
0,890725	0,4324
0,891594	0,1880
0,892463	-0,0821
0,893332	-0,3793
0,894201	-0,6656
0,895070	-0,8612
0,895939	-0,9711
0,896808	-1,0120
0,897677	-1,0105
0,898546	-0,9650
0,899415	-0,8374
0,900284	-0,6034
0,901153	-0,3229
0,902022	-0,0201
0,902891	0,2411
0,903760	0,4703
0,904629	0,6888
0,905498	0,8863
0,906367	1,0120
0,907236	1,0633
0,908105	0,9986
0,908974	0,8390
0,909843	0,6571
0,910712	0,4416
0,911581	0,1953
0,912450	-0,0726
0,913319	-0,3760
0,914188	-0,6571
0,915057	-0,8472
0,915926	-0,9568
0,916795	-1,0056
0,917664	-1,0092
0,918533	-0,9644
0,919402	-0,8246
0,920271	-0,5899
0,921140	-0,3134
0,922009	-0,0299
0,922878	0,2200
0,923747	0,4526
0,924616	0,6958
0,925485	0,9052
0,926354	1,0218
0,927223	1,0428
0,928092	0,9510
0,928961	0,8188
0,929830	0,6681
0,930699	0,4556
0,931568	0,1895
0,932437	-0,1068
0,933306	-0,4038
0,934175	-0,6458
0,935044	-0,8179
0,935913	-0,9513
0,936782	-1,0285
0,937651	-1,0575
0,938520	-0,9909
0,939389	-0,8032
0,940258	-0,5716
0,941127	-0,3217
0,941996	-0,0702
0,942865	0,1825
0,943734	0,4617
0,944603	0,7248
0,945472	0,8930
0,946341	0,9696
0,947210	0,9729
0,948079	0,9363
0,948948	0,8600
0,949817	0,6882
0,950686	0,4321
0,951555	0,1386
0,952424	-0,1395
0,953293	-0,3729
0,954162	-0,6055
0,955031	-0,8295
0,955900	-0,9946
0,956769	-1,0688
0,957638	-1,0355
0,958507	-0,9183
0,959376	-0,7865
0,960245	-0,6082
0,961114	-0,3632
0,961983	-0,0708
0,962852	0,2347
0,963721	0,4855
0,964590	0,6821
0,965459	0,8478
0,966328	0,9674
0,967197	1,0282
0,968066	0,9854
0,968935	0,8264
0,969804	0,6366
0,970673	0,4209
0,971542	0,1825
0,972411	-0,0797
0,973280	-0,3827
0,974149	-0,6543
0,975018	-0,8310
0,975887	-0,9400
0,976756	-1,0031
0,977625	-1,0312
0,978494	-0,9799
0,979363	-0,7971
0,980232	-0,5603
0,981101	-0,3082
0,981970	-0,0620
0,982839	0,1868
0,983708	0,4703
0,984577	0,7291
0,985446	0,8914
0,986315	0,9717
0,987184	0,9775
0,988053	0,9586
0,988922	0,8808
0,989791	0,6806
0,990660	0,4215
0,991529	0,1474
0,992398	-0,1013
0,993267	-0,3381
0,994136	-0,6079
0,995005	-0,8499
0,995874	-0,9742
0,996743	-1,0105
0,997612	-0,9799
0,998481	-0,9272
0,999350	-0,8151
1,000219	-0,5914
1,001088	-0,3137
1,001957	-0,0244
1,002826	0,2158
1,003695	0,4465
1,004564	0,6922
1,005433	0,8951
1,006302	0,9986
1,007171	0,9922
1,008040	0,9217
1,008909	0,8423
1,009778	0,6928
1,010647	0,4456
1,011516	0,1520
1,012385	-0,1273
1,013254	-0,3500
1,014123	-0,5866
1,014992	-0,8158
1,015861	-0,9809
1,016730	-1,0285
1,017599	-0,9830
1,018468	-0,9049
1,019337	-0,7987
1,020206	-0,5979
1,021075	-0,3272
1,021944	-0,0272
1,022813	0,2152
1,023682	0,4382
1,024551	0,6772
1,025420	0,8884
1,026289	0,9946
1,027158	0,9903
1,028027	0,9110
1,028896	0,8319
1,029765	0,6861
1,030634	0,4367
1,031503	0,1440
1,032372	-0,1263
1,033241	-0,3452
1,034110	-0,5881
1,034979	-0,8277
1,035848	-0,9742
1,036717	-1,0166
1,037586	-0,9757
1,038455	-0,9174
1,039324	-0,8109
1,040193	-0,5924
1,041062	-0,3140
1,041931	-0,0296
1,042800	0,1959
1,043669	0,4318
1,044538	0,6973
1,045407	0,8847
1,046276	0,9629
1,047145	0,9528
1,048014	0,9232
1,048883	0,8557
1,049752	0,6656
1,050621	0,4038
1,051490	0,1364
1,052359	-0,0974
1,053228	-0,3394
1,054097	-0,6220
1,054966	-0,8411
1,055835	-0,9586
1,056704	-0,9854
1,057573	-0,9931
1,058442	-0,9626
1,059311	-0,7953
1,060180	-0,5588
1,061049	-0,3110
1,061918	-0,0705
1,062787	0,1816
1,063656	0,4776
1,064525	0,7093
1,065394	0,8402
1,066263	0,9268
1,067132	0,9836
1,068001	0,9723
1,068870	0,8185
1,069739	0,6186
1,070608	0,4117
1,071477	0,1788
1,072346	-0,0992
1,073215	-0,3955
1,074084	-0,6253
1,074953	-0,7883
1,075822	-0,9330
1,076691	-1,0276
1,077560	-1,0327
1,078429	-0,9024
1,079298	-0,7553
1,080167	-0,5869
1,081036	-0,3479
1,081905	-0,0494
1,082774	0,2335
1,083643	0,4456
1,084512	0,6549
1,085381	0,8579
1,086250	0,9769
1,087119	0,9729
1,087988	0,8945
1,088857	0,8167
1,089726	0,6693
1,090595	0,4184
1,091464	0,1312
1,092333	-0,1141
1,093202	-0,3369
1,094071	-0,6070
1,094940	-0,8335
1,095809	-0,9488
1,096678	-0,9684
1,097547	-0,9790
1,098416	-0,9510
1,099285	-0,7779
1,100154	-0,5460
1,101023	-0,3116
1,101892	-0,0766
1,102761	0,1962
1,103630	0,4837
1,104499	0,6827
1,105368	0,8176
1,106237	0,9378
1,107106	0,9885
1,107975	0,9330
1,108844	0,7801
1,109713	0,6311
1,110582	0,4352
1,111451	0,1669
1,112320	-0,1361
1,113189	-0,3687
1,114058	-0,5780
1,114927	-0,8042
1,115796	-0,9586
1,116665	-1,0010
1,117534	-0,9503
1,118403	-0,9049
1,119272	-0,7929
1,120141	-0,5594
1,121010	-0,2905
1,121879	-0,0519
1,122748	0,1810
1,123617	0,4672
1,124486	0,7007
1,125355	0,8258
1,126224	0,9079
1,127093	0,9723
1,127962	0,9406
1,128831	0,7801
1,129700	0,6125
1,130569	0,4248
1,131438	0,1724
1,132307	-0,1300
1,133176	-0,3732
1,134045	-0,5728
1,134914	-0,7877
1,135783	-0,9473
1,136652	-0,9967
1,137521	-0,9427
1,138390	-0,8948
1,139259	-0,7871
1,140128	-0,5548
1,140997	-0,2860
1,141866	-0,0525
1,142735	0,1801
1,143604	0,4746
1,144473	0,6922
1,145342	0,8148
1,146211	0,9104
1,147080	0,9766
1,147949	0,9265
1,148818	0,7678
1,149687	0,6214
1,150556	0,4288
1,151425	0,1581
1,152294	-0,1379
1,153163	-0,3543
1,154032	-0,5737
1,154901	-0,8042
1,155770	-0,9363
1,156639	-0,9555
1,157508	-0,9427
1,158377	-0,9186
1,159246	-0,7562
1,160115	-0,5258
1,160984	-0,2994
1,161853	-0,0714
1,162722	0,2152
1,163591	0,4810
1,164460	0,6565
1,165329	0,8148
1,166198	0,9449
1,167067	0,9680
1,167936	0,8731
1,168805	0,7843
1,169674	0,6482
1,170543	0,4022
1,171412	0,1260
1,172281	-0,0998
1,173150	-0,3351
1,174019	-0,6137
1,174888	-0,7895
1,175757	-0,8887
1,176626	-0,9543
1,177495	-0,9900
1,178364	-0,8771
1,179233	-0,7147
1,180102	-0,5536
1,180971	-0,3186
1,181840	-0,0177
1,182709	0,2249
1,183578	0,4233
1,184447	0,6690
1,185316	0,8512
1,186185	0,9137
1,187054	0,9131
1,187923	0,9226
1,188792	0,7993
1,189661	0,5924
1,190530	0,3958
1,191399	0,1703
1,192268	-0,1196
1,193137	-0,3751
1,194006	-0,5622
1,194875	-0,7642
1,195744	-0,9253
1,196613	-0,9635
1,197482	-0,9162
1,198351	-0,8860
1,199220	-0,7459
1,200089	-0,5121
1,200958	-0,2841
1,201827	-0,0598
1,202696	0,2216
1,203565	0,4743
1,204434	0,6406
1,205303	0,8106
1,206172	0,9418
1,207041	0,9354
1,207910	0,8567
1,208779	0,7981
1,209648	0,6241
1,210517	0,3693
1,211386	0,1401
1,212255	-0,0824
1,213124	-0,3656
1,213993	-0,5976
1,214862	-0,7404
1,215731	-0,8856
1,216600	-0,9754
1,217469	-0,9287
1,218338	-0,8377
1,219207	-0,7453
1,220076	-0,5341
1,220945	-0,2643
1,221814	-0,0415
1,222683	0,1895
1,223552	0,4758
1,224421	0,6571
1,225290	0,7880
1,226159	0,9113
1,227028	0,9583
1,227897	0,8481
1,228766	0,7605
1,229635	0,6256
1,230504	0,3757
1,231373	0,1193
1,232242	-0,0891
1,233111	-0,3500
1,233980	-0,6058
1,234849	-0,7492
1,235718	-0,8762
1,236587	-0,9693
1,237456	-0,9296
1,238325	-0,8246
1,239194	-0,7312
1,240063	-0,5283
1,240932	-0,2634
1,241801	-0,0406
1,242670	0,1868
1,243539	0,4691
1,244408	0,6522
1,245277	0,7776
1,246146	0,8982
1,247015	0,9272
1,247884	0,8280
1,248753	0,7547
1,249622	0,6034
1,250491	0,3516
1,251360	0,1184
1,252229	-0,0967
1,253098	-0,3806
1,253967	-0,5960
1,254836	-0,7419
1,255705	-0,8979
1,256574	-0,9659
1,257443	-0,9015
1,258312	-0,8518
1,259181	-0,7401
1,260050	-0,5066
1,260919	-0,2789
1,261788	-0,0592
1,262657	0,2164
1,263526	0,4419
1,264395	0,6034
1,265264	0,7862
1,266133	0,8945
1,267002	0,8612
1,267871	0,8380
1,268740	0,7535
1,269609	0,5472
1,270478	0,3470
1,271347	0,1370
1,272216	-0,1532
1,273085	-0,3763
1,273954	-0,5594
1,274823	-0,7846
1,275692	-0,9037
1,276561	-0,9049
1,277430	-0,9299
1,278299	-0,8640
1,279168	-0,6754
1,280037	-0,5206
1,280906	-0,3003
1,281775	-0,0113
1,282644	0,1968
1,283513	0,4071
1,284382	0,6519
1,285251	0,7779
1,286120	0,8386
1,286989	0,9046
1,287858	0,8319
1,288727	0,6992
1,289596	0,5780
1,290465	0,3558
1,291334	0,0949
1,292203	-0,1028
1,293072	-0,3534
1,293941	-0,5951
1,294810	-0,7282
1,295679	-0,8573
1,296548	-0,9381
1,297417	-0,8683
1,298286	-0,8136
1,299155	-0,7013
1,300024	-0,4721
1,300893	-0,2564
1,301762	-0,0360
1,302631	0,2460
1,303500	0,4373
1,304369	0,6244
1,305238	0,8115
1,306107	0,8722
1,306976	0,8658
1,307845	0,8722
1,308714	0,7196
1,309583	0,5539
1,310452	0,3815
1,311321	0,1181
1,312190	-0,1276
1,313059	-0,3171
1,313928	-0,5679
1,314797	-0,7306
1,315666	-0,8139
1,316535	-0,8979
1,317404	-0,8762
1,318273	-0,7648
1,319142	-0,6757
1,320011	-0,4706
1,320880	-0,2213
1,321749	-0,0241
1,322618	0,2341
1,323487	0,4621
1,324356	0,6113
1,325225	0,7938
1,326094	0,8777
1,326963	0,8408
1,327832	0,8441
1,328701	0,7102
1,329570	0,5301
1,330439	0,3629
1,331308	0,1093
1,332177	-0,1459
1,333046	-0,3220
1,333915	-0,5792
1,334784	-0,7340
1,335653	-0,8185
1,336522	-0,9064
1,337391	-0,8676
1,338260	-0,7755
1,339129	-0,6873
1,339998	-0,4691
1,340867	-0,2472
1,341736	-0,0418
1,342605	0,2243
1,343474	0,4105
1,344343	0,5841
1,345212	0,7614
1,346081	0,8112
1,346950	0,8127
1,347819	0,8057
1,348688	0,6467
1,349557	0,5121
1,350426	0,3217
1,351295	0,0543
1,352164	-0,1431
1,353033	-0,3693
1,353902	-0,5982
1,354771	-0,7157
1,355640	-0,8542
1,356509	-0,9110
1,357378	-0,8371
1,358247	-0,8158
1,359116	-0,6507
1,359985	-0,4553
1,360854	-0,2701
1,361723	-0,0055
1,362592	0,2133
1,363461	0,4016
1,364330	0,6372
1,365199	0,7343
1,366068	0,8084
1,366937	0,8545
1,367806	0,7538
1,368675	0,6839
1,369544	0,5271
1,370413	0,3006
1,371282	0,1144
1,372151	-0,1340
1,373020	-0,3507
1,373889	-0,5142
1,374758	-0,7144
1,375627	-0,8002
1,376496	-0,8142
1,377365	-0,8423
1,378234	-0,7166
1,379103	-0,6079
1,379972	-0,4364
1,380841	-0,1831
1,381710	0,0085
1,382579	0,2448
1,383448	0,4556
1,384317	0,6000
1,385186	0,7785
1,386055	0,8277
1,386924	0,8145
1,387793	0,8075
1,388662	0,6424
1,389531	0,5197
1,390400	0,3226
1,391269	0,0671
1,392138	-0,1147
1,393007	-0,3610
1,393876	-0,5420
1,394745	-0,6845
1,395614	-0,8219
1,396483	-0,8228
1,397352	-0,8219
1,398221	-0,7596
1,399090	-0,5933
1,399959	-0,4581
1,400828	-0,2228
1,401697	-0,0043
1,402566	0,1831
1,403435	0,4209
1,404304	0,5573
1,405173	0,6955
1,406042	0,7855
1,406911	0,7437
1,407780	0,7370
1,408649	0,5988
1,409518	0,4468
1,410387	0,2799
1,411256	0,0305
1,412125	-0,1517
1,412994	-0,3714
1,413863	-0,5676
1,414732	-0,6830
1,415601	-0,8179
1,416470	-0,8148
1,417339	-0,7938
1,418208	-0,7382
1,419077	-0,5670
1,419946	-0,4282
1,420815	-0,1926
1,421684	0,0330
1,422553	0,2130
1,423422	0,4556
1,424291	0,5783
1,425160	0,7337
1,426029	0,8020
1,426898	0,7706
1,427767	0,7703
1,428636	0,6107
1,429505	0,4941
1,430374	0,3018
1,431243	0,0678
1,432112	-0,1038
1,432981	-0,3427
1,433850	-0,4984
1,434719	-0,6574
1,435588	-0,7627
1,436457	-0,7541
1,437326	-0,7770
1,438195	-0,6635
1,439064	-0,5551
1,439933	-0,3989
1,440802	-0,1679
1,441671	0,0021
1,442540	0,2399
1,443409	0,3970
1,444278	0,5573
1,445147	0,6894
1,446016	0,7114
1,446885	0,7526
1,447754	0,6598
1,448623	0,5661
1,449492	0,4257
1,450361	0,2109
1,451230	0,0467
1,452099	-0,2005
1,452968	-0,3574
1,453837	-0,5435
1,454706	-0,7004
1,455575	-0,7447
1,456444	-0,8194
1,457313	-0,7404
1,458182	-0,6909
1,459051	-0,5548
1,459920	-0,3726
1,460789	-0,2014
1,461658	0,0534
1,462527	0,2091
1,463396	0,4190
1,464265	0,5661
1,465134	0,6726
1,466003	0,7599
1,466872	0,7147
1,467741	0,7105
1,468610	0,5646
1,469479	0,4440
1,470348	0,2667
1,471217	0,0479
1,472086	-0,1144
1,472955	-0,3385
1,473824	-0,4685
1,474693	-0,6339
1,475562	-0,7062
1,476431	-0,7193
1,477300	-0,7157
1,478169	-0,6052
1,479038	-0,5246
1,479907	-0,3351
1,480776	-0,1621
1,481645	0,0381
1,482514	0,2316
1,483383	0,3702
1,484252	0,5527
1,485121	0,6180
1,485990	0,6967
1,486859	0,6677
1,487728	0,6177
1,488597	0,5200
1,489466	0,3558
1,490335	0,2139
1,491204	-0,0128
1,492073	-0,1675
1,492942	-0,3726
1,493811	-0,5161
1,494680	-0,6409
1,495549	-0,7321
1,496418	-0,7114
1,497287	-0,7224
1,498156	-0,5979
1,499025	-0,5121
1,499894	-0,3262
1,500763	-0,1477
1,501632	0,0497
1,502501	0,2429
1,503370	0,3818
1,504239	0,5612
1,505108	0,6262
1,505977	0,7166
1,506846	0,6632
1,507715	0,6415
1,508584	0,5246
1,509453	0,3894
1,510322	0,2350
1,511191	0,0214
1,512060	-0,1288
1,512929	-0,3366
1,513798	-0,4517
1,514667	-0,6058
1,515536	-0,6561
1,516405	-0,6888
1,517274	-0,6601
1,518143	-0,5774
1,519012	-0,4804
1,519881	-0,3070
1,520750	-0,1624
1,521619	0,0528
1,522488	0,1822
1,523357	0,3659
1,524226	0,4782
1,525095	0,5823
1,525964	0,6253
1,526833	0,5991
1,527702	0,5634
1,528571	0,4443
1,529440	0,3452
1,530309	0,1541
1,531178	0,0110
1,532047	-0,1917
1,532916	-0,3146
1,533785	-0,4740
1,534654	-0,5765
1,535523	-0,6314
1,536392	-0,6558
1,537261	-0,5976
1,538130	-0,5445
1,538999	-0,3986
1,539868	-0,2829
1,540737	-0,0787
1,541606	0,0635
1,542475	0,2585
1,543344	0,3711
1,544213	0,5179
1,545082	0,5884
1,545951	0,6235
1,546820	0,6174
1,547689	0,5402
1,548558	0,4584
1,549427	0,3043
1,550296	0,1743
1,551165	-0,0311
1,552034	-0,1630
1,552903	-0,3494
1,553772	-0,4511
1,554641	-0,5887
1,555510	-0,6207
1,556379	-0,6516
1,557248	-0,5988
1,558117	-0,5390
1,558986	-0,4242
1,559855	-0,2805
1,560724	-0,1233
1,561593	0,0626
1,562462	0,1984
1,563331	0,3540
1,564200	0,4532
1,565069	0,5652
1,565938	0,5609
1,566807	0,5957
1,567676	0,4999
1,568545	0,4456
1,569414	0,2969
1,570283	0,1785
1,571152	-0,0003
1,572021	-0,1376
1,572890	-0,2948
1,573759	-0,4053
1,574628	-0,5148
1,575497	-0,5625
1,576366	-0,5750
1,577235	-0,5506
1,578104	-0,4755
1,578973	-0,3861
1,579842	-0,2448
1,580711	-0,1126
1,581580	0,0641
1,582449	0,1755
1,583318	0,3220
1,584187	0,4102
1,585056	0,5112
1,585925	0,5026
1,586794	0,5176
1,587663	0,4376
1,588532	0,3812
1,589401	0,2435
1,590270	0,1318
1,591139	-0,0369
1,592008	-0,1575
1,592877	-0,2985
1,593746	-0,3888
1,594615	-0,4962
1,595484	-0,5246
1,596353	-0,5365
1,597222	-0,4874
1,598091	-0,4297
1,598960	-0,3244
1,599829	-0,2075
1,600698	-0,0616
1,601567	0,0851
1,602436	0,2103
1,603305	0,3217
1,604174	0,4169
1,605043	0,4895
1,605912	0,4990
1,606781	0,4843
1,607650	0,4209
1,608519	0,3442
1,609388	0,2210
1,610257	0,1056
1,611126	-0,0501
1,611995	-0,1691
1,612864	-0,3040
1,613733	-0,3931
1,614602	-0,4978
1,615471	-0,5148
1,616340	-0,5325
1,617209	-0,4758
1,618078	-0,4291
1,618947	-0,3113
1,619816	-0,2118
1,620685	-0,0513
1,621554	0,0638
1,622423	0,2103
1,623292	0,2985
1,624161	0,4151
1,625030	0,4544
1,625899	0,4990
1,626768	0,4529
1,627637	0,4282
1,628506	0,3244
1,629375	0,2432
1,630244	0,0974
1,631113	-0,0134
1,631982	-0,1624
1,632851	-0,2530
1,633720	-0,3739
1,634589	-0,4361
1,635458	-0,5002
1,636327	-0,4718
1,637196	-0,4645
1,638065	-0,3891
1,638934	-0,3198
1,639803	-0,1987
1,640672	-0,0858
1,641541	0,0552
1,642410	0,1532
1,643279	0,2625
1,644148	0,3415
1,645017	0,4147
1,645886	0,4294
1,646755	0,4205
1,647624	0,3705
1,648493	0,3030
1,649362	0,2133
1,650231	0,1068
1,651100	-0,0113
1,651969	-0,1288
1,652838	-0,2225
1,653707	-0,3165
1,654576	-0,3845
1,655445	-0,4349
1,656314	-0,4251
1,657183	-0,4077
1,658052	-0,3418
1,658921	-0,2814
1,659790	-0,1737
1,660659	-0,0763
1,661528	0,0534
1,662397	0,1361
1,663266	0,2414
1,664135	0,2988
1,665004	0,3723
1,665873	0,3687
1,666742	0,3763
1,667611	0,3143
1,668480	0,2701
1,669349	0,1672
1,670218	0,0906
1,671087	-0,0369
1,671956	-0,1181
1,672825	-0,2246
1,673694	-0,2869
1,674563	-0,3681
1,675432	-0,3815
1,676301	-0,3977
1,677170	-0,3540
1,678039	-0,3156
1,678908	-0,2338
1,679777	-0,1529
1,680646	-0,0449
1,681515	0,0555
1,682384	0,1434
1,683253	0,2197
1,684122	0,2893
1,684991	0,3381
1,685860	0,3433
1,686729	0,3314
1,687598	0,2826
1,688467	0,2353
1,689336	0,1447
1,690205	0,0699
1,691074	-0,0439
1,691943	-0,1230
1,692812	-0,2173
1,693681	-0,2707
1,694550	-0,3531
1,695419	-0,3598
1,696288	-0,3720
1,697157	-0,3247
1,698026	-0,2896
1,698895	-0,2106
1,699764	-0,1382
1,700633	-0,0327
1,701502	0,0589
1,702371	0,1447
1,703240	0,2139
1,704109	0,2765
1,704978	0,3201
1,705847	0,3253
1,706716	0,3192
1,707585	0,2652
1,708454	0,2170
1,709323	0,1303
1,710192	0,0613
1,711061	-0,0507
1,711930	-0,1227
1,712799	-0,2127
1,713668	-0,2612
1,714537	-0,3311
1,715406	-0,3418
1,716275	-0,3531
1,717144	-0,3150
1,718013	-0,2759
1,718882	-0,2066
1,719751	-0,1312
1,720620	-0,0406
1,721489	0,0568
1,722358	0,1248
1,723227	0,2026
1,724096	0,2536
1,724965	0,3061
1,725834	0,3015
1,726703	0,3034
1,727572	0,2509
1,728441	0,2118
1,729310	0,1303
1,730179	0,0656
1,731048	-0,0339
1,731917	-0,1077
1,732786	-0,1798
1,733655	-0,2457
1,734524	-0,2988
1,735393	-0,3226
1,736262	-0,3159
1,737131	-0,3052
1,738000	-0,2542
1,738869	-0,2097
1,739738	-0,1257
1,740607	-0,0562
1,741476	0,0461
1,742345	0,1019
1,743214	0,1773
1,744083	0,2246
1,744952	0,2795
1,745821	0,2799
1,746690	0,2728
1,747559	0,2414
1,748428	0,1904
1,749297	0,1361
1,750166	0,0565
1,751035	-0,0174
1,751904	-0,1071
1,752773	-0,1572
1,753642	-0,2326
1,754511	-0,2707
1,755380	-0,3119
1,756249	-0,2930
1,757118	-0,2881
1,757987	-0,2426
1,758856	-0,1987
1,759725	-0,1306
1,760594	-0,0522
1,761463	0,0244
1,762332	0,0989
1,763201	0,1483
1,764070	0,2170
1,764939	0,2368
1,765808	0,2698
1,766677	0,2417
1,767546	0,2338
1,768415	0,1773
1,769284	0,1358
1,770153	0,0623
1,771022	-0,0058
1,771891	-0,0790
1,772760	-0,1382
1,773629	-0,1929
1,774498	-0,2466
1,775367	-0,2680
1,776236	-0,2802
1,777105	-0,2554
1,777974	-0,2396
1,778843	-0,1828
1,779712	-0,1373
1,780581	-0,0549
1,781450	0,0128
1,782319	0,0787
1,783188	0,1291
1,784057	0,1862
1,784926	0,2219
1,785795	0,2353
1,786664	0,2374
1,787533	0,2033
1,788402	0,1761
1,789271	0,1181
1,790140	0,0690
1,791009	-0,0131
1,791878	-0,0687
1,792747	-0,1331
1,793616	-0,1813
1,794485	-0,2338
1,795354	-0,2609
1,796223	-0,2612
1,797092	-0,2518
1,797961	-0,2158
1,798830	-0,1837
1,799699	-0,1202
1,800568	-0,0641
1,801437	0,0186
1,802306	0,0687
1,803175	0,1248
1,804044	0,1703
1,804913	0,2109
1,805782	0,2191
1,806651	0,2182
1,807520	0,2002
1,808389	0,1569
1,809258	0,1233
1,810127	0,0592
1,810996	0,0031
1,811865	-0,0720
1,812734	-0,1141
1,813603	-0,1721
1,814472	-0,2106
1,815341	-0,2405
1,816210	-0,2429
1,817079	-0,2368
1,817948	-0,2112
1,818817	-0,1691
1,819686	-0,1288
1,820555	-0,0571
1,821424	-0,0024
1,822293	0,0674
1,823162	0,0989
1,824031	0,1639
1,824900	0,1898
1,825769	0,2155
1,826638	0,2045
1,827507	0,1849
1,828376	0,1523
1,829245	0,1068
1,830114	0,0623
1,830983	-0,0089
1,831852	-0,0601
1,832721	-0,1205
1,833590	-0,1572
1,834459	-0,2136
1,835328	-0,2301
1,836197	-0,2332
1,837066	-0,2185
1,837935	-0,2005
1,838804	-0,1654
1,839673	-0,1138
1,840542	-0,0571
1,841411	0,0122
1,842280	0,0613
1,843149	0,1178
1,844018	0,1520
1,844887	0,1959
1,845756	0,2005
1,846625	0,2023
1,847494	0,1776
1,848363	0,1456
1,849232	0,1053
1,850101	0,0522
1,850970	-0,0012
1,851839	-0,0711
1,852708	-0,1059
1,853577	-0,1621
1,854446	-0,1971
1,855315	-0,2298
1,856184	-0,2228
1,857053	-0,2213
1,857922	-0,1932
1,858791	-0,1599
1,859660	-0,1175
1,860529	-0,0552
1,861398	-0,0027
1,862267	0,0616
1,863136	0,0974
1,864005	0,1544
1,864874	0,1761
1,865743	0,2020
1,866612	0,1874
1,867481	0,1761
1,868350	0,1389
1,869219	0,1007
1,870088	0,0537
1,870957	-0,0137
1,871826	-0,0632
1,872695	-0,1144
1,873564	-0,1520
1,874433	-0,2017
1,875302	-0,2167
1,876171	-0,2298
1,877040	-0,2081
1,877909	-0,1929
1,878778	-0,1520
1,879647	-0,1077
1,880516	-0,0504
1,881385	0,0140
1,882254	0,0632
1,883123	0,1117
1,883992	0,1492
1,884861	0,1874
1,885730	0,1941
1,886599	0,1987
1,887468	0,1672
1,888337	0,1404
1,889206	0,0967
1,890075	0,0479
1,890944	-0,0113
1,891813	-0,0726
1,892682	-0,1083
1,893551	-0,1614
1,894420	-0,1907
1,895289	-0,2274
1,896158	-0,2155
1,897027	-0,2161
1,897896	-0,1852
1,898765	-0,1563
1,899634	-0,1111
1,900503	-0,0531
1,901372	0,0043
1,902241	0,0629
1,903110	0,0967
1,903979	0,1505
1,904848	0,1730
1,905717	0,2039
1,906586	0,1831
1,907455	0,1727
1,908324	0,1340
1,909193	0,0986
1,910062	0,0510
1,910931	-0,0119
1,911800	-0,0635
1,912669	-0,1135
1,913538	-0,1489
1,914407	-0,2023
1,915276	-0,2158
1,916145	-0,2222
1,917014	-0,2048
1,917883	-0,1895
1,918752	-0,1489
1,919621	-0,1086
1,920490	-0,0501
1,921359	0,0134
1,922228	0,0595
1,923097	0,1093
1,923966	0,1465
1,924835	0,1883
1,925704	0,1917
1,926573	0,1956
1,927442	0,1666
1,928311	0,1398
1,929180	0,0974
1,930049	0,0497
1,930918	-0,0082
1,931787	-0,0705
1,932656	-0,1053
1,933525	-0,1544
1,934394	-0,1932
1,935263	-0,2237
1,936132	-0,2133
1,937001	-0,2164
1,937870	-0,1852
1,938739	-0,1566
1,939608	-0,1144
1,940477	-0,0552
1,941346	0,0000
1,942215	0,0604
1,943084	0,0891
1,943953	0,1471
1,944822	0,1694
1,945691	0,1975
1,946560	0,1782
1,947429	0,1718
1,948298	0,1352
1,949167	0,1010
1,950036	0,0558
1,950905	-0,0067
1,951774	-0,0607
1,952643	-0,1093
1,953512	-0,1428
1,954381	-0,2005
1,955250	-0,2100
1,956119	-0,2237
1,956988	-0,2075
1,957857	-0,1895
1,958726	-0,1529
1,959595	-0,1108
1,960464	-0,0565
1,961333	0,0085
1,962202	0,0571
1,963071	0,1035
1,963940	0,1395
1,964809	0,1831
1,965678	0,1886
1,966547	0,1944
1,967416	0,1688
1,968285	0,1410
1,969154	0,1016
1,970023	0,0522
1,970892	-0,0006
1,971761	-0,0644
1,972630	-0,0998
1,973499	-0,1535
1,974368	-0,1883
1,975237	-0,2264
1,976106	-0,2185
1,976975	-0,2133
1,977844	-0,1892
1,978713	-0,1584
1,979582	-0,1181
1,980451	-0,0589
1,981320	-0,0052
1,982189	0,0534
1,983058	0,0855
1,983927	0,1413
1,984796	0,1663
1,985665	0,1923
1,986534	0,1859
1,987403	0,1715
1,988272	0,1410
1,989141	0,1041
1,990010	0,0626
1,990879	-0,0018
1,991748	-0,0504
1,992617	-0,1022
1,993486	-0,1382
1,994355	-0,1920
1,995224	-0,2078
1,996093	-0,2176
1,996962	-0,2060
1,997831	-0,1880
1,998700	-0,1581
1,999569	-0,1123
2,000438	-0,0638
2,001307	0,0006
2,002176	0,0452
2,003045	0,0961
2,003914	0,1343
2,004783	0,1788
2,005652	0,1877
2,006521	0,1926
2,007390	0,1709
2,008259	0,1413
2,009128	0,1083
2,009997	0,0555
2,010866	0,0061
2,011735	-0,0604
2,012604	-0,0946
2,013473	-0,1477
2,014342	-0,1831
2,015211	-0,2194
2,016080	-0,2145
2,016949	-0,2145
2,017818	-0,1926
2,018687	-0,1581
2,019556	-0,1239
2,020425	-0,0616
2,021294	-0,0131
2,022163	0,0467
2,023032	0,0809
2,023901	0,1361
2,024770	0,1605
2,025639	0,1859
2,026508	0,1877
2,027377	0,1691
2,028246	0,1453
2,029115	0,1053
2,029984	0,0690
2,030853	0,0027
2,031722	-0,0430
2,032591	-0,0949
2,033460	-0,1325
2,034329	-0,1865
2,035198	-0,2042
2,036067	-0,2118
2,036936	-0,2084
2,037805	-0,1865
2,038674	-0,1630
2,039543	-0,1144
2,040412	-0,0693
2,041281	-0,0031
2,042150	0,0406
2,043019	0,0876
2,043888	0,1300
2,044757	0,1679
2,045626	0,1865
2,046495	0,1831
2,047364	0,1727
2,048233	0,1395
2,049102	0,1111
2,049971	0,0577
2,050840	0,0107
2,051709	-0,0565
2,052578	-0,0885
2,053447	-0,1401
2,054316	-0,1791
2,055185	-0,2118
2,056054	-0,2191
2,056923	-0,2033
2,057792	-0,1947
2,058661	-0,1569
2,059530	-0,1263
2,060399	-0,0644
2,061268	-0,0220
2,062137	0,0439
2,063006	0,0766
2,063875	0,1279
2,064744	0,1614
2,065613	0,1831
2,066482	0,1804
2,067351	0,1645
2,068220	0,1471
2,069089	0,1056
2,069958	0,0717
2,070827	0,0076
2,071696	-0,0406
2,072565	-0,0897
2,073434	-0,1303
2,074303	-0,1758
2,075172	-0,2029
2,076041	-0,2106
2,076910	-0,2094
2,077779	-0,1819
2,078648	-0,1627
2,079517	-0,1157
2,080386	-0,0717
2,081255	-0,0064
2,082124	0,0418
2,082993	0,0836
2,083862	0,1282
2,084731	0,1575
2,085600	0,1834
2,086469	0,1782
2,087338	0,1730
2,088207	0,1358
2,089076	0,1123
2,089945	0,0607
2,090814	0,0116
2,091683	-0,0482
2,092552	-0,0870
2,093421	-0,1361
2,094290	-0,1779
2,095159	-0,2060
2,096028	-0,2185
2,096897	-0,1981
2,097766	-0,1935
2,098635	-0,1538
2,099504	-0,1263
2,100373	-0,0653
2,101242	-0,0159
2,102111	0,0424
2,102980	0,0812
2,103849	0,1239
2,104718	0,1602
2,105587	0,1761
2,106456	0,1849
2,107325	0,1608
2,108194	0,1456
2,109063	0,1035
2,109932	0,0711
2,110801	0,0104
2,111670	-0,0406
2,112539	-0,0867
2,113408	-0,1297
2,114277	-0,1691
2,115146	-0,2023
2,116015	-0,2054
2,116884	-0,2121
2,117753	-0,1801
2,118622	-0,1590
2,119491	-0,1144
2,120360	-0,0702
2,121229	-0,0070
2,122098	0,0421
2,122967	0,0821
2,123836	0,1263
2,124705	0,1550
2,125574	0,1819
2,126443	0,1773
2,127312	0,1715
2,128181	0,1328
2,129050	0,1086
2,129919	0,0577
2,130788	0,0085
2,131657	-0,0513
2,132526	-0,0940
2,133395	-0,1361
2,134264	-0,1828
2,135133	-0,2020
2,136002	-0,2210
2,136871	-0,1999
2,137740	-0,1914
2,138609	-0,1511
2,139478	-0,1215
2,140347	-0,0632
2,141216	-0,0101
2,142085	0,0427
2,142954	0,0821
2,143823	0,1236
2,144692	0,1654
2,145561	0,1730
2,146430	0,1825
2,147299	0,1593
2,148168	0,1419
2,149037	0,1004
2,149906	0,0662
2,150775	0,0079
2,151644	-0,0461
2,152513	-0,0873
2,153382	-0,1321
2,154251	-0,1743
2,155120	-0,2084
2,155989	-0,2023
2,156858	-0,2036
2,157727	-0,1785
2,158596	-0,1578
2,159465	-0,1129
2,160334	-0,0650
2,161203	-0,0037
2,162072	0,0458
2,162941	0,0809
2,163810	0,1309
2,164679	0,1590
2,165548	0,1843
2,166417	0,1752
2,167286	0,1700
2,168155	0,1306
2,169024	0,1041
2,169893	0,0549
2,170762	0,0027
2,171631	-0,0537
2,172500	-0,0977
2,173369	-0,1370
2,174238	-0,1886
2,175107	-0,2014
2,175976	-0,2213
2,176845	-0,1993
2,177714	-0,1907
2,178583	-0,1498
2,179452	-0,1157
2,180321	-0,0589
2,181190	-0,0031
2,182059	0,0488
2,182928	0,0879
2,183797	0,1263
2,184666	0,1703
2,185535	0,1770
2,186404	0,1852
2,187273	0,1596
2,188142	0,1404
2,189011	0,1001
2,189880	0,0610
2,190749	0,0046
2,191618	-0,0494
2,192487	-0,0876
2,193356	-0,1370
2,194225	-0,1752
2,195094	-0,2115
2,195963	-0,2054
2,196832	-0,2072
2,197701	-0,1785
2,198570	-0,1569
2,199439	-0,1132
2,200308	-0,0626
2,201177	-0,0055
2,202046	0,0485
2,202915	0,0830
2,203784	0,1331
2,204653	0,1621
2,205522	0,1877
2,206391	0,1730
2,207260	0,1679
2,208129	0,1325
2,208998	0,1032
2,209867	0,0571
2,210736	0,0003
2,211605	-0,0543
2,212474	-0,1022
2,213343	-0,1352
2,214212	-0,1898
2,215081	-0,2087
2,215950	-0,2228
2,216819	-0,2002
2,217688	-0,1904
2,218557	-0,1526
2,219426	-0,1163
2,220295	-0,0620
2,221164	-0,0021
2,222033	0,0470
2,222902	0,0937
2,223771	0,1279
2,224640	0,1746
2,225509	0,1819
2,226378	0,1880
2,227247	0,1627
2,228116	0,1404
2,228985	0,1028
2,229854	0,0607
2,230723	0,0070
2,231592	-0,0528
2,232461	-0,0885
2,233330	-0,1401
2,234199	-0,1752
2,235068	-0,2149
2,235937	-0,2127
2,236806	-0,2097
2,237675	-0,1837
2,238544	-0,1575
2,239413	-0,1157
2,240282	-0,0623
2,241151	-0,0058
2,242020	0,0522
2,242889	0,0833
2,243758	0,1352
2,244627	0,1639
2,245496	0,1914
2,246365	0,1746
2,247234	0,1694
2,248103	0,1361
2,248972	0,1032
2,249841	0,0610
2,250710	0,0009
2,251579	-0,0501
2,252448	-0,1013
2,253317	-0,1343
2,254186	-0,1938
2,255055	-0,2066
2,255924	-0,2277
2,256793	-0,2069
2,257662	-0,1914
2,258531	-0,1578
2,259400	-0,1184
2,260269	-0,0687
2,261138	-0,0055
2,262007	0,0433
2,262876	0,0913
2,263745	0,1254
2,264614	0,1721
2,265483	0,1831
2,266352	0,1877
2,267221	0,1682
2,268090	0,1431
2,268959	0,1086
2,269828	0,0626
2,270697	0,0137
2,271566	-0,0501
2,272435	-0,0848
2,273304	-0,1361
2,274173	-0,1733
2,275042	-0,2066
2,275911	-0,2118
2,276780	-0,2081
2,277649	-0,1910
2,278518	-0,1593
2,279387	-0,1239
2,280256	-0,0656
2,281125	-0,0137
2,281994	0,0452
2,282863	0,0772
2,283732	0,1297
2,284601	0,1581
2,285470	0,1871
2,286339	0,1798
2,287208	0,1672
2,288077	0,1419
2,288946	0,1041
2,289815	0,0678
2,290684	0,0037
2,291553	-0,0467
2,292422	-0,0974
2,293291	-0,1303
2,294160	-0,1874
2,295029	-0,2066
2,295898	-0,2231
2,296767	-0,2130
2,297636	-0,1914
2,298505	-0,1651
2,299374	-0,1193
2,300243	-0,0751
2,301112	-0,0073
2,301981	0,0412
2,302850	0,0897
2,303719	0,1233
2,304588	0,1645
2,305457	0,1859
2,306326	0,1828
2,307195	0,1724
2,308064	0,1425
2,308933	0,1151
2,309802	0,0653
2,310671	0,0189
2,311540	-0,0455
2,312409	-0,0833
2,313278	-0,1300
2,314147	-0,1718
2,315016	-0,2029
2,315885	-0,2109
2,316754	-0,2087
2,317623	-0,1950
2,318492	-0,1602
2,319361	-0,1309
2,320230	-0,0705
2,321099	-0,0238
2,321968	0,0388
2,322837	0,0739
2,323706	0,1270
2,324575	0,1590
2,325444	0,1749
2,326313	0,1794
2,327182	0,1645
2,328051	0,1477
2,328920	0,1056
2,329789	0,0735
2,330658	0,0085
2,331527	-0,0372
2,332396	-0,0882
2,333265	-0,1251
2,334134	-0,1801
2,335003	-0,2097
2,335872	-0,2130
2,336741	-0,2112
2,337610	-0,1901
2,338479	-0,1697
2,339348	-0,1221
2,340217	-0,0797
2,341086	-0,0122
2,341955	0,0336
2,342824	0,0806
2,343693	0,1254
2,344562	0,1679
2,345431	0,1862
2,346300	0,1755
2,347169	0,1730
2,348038	0,1419
2,348907	0,1187
2,349776	0,0687
2,350645	0,0235
2,351514	-0,0381
2,352383	-0,0766
2,353252	-0,1215
2,354121	-0,1703
2,354990	-0,1935
2,355859	-0,2100
2,356728	-0,1999
2,357597	-0,1971
2,358466	-0,1614
2,359335	-0,1349
2,360204	-0,0757
2,361073	-0,0253
2,361942	0,0314
2,362811	0,0723
2,363680	0,1135
2,364549	0,1590
2,365418	0,1737
2,366287	0,1834
2,367156	0,1639
2,368025	0,1486
2,368894	0,1080
2,369763	0,0766
2,370632	0,0150
2,371501	-0,0360
2,372370	-0,0812
2,373239	-0,1248
2,374108	-0,1743
2,374977	-0,2033
2,375846	-0,2118
2,376715	-0,2142
2,377584	-0,1871
2,378453	-0,1694
2,379322	-0,1245
2,380191	-0,0818
2,381060	-0,0171
2,381929	0,0323
2,382798	0,0723
2,383667	0,1218
2,384536	0,1511
2,385405	0,1846
2,386274	0,1733
2,387143	0,1752
2,388012	0,1407
2,388881	0,1178
2,389750	0,0714
2,390619	0,0232
2,391488	-0,0333
2,392357	-0,0787
2,393226	-0,1169
2,394095	-0,1694
2,394964	-0,1920
2,395833	-0,2115
2,396702	-0,2011
2,397571	-0,1950
2,398440	-0,1611
2,399309	-0,1337
2,400178	-0,0806
2,401047	-0,0253
2,401916	0,0256
2,402785	0,0711
2,403654	0,1090
2,404523	0,1575
2,405392	0,1712
2,406261	0,1834
2,407130	0,1614
2,407999	0,1462
2,408868	0,1083
2,409737	0,0751
2,410606	0,0192
2,411475	-0,0354
2,412344	-0,0772
2,413213	-0,1245
2,414082	-0,1645
2,414951	-0,2078
2,415820	-0,2091
2,416689	-0,2094
2,417558	-0,1865
2,418427	-0,1645
2,419296	-0,1242
2,420165	-0,0790
2,421034	-0,0183
2,421903	0,0391
2,422772	0,0729
2,423641	0,1221
2,424510	0,1544
2,425379	0,1770
2,426248	0,1743
2,427117	0,1727
2,427986	0,1389
2,428855	0,1120
2,429724	0,0714
2,430593	0,0183
2,431462	-0,0342
2,432331	-0,0830
2,433200	-0,1151
2,434069	-0,1712
2,434938	-0,1917
2,435807	-0,2091
2,436676	-0,1971
2,437545	-0,1910
2,438414	-0,1602
2,439283	-0,1279
2,440152	-0,0806
2,441021	-0,0204
2,441890	0,0256
2,442759	0,0757
2,443628	0,1059
2,444497	0,1538
2,445366	0,1694
2,446235	0,1791
2,447104	0,1608
2,447973	0,1428
2,448842	0,1083
2,449711	0,0690
2,450580	0,0186
2,451449	-0,0397
2,452318	-0,0790
2,453187	-0,1325
2,454056	-0,1639
2,454925	-0,2017
2,455794	-0,2057
2,456663	-0,2039
2,457532	-0,1856
2,458401	-0,1596
2,459270	-0,1248
2,460139	-0,0723
2,461008	-0,0180
2,461877	0,0421
2,462746	0,0726
2,463615	0,1260
2,464484	0,1596
2,465353	0,1819
2,466222	0,1770
2,467091	0,1691
2,467960	0,1392
2,468829	0,1071
2,469698	0,0687
2,470567	0,0110
2,471436	-0,0369
2,472305	-0,0879
2,473174	-0,1184
2,474043	-0,1794
2,474912	-0,1938
2,475781	-0,2124
2,476650	-0,1996
2,477519	-0,1895
2,478388	-0,1602
2,479257	-0,1227
2,480126	-0,0784
2,480995	-0,0168
2,481864	0,0269
2,482733	0,0772
2,483602	0,1120
2,484471	0,1624
2,485340	0,1740
2,486209	0,1776
2,487078	0,1627
2,487947	0,1395
2,488816	0,1090
2,489685	0,0641
2,490554	0,0168
2,491423	-0,0452
2,492292	-0,0787
2,493161	-0,1273
2,494030	-0,1651
2,494899	-0,2008
2,495768	-0,2036
2,496637	-0,1990
2,497506	-0,1862
2,498375	-0,1578
2,499244	-0,1245
2,500113	-0,0678
2,500982	-0,0134
2,501851	0,0443
2,502720	0,0754
2,503589	0,1276
2,504458	0,1575
2,505327	0,1868
2,506196	0,1788
2,507065	0,1685
2,507934	0,1416
2,508803	0,1053
2,509672	0,0684
2,510541	0,0073
2,511410	-0,0400
2,512279	-0,0922
2,513148	-0,1233
2,514017	-0,1785
2,514886	-0,1959
2,515755	-0,2118
2,516624	-0,2060
2,517493	-0,1883
2,518362	-0,1630
2,519231	-0,1209
2,520100	-0,0787
2,520969	-0,0171
2,521838	0,0290
2,522707	0,0787
2,523576	0,1117
2,524445	0,1578
2,525314	0,1733
2,526183	0,1767
2,527052	0,1672
2,527921	0,1401
2,528790	0,1123
2,529659	0,0647
2,530528	0,0177
2,531397	-0,0452
2,532266	-0,0797
2,533135	-0,1288
2,534004	-0,1682
2,534873	-0,2026
2,535742	-0,2094
2,536611	-0,2017
2,537480	-0,1892
2,538349	-0,1572
2,539218	-0,1273
2,540087	-0,0696
2,540956	-0,0168
2,541825	0,0427
2,542694	0,0748
2,543563	0,1263
2,544432	0,1599
2,545301	0,1856
2,546170	0,1852
2,547039	0,1675
2,547908	0,1468
2,548777	0,1059
2,549646	0,0735
2,550515	0,0092
2,551384	-0,0385
2,552253	-0,0934
2,553122	-0,1254
2,553991	-0,1776
2,554860	-0,1990
2,555729	-0,2109
2,556598	-0,2060
2,557467	-0,1889
2,558336	-0,1682
2,559205	-0,1221
2,560074	-0,0827
2,560943	-0,0192
2,561812	0,0323
2,562681	0,0745
2,563550	0,1135
2,564419	0,1572
2,565288	0,1779
2,566157	0,1807
2,567026	0,1743
2,567895	0,1413
2,568764	0,1163
2,569633	0,0668
2,570502	0,0226
2,571371	-0,0409
2,572240	-0,0797
2,573109	-0,1218
2,573978	-0,1697
2,574847	-0,1990
2,575716	-0,2115
2,576585	-0,2039
2,577454	-0,1953
2,578323	-0,1584
2,579192	-0,1328
2,580061	-0,0739
2,580930	-0,0223
2,581799	0,0412
2,582668	0,0772
2,583537	0,1242
2,584406	0,1599
2,585275	0,1834
2,586144	0,1877
2,587013	0,1709
2,587882	0,1520
2,588751	0,1093
2,589620	0,0778
2,590489	0,0146
2,591358	-0,0354
2,592227	-0,0842
2,593096	-0,1224
2,593965	-0,1721
2,594834	-0,2014
2,595703	-0,2097
2,596572	-0,2130
2,597441	-0,1898
2,598310	-0,1718
2,599179	-0,1267
2,600048	-0,0864
2,600917	-0,0256
2,601786	0,0272
2,602655	0,0708
2,603524	0,1151
2,604393	0,1535
2,605262	0,1779
2,606131	0,1773
2,607000	0,1752
2,607869	0,1437
2,608738	0,1199
2,609607	0,0742
2,610476	0,0269
2,611345	-0,0302
2,612214	-0,0778
2,613083	-0,1202
2,613952	-0,1682
2,614821	-0,1944
2,615690	-0,2158
2,616559	-0,2008
2,617428	-0,1987
2,618297	-0,1611
2,619166	-0,1340
2,620035	-0,0803
2,620904	-0,0278
2,621773	0,0317
2,622642	0,0735
2,623511	0,1135
2,624380	0,1611
2,625249	0,1770
2,626118	0,1920
2,626987	0,1694
2,627856	0,1550
2,628725	0,1126
2,629594	0,0790
2,630463	0,0232
2,631332	-0,0323
2,632201	-0,0778
2,633070	-0,1242
2,633939	-0,1648
2,634808	-0,2023
2,635677	-0,2130
2,636546	-0,2149
2,637415	-0,1914
2,638284	-0,1727
2,639153	-0,1325
2,640022	-0,0876
2,640891	-0,0330
2,641760	0,0269
2,642629	0,0616
2,643498	0,1111
2,644367	0,1459
2,645236	0,1801
2,646105	0,1733
2,646974	0,1749
2,647843	0,1477
2,648712	0,1205
2,649581	0,0812
2,650450	0,0287
2,651319	-0,0232
2,652188	-0,0757
2,653057	-0,1090
2,653926	-0,1666
2,654795	-0,1859
2,655664	-0,2133
2,656533	-0,1987
2,657402	-0,1935
2,658271	-0,1669
2,659140	-0,1343
2,660009	-0,0885
2,660878	-0,0305
2,661747	0,0195
2,662616	0,0678
2,663485	0,1059
2,664354	0,1538
2,665223	0,1657
2,666092	0,1816
2,666961	0,1685
2,667830	0,1529
2,668699	0,1187
2,669568	0,0800
2,670437	0,0305
2,671306	-0,0305
2,672175	-0,0705
2,673044	-0,1202
2,673913	-0,1590
2,674782	-0,2011
2,675651	-0,2072
2,676520	-0,2158
2,677389	-0,1938
2,678258	-0,1703
2,679127	-0,1379
2,679996	-0,0873
2,680865	-0,0360
2,681734	0,0244
2,682603	0,0555
2,683472	0,1071
2,684341	0,1434
2,685210	0,1706
2,686079	0,1764
2,686948	0,1675
2,687817	0,1502
2,688686	0,1184
2,689555	0,0858
2,690424	0,0290
2,691293	-0,0156
2,692162	-0,0690
2,693031	-0,1019
2,693900	-0,1614
2,694769	-0,1892
2,695638	-0,2097
2,696507	-0,2014
2,697376	-0,1914
2,698245	-0,1697
2,699114	-0,1321
2,699983	-0,0925
2,700852	-0,0262
2,701721	0,0159
2,702590	0,0681
2,703459	0,1032
2,704328	0,1532
2,705197	0,1715
2,706066	0,1788
2,706935	0,1706
2,707804	0,1474
2,708673	0,1205
2,709542	0,0766
2,710411	0,0327
2,711280	-0,0296
2,712149	-0,0687
2,713018	-0,1169
2,713887	-0,1575
2,714756	-0,1932
2,715625	-0,2033
2,716494	-0,2057
2,717363	-0,1950
2,718232	-0,1645
2,719101	-0,1379
2,719970	-0,0851
2,720839	-0,0375
2,721708	0,0238
2,722577	0,0565
2,723446	0,1022
2,724315	0,1416
2,725184	0,1700
2,726053	0,1770
2,726922	0,1642
2,727791	0,1523
2,728660	0,1141
2,729529	0,0876
2,730398	0,0299
2,731267	-0,0143
2,732136	-0,0705
2,733005	-0,1041
2,733874	-0,1578
2,734743	-0,1859
2,735612	-0,2045
2,736481	-0,2069
2,737350	-0,1868
2,738219	-0,1694
2,739088	-0,1291
2,739957	-0,0937
2,740826	-0,0275
2,741695	0,0177
2,742564	0,0653
2,743433	0,1038
2,744302	0,1453
2,745171	0,1715
2,746040	0,1794
2,746909	0,1679
2,747778	0,1416
2,748647	0,1199
2,749516	0,0732
2,750385	0,0323
2,751254	-0,0296
2,752123	-0,0723
2,752992	-0,1166
2,753861	-0,1617
2,754730	-0,1965
2,755599	-0,2078
2,756468	-0,1978
2,757337	-0,1965
2,758206	-0,1599
2,759075	-0,1358
2,759944	-0,0818
2,760813	-0,0314
2,761682	0,0259
2,762551	0,0623
2,763420	0,1047
2,764289	0,1459
2,765158	0,1654
2,766027	0,1730
2,766896	0,1648
2,767765	0,1508
2,768634	0,1102
2,769503	0,0830
2,770372	0,0272
2,771241	-10,0000
2,772110	-10,0000
2,772979	-10,0000
2,773848	-10,0000
2,774717	-10,0000
2,775586	-10,0000
2,776455	-10,0000
2,777324	-10,0000
2,778193	-10,0000
2,779062	-10,0000
2,779931	-10,0000
2,780800	-10,0000
2,781669	-10,0000
2,782538	-10,0000
2,783407	-10,0000
2,784276	-10,0000
2,785145	-10,0000
2,786014	-10,0000
2,786883	-10,0000
2,787752	-10,0000
2,788621	-10,0000
2,789490	-10,0000
2,790359	-10,0000
2,791228	-10,0000
2,792097	-10,0000
2,792966	-10,0000
2,793835	-10,0000
2,794704	-10,0000
2,795573	-10,0000
2,796442	-10,0000
2,797311	-10,0000
2,798180	-10,0000
2,799049	-10,0000
2,799918	-10,0000
2,800787	-10,0000
2,801656	-10,0000
2,802525	-10,0000
2,803394	-10,0000
2,804263	-10,0000
2,805132	-10,0000
2,806001	-10,0000
2,806870	-10,0000
2,807739	-10,0000
2,808608	-10,0000
2,809477	-10,0000
2,810346	-10,0000
2,811215	-10,0000
2,812084	-10,0000
2,812953	-10,0000
2,813822	-10,0000
2,814691	-10,0000
2,815560	-10,0000
2,816429	-10,0000
2,817298	-10,0000
2,818167	-10,0000
2,819036	-10,0000
2,819905	-10,0000
2,820774	-10,0000
2,821643	-10,0000
2,822512	-10,0000
2,823381	-10,0000
2,824250	-10,0000
2,825119	-10,0000
2,825988	-10,0000
2,826857	-10,0000
2,827726	-10,0000
2,828595	-10,0000
2,829464	-10,0000
2,830333	-10,0000
2,831202	-10,0000
2,832071	-10,0000
2,832940	-10,0000
2,833809	-10,0000
2,834678	-10,0000
2,835547	-10,0000
2,836416	-10,0000
2,837285	-10,0000
2,838154	-10,0000
2,839023	-10,0000
2,839892	-10,0000
2,840761	-10,0000
2,841630	-10,0000
2,842499	-10,0000
2,843368	-10,0000
2,844237	-10,0000
2,845106	-10,0000
2,845975	-10,0000
2,846844	-10,0000
2,847713	-10,0000
2,848582	-10,0000
2,849451	-10,0000
2,850320	-10,0000
2,851189	-10,0000
2,852058	-10,0000
2,852927	-10,0000
2,853796	-10,0000
2,854665	-10,0000
2,855534	-10,0000
2,856403	-10,0000
2,857272	-10,0000
2,858141	-10,0000
2,859010	-10,0000
2,859879	-10,0000
2,860748	-10,0000
2,861617	-10,0000
2,862486	-10,0000
2,863355	-10,0000
2,864224	-10,0000
2,865093	-10,0000
2,865962	-10,0000
2,866831	-10,0000
2,867700	-10,0000
2,868569	-10,0000
2,869438	-10,0000
2,870307	-10,0000
2,871176	-10,0000
2,872045	-10,0000
2,872914	-10,0000
2,873783	-10,0000
2,874652	-10,0000
2,875521	-10,0000
2,876390	-10,0000
2,877259	-10,0000
2,878128	-10,0000
2,878997	-10,0000
2,879866	-10,0000
2,880735	-10,0000
2,881604	-10,0000
2,882473	-10,0000
2,883342	-10,0000
2,884211	-10,0000
2,885080	-10,0000
2,885949	-10,0000
2,886818	-10,0000
2,887687	-10,0000
2,888556	-10,0000
2,889425	-10,0000
2,890294	-10,0000
2,891163	-10,0000
2,892032	-10,0000
2,892901	-10,0000
2,893770	-10,0000
2,894639	-10,0000
2,895508	-10,0000
2,896377	-10,0000
2,897246	-10,0000
2,898115	-10,0000
2,898984	-10,0000
2,899853	-10,0000
2,900722	-10,0000
2,901591	-10,0000
2,902460	-10,0000
2,903329	-10,0000
2,904198	-10,0000
2,905067	-10,0000
2,905936	-10,0000
2,906805	-10,0000
2,907674	-10,0000
2,908543	-10,0000
2,909412	-10,0000
2,910281	-10,0000
2,911150	-10,0000
2,912019	-10,0000
2,912888	-10,0000
2,913757	-10,0000
2,914626	-10,0000
2,915495	-10,0000
2,916364	-10,0000
2,917233	-10,0000
2,918102	-10,0000
2,918971	-10,0000
2,919840	-10,0000
2,920709	-10,0000
2,921578	-10,0000
2,922447	-10,0000
2,923316	-10,0000
2,924185	-10,0000
2,925054	-10,0000
2,925923	-10,0000
2,926792	-10,0000
2,927661	-10,0000
2,928530	-10,0000
2,929399	-10,0000
2,930268	-10,0000
2,931137	-10,0000
2,932006	-10,0000
2,932875	-10,0000
2,933744	-10,0000
2,934613	-10,0000
2,935482	-10,0000
2,936351	-10,0000
2,937220	-10,0000
2,938089	-10,0000
2,938958	-10,0000
2,939827	-10,0000
2,940696	-10,0000
2,941565	-10,0000
2,942434	-10,0000
2,943303	-10,0000
2,944172	-10,0000
2,945041	-10,0000
2,945910	-10,0000
2,946779	-10,0000
2,947648	-10,0000
2,948517	-10,0000
2,949386	-10,0000
2,950255	-10,0000
2,951124	-10,0000
2,951993	-10,0000
2,952862	-10,0000
2,953731	-10,0000
2,954600	-10,0000
2,955469	-10,0000
2,956338	-10,0000
2,957207	-10,0000
2,958076	-10,0000
2,958945	-10,0000
2,959814	-10,0000
2,960683	-10,0000
2,961552	-10,0000
2,962421	-10,0000
2,963290	-10,0000
2,964159	-10,0000
2,965028	-10,0000
2,965897	-10,0000
2,966766	-10,0000
2,967635	-10,0000
2,968504	-10,0000
2,969373	-10,0000
2,970242	-10,0000
2,971111	-10,0000
2,971980	-10,0000
2,972849	-10,0000
2,973718	-10,0000
2,974587	-10,0000
2,975456	-10,0000
2,976325	-10,0000
2,977194	-10,0000
2,978063	-10,0000
2,978932	-10,0000
2,979801	-10,0000
2,980670	-10,0000
2,981539	-10,0000
2,982408	-10,0000
2,983277	-10,0000
2,984146	-10,0000
2,985015	-10,0000
2,985884	-10,0000
2,986753	-10,0000
2,987622	-10,0000
2,988491	-10,0000
2,989360	-10,0000
2,990229	-10,0000
2,991098	-10,0000
2,991967	-10,0000
2,992836	-10,0000
2,993705	-10,0000
2,994574	-10,0000
2,995443	-10,0000
2,996312	-10,0000
2,997181	-10,0000
2,998050	-10,0000
2,998919	-10,0000
2,999788	-10,0000
3,000657	-10,0000
3,001526	-10,0000
3,002395	-10,0000
3,003264	-10,0000
3,004133	-10,0000
3,005002	-10,0000
3,005871	-10,0000
3,006740	-10,0000
3,007609	-10,0000
3,008478	-10,0000
3,009347	-10,0000
3,010216	-10,0000
3,011085	-10,0000
3,011954	-10,0000
3,012823	-10,0000
3,013692	-10,0000
3,014561	-10,0000
3,015430	-10,0000
3,016299	-10,0000
3,017168	-10,0000
3,018037	-10,0000
3,018906	-10,0000
3,019775	-10,0000
3,020644	-10,0000
3,021513	-10,0000
3,022382	-10,0000
3,023251	-10,0000
3,024120	-10,0000
3,024989	-10,0000
3,025858	-10,0000
3,026727	-10,0000
3,027596	-10,0000
3,028465	-10,0000
3,029334	-10,0000
3,030203	-10,0000
3,031072	-10,0000
3,031941	-10,0000
3,032810	-10,0000
3,033679	-10,0000
3,034548	-10,0000
3,035417	-10,0000
3,036286	-10,0000
3,037155	-10,0000
3,038024	-10,0000
3,038893	-10,0000
3,039762	-10,0000
3,040631	-10,0000
3,041500	-10,0000
3,042369	-10,0000
3,043238	-10,0000
3,044107	-10,0000
3,044976	-10,0000
3,045845	-10,0000
3,046714	-10,0000
3,047583	-10,0000
3,048452	-10,0000
3,049321	-10,0000
3,050190	-10,0000
3,051059	-10,0000
3,051928	-10,0000
3,052797	-10,0000
3,053666	-10,0000
3,054535	-10,0000
3,055404	-10,0000
3,056273	-10,0000
3,057142	-10,0000
3,058011	-10,0000
3,058880	-10,0000
3,059749	-10,0000
3,060618	-10,0000
3,061487	-10,0000
3,062356	-10,0000
3,063225	-10,0000
3,064094	-10,0000
3,064963	-10,0000
3,065832	-10,0000
3,066701	-10,0000
3,067570	-10,0000
3,068439	-10,0000
3,069308	-10,0000
3,070177	-10,0000
3,071046	-10,0000
3,071915	-10,0000
3,072784	-10,0000
3,073653	-10,0000
3,074522	-10,0000
3,075391	-10,0000
3,076260	-10,0000
3,077129	-10,0000
3,077998	-10,0000
3,078867	-10,0000
3,079736	-10,0000
3,080605	-10,0000
3,081474	-10,0000
3,082343	-10,0000
3,083212	-10,0000
3,084081	-10,0000
3,084950	-10,0000
3,085819	-10,0000
3,086688	-10,0000
3,087557	-10,0000
3,088426	-10,0000
3,089295	-10,0000
3,090164	-10,0000
3,091033	-10,0000
3,091902	-10,0000
3,092771	-10,0000
3,093640	-10,0000
3,094509	-10,0000
3,095378	-10,0000
3,096247	-10,0000
3,097116	-10,0000
3,097985	-10,0000
3,098854	-10,0000
3,099723	-10,0000
3,100592	-10,0000
3,101461	-10,0000
3,102330	-10,0000
3,103199	-10,0000
3,104068	-10,0000
3,104937	-10,0000
3,105806	-10,0000
3,106675	-10,0000
3,107544	-10,0000
3,108413	-10,0000
3,109282	-10,0000
3,110151	-10,0000
3,111020	-10,0000
3,111889	-10,0000
3,112758	-10,0000
3,113627	-10,0000
3,114496	-10,0000
3,115365	-10,0000
3,116234	-10,0000
3,117103	-10,0000
3,117972	-10,0000
3,118841	-10,0000
3,119710	-10,0000
3,120579	-10,0000
3,121448	-10,0000
3,122317	-10,0000
3,123186	-10,0000
3,124055	-10,0000
3,124924	-10,0000
3,125793	-10,0000
3,126662	-10,0000
3,127531	-10,0000
3,128400	-10,0000
3,129269	-10,0000
3,130138	-10,0000
3,131007	-10,0000
3,131876	-10,0000
3,132745	-10,0000
3,133614	-10,0000
3,134483	-10,0000
3,135352	-10,0000
3,136221	-10,0000
3,137090	-10,0000
3,137959	-10,0000
3,138828	-10,0000
3,139697	-10,0000
3,140566	-10,0000
3,141435	-10,0000
3,142304	-10,0000
3,143173	-10,0000
3,144042	-10,0000
3,144911	-10,0000
3,145780	-10,0000
3,146649	-10,0000
3,147518	-10,0000
3,148387	-10,0000
3,149256	-10,0000
3,150125	-10,0000
3,150994	-10,0000
3,151863	-10,0000
3,152732	-10,0000
3,153601	-10,0000
3,154470	-10,0000
3,155339	-10,0000
3,156208	-10,0000
3,157077	-10,0000
3,157946	-10,0000
3,158815	-10,0000
3,159684	-10,0000
3,160553	-10,0000
3,161422	-10,0000
3,162291	-10,0000
3,163160	-10,0000
3,164029	-10,0000
3,164898	-10,0000
3,165767	-10,0000
3,166636	-10,0000
3,167505	-10,0000
3,168374	-10,0000
3,169243	-10,0000
3,170112	-10,0000
3,170981	-10,0000
3,171850	-10,0000
3,172719	-10,0000
3,173588	-10,0000
3,174457	-10,0000
3,175326	-10,0000
3,176195	-10,0000
3,177064	-10,0000
3,177933	-10,0000
3,178802	-10,0000
3,179671	-10,0000
3,180540	-10,0000
3,181409	-10,0000
3,182278	-10,0000
3,183147	-10,0000
3,184016	-10,0000
3,184885	-10,0000
3,185754	-10,0000
3,186623	-10,0000
3,187492	-10,0000
3,188361	-10,0000
3,189230	-10,0000
3,190099	-10,0000
3,190968	-10,0000
3,191837	-10,0000
3,192706	-10,0000
3,193575	-10,0000
3,194444	-10,0000
3,195313	-10,0000
3,196182	-10,0000
3,197051	-10,0000
3,197920	-10,0000
3,198789	-10,0000
3,199658	-10,0000
3,200527	-10,0000
3,201396	-10,0000
3,202265	-10,0000
3,203134	-10,0000
3,204003	-10,0000
3,204872	-10,0000
3,205741	-10,0000
3,206610	-10,0000
3,207479	-10,0000
3,208348	-10,0000
3,209217	-10,0000
3,210086	-10,0000
3,210955	-10,0000
3,211824	-10,0000
3,212693	-10,0000
3,213562	-10,0000
3,214431	-10,0000
3,215300	-10,0000
3,216169	-10,0000
3,217038	-10,0000
3,217907	-10,0000
3,218776	-10,0000
3,219645	-10,0000
3,220514	-10,0000
3,221383	-10,0000
3,222252	-10,0000
3,223121	-10,0000
3,223990	-10,0000
3,224859	-10,0000
3,225728	-10,0000
3,226597	-10,0000
3,227466	-10,0000
3,228335	-10,0000
3,229204	-10,0000
3,230073	-10,0000
3,230942	-10,0000
3,231811	-10,0000
3,232680	-10,0000
3,233549	-10,0000
3,234418	-10,0000
3,235287	-10,0000
3,236156	-10,0000
3,237025	-10,0000
3,237894	-10,0000
3,238763	-10,0000
3,239632	-10,0000
3,240501	-10,0000
3,241370	-10,0000
3,242239	-10,0000
3,243108	-10,0000
3,243977	-10,0000
3,244846	-10,0000
3,245715	-10,0000
3,246584	-10,0000
3,247453	-10,0000
3,248322	-10,0000
3,249191	-10,0000
3,250060	-10,0000
3,250929	-10,0000
3,251798	-10,0000
3,252667	-10,0000
3,253536	-10,0000
3,254405	-10,0000
3,255274	-10,0000
3,256143	-10,0000
3,257012	-10,0000
3,257881	-10,0000
3,258750	-10,0000
3,259619	-10,0000
3,260488	-10,0000
3,261357	-10,0000
3,262226	-10,0000
3,263095	-10,0000
3,263964	-10,0000
3,264833	-10,0000
3,265702	-10,0000
3,266571	-10,0000
3,267440	-10,0000
3,268309	-10,0000
3,269178	-10,0000
3,270047	-10,0000
3,270916	-10,0000
3,271785	-10,0000
3,272654	-10,0000
3,273523	-10,0000
3,274392	-10,0000
3,275261	-10,0000
3,276130	-10,0000
3,276999	-10,0000
3,277868	-10,0000
3,278737	-10,0000
3,279606	-10,0000
3,280475	-10,0000
3,281344	-10,0000
3,282213	-10,0000
3,283082	-10,0000
3,283951	-10,0000
3,284820	-10,0000
3,285689	-10,0000
3,286558	-10,0000
3,287427	-10,0000
3,288296	-10,0000
3,289165	-10,0000
3,290034	-10,0000
3,290903	-10,0000
3,291772	-10,0000
3,292641	-10,0000
3,293510	-10,0000
3,294379	-10,0000
3,295248	-10,0000
3,296117	-10,0000
3,296986	-10,0000
3,297855	-10,0000
3,298724	-10,0000
3,299593	-10,0000
3,300462	-10,0000
3,301331	-10,0000
3,302200	-10,0000
3,303069	-10,0000
3,303938	-10,0000
3,304807	-10,0000
3,305676	-10,0000
3,306545	-10,0000
3,307414	-10,0000
3,308283	-10,0000
3,309152	-10,0000
3,310021	-10,0000
3,310890	-10,0000
3,311759	-10,0000
3,312628	-10,0000
3,313497	-10,0000
3,314366	-10,0000
3,315235	-10,0000
3,316104	-10,0000
3,316973	-10,0000
3,317842	-10,0000
3,318711	-10,0000
3,319580	-10,0000
3,320449	-10,0000
3,321318	-10,0000
3,322187	-10,0000
3,323056	-10,0000
3,323925	-10,0000
3,324794	-10,0000
3,325663	-10,0000
3,326532	-10,0000
3,327401	-10,0000
3,328270	-10,0000
3,329139	-10,0000
3,330008	-10,0000
3,330877	-10,0000
3,331746	-10,0000
3,332615	-10,0000
3,333484	-10,0000
3,334353	-10,0000
3,335222	-10,0000
3,336091	-10,0000
3,336960	-10,0000
3,337829	-10,0000
3,338698	-10,0000
3,339567	-10,0000
3,340436	-10,0000
3,341305	-10,0000
3,342174	-10,0000
3,343043	-10,0000
3,343912	-10,0000
3,344781	-10,0000
3,345650	-10,0000
3,346519	-10,0000
3,347388	-10,0000
3,348257	-10,0000
3,349126	-10,0000
3,349995	-10,0000
3,350864	-10,0000
3,351733	-10,0000
3,352602	-10,0000
3,353471	-10,0000
3,354340	-10,0000
3,355209	-10,0000
3,356078	-10,0000
3,356947	-10,0000
3,357816	-10,0000
3,358685	-10,0000
3,359554	-10,0000
3,360423	-10,0000
3,361292	-10,0000
3,362161	-10,0000
3,363030	-10,0000
3,363899	-10,0000
3,364768	-10,0000
3,365637	-10,0000
3,366506	-10,0000
3,367375	-10,0000
3,368244	-10,0000
3,369113	-10,0000
3,369982	-10,0000
3,370851	-10,0000
3,371720	-10,0000
3,372589	-10,0000
3,373458	-10,0000
3,374327	-10,0000
3,375196	-10,0000
3,376065	-10,0000
3,376934	-10,0000
3,377803	-10,0000
3,378672	-10,0000
3,379541	-10,0000
3,380410	-10,0000
3,381279	-10,0000
3,382148	-10,0000
3,383017	-10,0000
3,383886	-10,0000
3,384755	-10,0000
3,385624	-10,0000
3,386493	-10,0000
3,387362	-10,0000
3,388231	-10,0000
3,389100	-10,0000
3,389969	-10,0000
3,390838	-10,0000
3,391707	-10,0000
3,392576	-10,0000
3,393445	-10,0000
3,394314	-10,0000
3,395183	-10,0000
3,396052	-10,0000
3,396921	-10,0000
3,397790	-10,0000
3,398659	-10,0000
3,399528	-10,0000
3,400397	-10,0000
3,401266	-10,0000
3,402135	-10,0000
3,403004	-10,0000
3,403873	-10,0000
3,404742	-10,0000
3,405611	-10,0000
3,406480	-10,0000
3,407349	-10,0000
3,408218	-10,0000
3,409087	-10,0000
3,409956	-10,0000
3,410825	-10,0000
3,411694	-10,0000
3,412563	-10,0000
3,413432	-10,0000
3,414301	-10,0000
3,415170	-10,0000
3,416039	-10,0000
3,416908	-10,0000
3,417777	-10,0000
3,418646	-10,0000
3,419515	-10,0000
3,420384	-10,0000
3,421253	-10,0000
3,422122	-10,0000
3,422991	-10,0000
3,423860	-10,0000
3,424729	-10,0000
3,425598	-10,0000
3,426467	-10,0000
3,427336	-10,0000
3,428205	-10,0000
3,429074	-10,0000
3,429943	-10,0000
3,430812	-10,0000
3,431681	-10,0000
3,432550	-10,0000
3,433419	-10,0000
3,434288	-10,0000
3,435157	-10,0000
3,436026	-10,0000
3,436895	-10,0000
3,437764	-10,0000
3,438633	-10,0000
3,439502	-10,0000
3,440371	-10,0000
3,441240	-10,0000
3,442109	-10,0000
3,442978	-10,0000
3,443847	-10,0000
3,444716	-10,0000
3,445585	-10,0000
3,446454	-10,0000
3,447323	-10,0000
3,448192	-10,0000
3,449061	-10,0000
3,449930	-10,0000
3,450799	-10,0000
3,451668	-10,0000
3,452537	-10,0000
3,453406	-10,0000
3,454275	-10,0000
3,455144	-10,0000
3,456013	-10,0000
3,456882	-10,0000
3,457751	-10,0000
3,458620	-10,0000
3,459489	-10,0000
3,460358	-10,0000
3,461227	-10,0000
3,462096	-10,0000
3,462965	-10,0000
3,463834	-10,0000
3,464703	-10,0000
3,465572	-10,0000
3,466441	-10,0000
3,467310	-10,0000
3,468179	-10,0000
3,469048	-10,0000
3,469917	-10,0000
3,470786	-10,0000
3,471655	-10,0000
3,472524	-10,0000
3,473393	-10,0000
3,474262	-10,0000
3,475131	-10,0000
3,476000	-10,0000
3,476869	-10,0000
3,477738	-10,0000
3,478607	-10,0000
3,479476	-10,0000
3,480345	-10,0000
3,481214	-10,0000
3,482083	-10,0000
3,482952	-10,0000
3,483821	-10,0000
3,484690	-10,0000
3,485559	-10,0000
3,486428	-10,0000
3,487297	-10,0000
3,488166	-10,0000
3,489035	-10,0000
3,489904	-10,0000
3,490773	-10,0000
3,491642	-10,0000
3,492511	-10,0000
3,493380	-10,0000
3,494249	-10,0000
3,495118	-10,0000
3,495987	-10,0000
3,496856	-10,0000
3,497725	-10,0000
3,498594	-10,0000
3,499463	-10,0000
3,500332	-10,0000
3,501201	-10,0000
3,502070	-10,0000
3,502939	-10,0000
3,503808	-10,0000
3,504677	-10,0000
3,505546	-10,0000
3,506415	-10,0000
3,507284	-10,0000
3,508153	-10,0000
3,509022	-10,0000
3,509891	-10,0000
3,510760	-10,0000
3,511629	-10,0000
3,512498	-10,0000
3,513367	-10,0000
3,514236	-10,0000
3,515105	-10,0000
3,515974	-10,0000
3,516843	-10,0000
3,517712	-10,0000
3,518581	-10,0000
3,519450	-10,0000
3,520319	-10,0000
3,521188	-10,0000
3,522057	-10,0000
3,522926	-10,0000
3,523795	-10,0000
3,524664	-10,0000
3,525533	-10,0000
3,526402	-10,0000
3,527271	-10,0000
3,528140	-10,0000
3,529009	-10,0000
3,529878	-10,0000
3,530747	-10,0000
3,531616	-10,0000
3,532485	-10,0000
3,533354	-10,0000
3,534223	-10,0000
3,535092	-10,0000
3,535961	-10,0000
3,536830	-10,0000
3,537699	-10,0000
3,538568	-10,0000
3,539437	-10,0000
3,540306	-10,0000
3,541175	-10,0000
3,542044	-10,0000
3,542913	-10,0000
3,543782	-10,0000
3,544651	-10,0000
3,545520	-10,0000
3,546389	-10,0000
3,547258	-10,0000
3,548127	-10,0000
3,548996	-10,0000
3,549865	-10,0000
3,550734	-10,0000
3,551603	-10,0000
3,552472	-10,0000
3,553341	-10,0000
3,554210	-10,0000
3,555079	-10,0000
3,555948	-10,0000
3,556817	-10,0000
3,557686	-10,0000
3,558555	-10,0000
3,559424	-10,0000
3,560293	-10,0000
3,561162	-10,0000
3,562031	-10,0000
3,562900	-10,0000
3,563769	-10,0000
3,564638	-10,0000
3,565507	-10,0000
3,566376	-10,0000
3,567245	-10,0000
3,568114	-10,0000
3,568983	-10,0000
3,569852	-10,0000
3,570721	-10,0000
3,571590	-10,0000
3,572459	-10,0000
3,573328	-10,0000
3,574197	-10,0000
3,575066	-10,0000
3,575935	-10,0000
3,576804	-10,0000
3,577673	-10,0000
3,578542	-10,0000
3,579411	-10,0000
3,580280	-10,0000
3,581149	-10,0000
3,582018	-10,0000
3,582887	-10,0000
3,583756	-10,0000
3,584625	-10,0000
3,585494	-10,0000
3,586363	-10,0000
3,587232	-10,0000
3,588101	-10,0000
3,588970	-10,0000
3,589839	-10,0000
3,590708	-10,0000
3,591577	-10,0000
3,592446	-10,0000
3,593315	-10,0000
3,594184	-10,0000
3,595053	-10,0000
3,595922	-10,0000
3,596791	-10,0000
3,597660	-10,0000
3,598529	-10,0000
3,599398	-10,0000
3,600267	-10,0000
3,601136	-10,0000
3,602005	-10,0000
3,602874	-10,0000
3,603743	-10,0000
3,604612	-10,0000
3,605481	-10,0000
3,606350	-10,0000
3,607219	-10,0000
3,608088	-10,0000
3,608957	-10,0000
3,609826	-10,0000
3,610695	-10,0000
3,611564	-10,0000
3,612433	-10,0000
3,613302	-10,0000
3,614171	-10,0000
3,615040	-10,0000
3,615909	-10,0000
3,616778	-10,0000
3,617647	-10,0000
3,618516	-10,0000
3,619385	-10,0000
3,620254	-10,0000
3,621123	-10,0000
3,621992	-10,0000
3,622861	-10,0000
3,623730	-10,0000
3,624599	-10,0000
3,625468	-10,0000
3,626337	-10,0000
3,627206	-10,0000
3,628075	-10,0000
3,628944	-10,0000
3,629813	-10,0000
3,630682	-10,0000
3,631551	-10,0000
3,632420	-10,0000
3,633289	-10,0000
3,634158	-10,0000
3,635027	-10,0000
3,635896	-10,0000
3,636765	-10,0000
3,637634	-10,0000
3,638503	-10,0000
3,639372	-10,0000
3,640241	-10,0000
3,641110	-10,0000
3,641979	-10,0000
3,642848	-10,0000
3,643717	-10,0000
3,644586	-10,0000
3,645455	-10,0000
3,646324	-10,0000
3,647193	-10,0000
3,648062	-10,0000
3,648931	-10,0000
3,649800	-10,0000
3,650669	-10,0000
3,651538	-10,0000
3,652407	-10,0000
3,653276	-10,0000
3,654145	-10,0000
3,655014	-10,0000
3,655883	-10,0000
3,656752	-10,0000
3,657621	-10,0000
3,658490	-10,0000
3,659359	-10,0000
3,660228	-10,0000
3,661097	-10,0000
3,661966	-10,0000
3,662835	-10,0000
3,663704	-10,0000
3,664573	-10,0000
3,665442	-10,0000
3,666311	-10,0000
3,667180	-10,0000
3,668049	-10,0000
3,668918	-10,0000
3,669787	-10,0000
3,670656	-10,0000
3,671525	-10,0000
3,672394	-10,0000
3,673263	-10,0000
3,674132	-10,0000
3,675001	-10,0000
3,675870	-10,0000
3,676739	-10,0000
3,677608	-10,0000
3,678477	-10,0000
3,679346	-10,0000
3,680215	-10,0000
3,681084	-10,0000
3,681953	-10,0000
3,682822	-10,0000
3,683691	-10,0000
3,684560	-10,0000
3,685429	-10,0000
3,686298	-10,0000
3,687167	-10,0000
3,688036	-10,0000
3,688905	-10,0000
3,689774	-10,0000
3,690643	-10,0000
3,691512	-10,0000
3,692381	-10,0000
3,693250	-10,0000
3,694119	-10,0000
3,694988	-10,0000
3,695857	-10,0000
3,696726	-10,0000
3,697595	-10,0000
3,698464	-10,0000
3,699333	-10,0000
3,700202	-10,0000
3,701071	-10,0000
3,701940	-10,0000
3,702809	-10,0000
3,703678	-10,0000
3,704547	-10,0000
3,705416	-10,0000
3,706285	-10,0000
3,707154	-10,0000
3,708023	-10,0000
3,708892	-10,0000
3,709761	-10,0000
3,710630	-10,0000
3,711499	-10,0000
3,712368	-10,0000
3,713237	-10,0000
3,714106	-10,0000
3,714975	-10,0000
3,715844	-10,0000
3,716713	-10,0000
3,717582	-10,0000
3,718451	-10,0000
3,719320	-10,0000
3,720189	-10,0000
3,721058	-10,0000
3,721927	-10,0000
3,722796	-10,0000
3,723665	-10,0000
3,724534	-10,0000
3,725403	-10,0000
3,726272	-10,0000
3,727141	-10,0000
3,728010	-10,0000
3,728879	-10,0000
3,729748	-10,0000
3,730617	-10,0000
3,731486	-10,0000
3,732355	-10,0000
3,733224	-10,0000
3,734093	-10,0000
3,734962	-10,0000
3,735831	-10,0000
3,736700	-10,0000
3,737569	-10,0000
3,738438	-10,0000
3,739307	-10,0000
3,740176	-10,0000
3,741045	-10,0000
3,741914	-10,0000
3,742783	-10,0000
3,743652	-10,0000
3,744521	-10,0000
3,745390	-10,0000
3,746259	-10,0000
3,747128	-10,0000
3,747997	-10,0000
3,748866	-10,0000
3,749735	-10,0000
3,750604	-10,0000
3,751473	-10,0000
3,752342	-10,0000
3,753211	-10,0000
3,754080	-10,0000
3,754949	-10,0000
3,755818	-10,0000
3,756687	-10,0000
3,757556	-10,0000
3,758425	-10,0000
3,759294	-10,0000
3,760163	-10,0000
3,761032	-10,0000
3,761901	-10,0000
3,762770	-10,0000
3,763639	-10,0000
3,764508	-10,0000
3,765377	-10,0000
3,766246	-10,0000
3,767115	-10,0000
3,767984	-10,0000
3,768853	-10,0000
3,769722	-10,0000
3,770591	-10,0000
3,771460	-10,0000
3,772329	-10,0000
3,773198	-10,0000
3,774067	-10,0000
3,774936	-10,0000
3,775805	-10,0000
3,776674	-10,0000
3,777543	-10,0000
3,778412	-10,0000
3,779281	-10,0000
3,780150	-10,0000
3,781019	-10,0000
3,781888	-10,0000
3,782757	-10,0000
3,783626	-10,0000
3,784495	-10,0000
3,785364	-10,0000
3,786233	-10,0000
3,787102	-10,0000
3,787971	-10,0000
3,788840	-10,0000
3,789709	-10,0000
3,790578	-10,0000
3,791447	-10,0000
3,792316	-10,0000
3,793185	-10,0000
3,794054	-10,0000
3,794923	-10,0000
3,795792	-10,0000
3,796661	-10,0000
3,797530	-10,0000
3,798399	-10,0000
3,799268	-10,0000
3,800137	-10,0000
3,801006	-10,0000
3,801875	-10,0000
3,802744	-10,0000
3,803613	-10,0000
3,804482	-10,0000
3,805351	-10,0000
3,806220	-10,0000
3,807089	-10,0000
3,807958	-10,0000
3,808827	-10,0000
3,809696	-10,0000
3,810565	-10,0000
3,811434	-10,0000
3,812303	-10,0000
3,813172	-10,0000
3,814041	-10,0000
3,814910	-10,0000
3,815779	-10,0000
3,816648	-10,0000
3,817517	-10,0000
3,818386	-10,0000
3,819255	-10,0000
3,820124	-10,0000
3,820993	-10,0000
3,821862	-10,0000
3,822731	-10,0000
3,823600	-10,0000
3,824469	-10,0000
3,825338	-10,0000
3,826207	-10,0000
3,827076	-10,0000
3,827945	-10,0000
3,828814	-10,0000
3,829683	-10,0000
3,830552	-10,0000
3,831421	-10,0000
3,832290	-10,0000
3,833159	-10,0000
3,834028	-10,0000
3,834897	-10,0000
3,835766	-10,0000
3,836635	-10,0000
3,837504	-10,0000
3,838373	-10,0000
3,839242	-10,0000
3,840111	-10,0000
3,840980	-10,0000
3,841849	-10,0000
3,842718	-10,0000
3,843587	-10,0000
3,844456	-10,0000
3,845325	-10,0000
3,846194	-10,0000
3,847063	-10,0000
3,847932	-10,0000
3,848801	-10,0000
3,849670	-10,0000
3,850539	-10,0000
3,851408	-10,0000
3,852277	-10,0000
3,853146	-10,0000
3,854015	-10,0000
3,854884	-10,0000
3,855753	-10,0000
3,856622	-10,0000
3,857491	-10,0000
3,858360	-10,0000
3,859229	-10,0000
3,860098	-10,0000
3,860967	-10,0000
3,861836	-10,0000
3,862705	-10,0000
3,863574	-10,0000
3,864443	-10,0000
3,865312	-10,0000
3,866181	-10,0000
3,867050	-10,0000
3,867919	-10,0000
3,868788	-10,0000
3,869657	-10,0000
3,870526	-10,0000
3,871395	-10,0000
3,872264	-10,0000
3,873133	-10,0000
3,874002	-10,0000
3,874871	-10,0000
3,875740	-10,0000
3,876609	-10,0000
3,877478	-10,0000
3,878347	-10,0000
3,879216	-10,0000
3,880085	-10,0000
3,880954	-10,0000
3,881823	-10,0000
3,882692	-10,0000
3,883561	-10,0000
3,884430	-10,0000
3,885299	-10,0000
3,886168	-10,0000
3,887037	-10,0000
3,887906	-10,0000
3,888775	-10,0000
3,889644	-10,0000
3,890513	-10,0000
3,891382	-10,0000
3,892251	-10,0000
3,893120	-10,0000
3,893989	-10,0000
3,894858	-10,0000
3,895727	-10,0000
3,896596	-10,0000
3,897465	-10,0000
3,898334	-10,0000
3,899203	-10,0000
3,900072	-10,0000
3,900941	-10,0000
3,901810	-10,0000
3,902679	-10,0000
3,903548	-10,0000
3,904417	-10,0000
3,905286	-10,0000
3,906155	-10,0000
3,907024	-10,0000
3,907893	-10,0000
3,908762	-10,0000
3,909631	-10,0000
3,910500	-10,0000
3,911369	-10,0000
3,912238	-10,0000
3,913107	-10,0000
3,913976	-10,0000
3,914845	-10,0000
3,915714	-10,0000
3,916583	-10,0000
3,917452	-10,0000
3,918321	-10,0000
3,919190	-10,0000
3,920059	-10,0000
3,920928	-10,0000
3,921797	-10,0000
3,922666	-10,0000
3,923535	-10,0000
3,924404	-10,0000
3,925273	-10,0000
3,926142	-10,0000
3,927011	-10,0000
3,927880	-10,0000
3,928749	-10,0000
3,929618	-10,0000
3,930487	-10,0000
3,931356	-10,0000
3,932225	-10,0000
3,933094	-10,0000
3,933963	-10,0000
3,934832	-10,0000
3,935701	-10,0000
3,936570	-10,0000
3,937439	-10,0000
3,938308	-10,0000
3,939177	-10,0000
3,940046	-10,0000
3,940915	-10,0000
3,941784	-10,0000
3,942653	-10,0000
3,943522	-10,0000
3,944391	-10,0000
3,945260	-10,0000
3,946129	-10,0000
3,946998	-10,0000
3,947867	-10,0000
3,948736	-10,0000
3,949605	-10,0000
3,950474	-10,0000
3,951343	-10,0000
3,952212	-10,0000
3,953081	-10,0000
3,953950	-10,0000
3,954819	-10,0000
3,955688	-10,0000
3,956557	-10,0000
3,957426	-10,0000
3,958295	-10,0000
3,959164	-10,0000
3,960033	-10,0000
3,960902	-10,0000
3,961771	-10,0000
3,962640	-10,0000
3,963509	-10,0000
3,964378	-10,0000
3,965247	-10,0000
3,966116	-10,0000
3,966985	-10,0000
3,967854	-10,0000
3,968723	-10,0000
3,969592	-10,0000
3,970461	-10,0000
3,971330	-10,0000
3,972199	-10,0000
3,973068	-10,0000
3,973937	-10,0000
3,974806	-10,0000
3,975675	-10,0000
3,976544	-10,0000
3,977413	-10,0000
3,978282	-10,0000
3,979151	-10,0000
3,980020	-10,0000
3,980889	-10,0000
3,981758	-10,0000
3,982627	-10,0000
3,983496	-10,0000
3,984365	-10,0000
3,985234	-10,0000
3,986103	-10,0000
3,986972	-10,0000
3,987841	-10,0000
3,988710	-10,0000
3,989579	-10,0000
3,990448	-10,0000
3,991317	-10,0000
3,992186	-10,0000
3,993055	-10,0000
3,993924	-10,0000
3,994793	-10,0000
3,995662	-10,0000
3,996531	-10,0000
3,997400	-10,0000
3,998269	-10,0000
3,999138	-10,0000
4,000007	-10,0000
4,000876	-10,0000
4,001745	-10,0000
4,002614	-10,0000
4,003483	-10,0000
4,004352	-10,0000
4,005221	-10,0000
4,006090	-10,0000
4,006959	-10,0000
4,007828	-10,0000
4,008697	-10,0000
4,009566	-10,0000
4,010435	-10,0000
4,011304	-10,0000
4,012173	-10,0000
4,013042	-10,0000
4,013911	-10,0000
4,014780	-10,0000
4,015649	-10,0000
4,016518	-10,0000
4,017387	-10,0000
4,018256	-10,0000
4,019125	-10,0000
4,019994	-10,0000
4,020863	-10,0000
4,021732	-10,0000
4,022601	-10,0000
4,023470	-10,0000
4,024339	-10,0000
4,025208	-10,0000
4,026077	-10,0000
4,026946	-10,0000
4,027815	-10,0000
4,028684	-10,0000
4,029553	-10,0000
4,030422	-10,0000
4,031291	-10,0000
4,032160	-10,0000
4,033029	-10,0000
4,033898	-10,0000
4,034767	-10,0000
4,035636	-10,0000
4,036505	-10,0000
4,037374	-10,0000
4,038243	-10,0000
4,039112	-10,0000
4,039981	-10,0000
4,040850	-10,0000
4,041719	-10,0000
4,042588	-10,0000
4,043457	-10,0000
4,044326	-10,0000
4,045195	-10,0000
4,046064	-10,0000
4,046933	-10,0000
4,047802	-10,0000
4,048671	-10,0000
4,049540	-10,0000
4,050409	-10,0000
4,051278	-10,0000
4,052147	-10,0000
4,053016	-10,0000
4,053885	-10,0000
4,054754	-10,0000
4,055623	-10,0000
4,056492	-10,0000
4,057361	-10,0000
4,058230	-10,0000
4,059099	-10,0000
4,059968	-10,0000
4,060837	-10,0000
4,061706	-10,0000
4,062575	-10,0000
4,063444	-10,0000
4,064313	-10,0000
4,065182	-10,0000
4,066051	-10,0000
4,066920	-10,0000
4,067789	-10,0000
4,068658	-10,0000
4,069527	-10,0000
4,070396	-10,0000
4,071265	-10,0000
4,072134	-10,0000
4,073003	-10,0000
4,073872	-10,0000
4,074741	-10,0000
4,075610	-10,0000
4,076479	-10,0000
4,077348	-10,0000
4,078217	-10,0000
4,079086	-10,0000
4,079955	-10,0000
4,080824	-10,0000
4,081693	-10,0000
4,082562	-10,0000
4,083431	-10,0000
4,084300	-10,0000
4,085169	-10,0000
4,086038	-10,0000
4,086907	-10,0000
4,087776	-10,0000
4,088645	-10,0000
4,089514	-10,0000
4,090383	-10,0000
4,091252	-10,0000
4,092121	-10,0000
4,092990	-10,0000
4,093859	-10,0000
4,094728	-10,0000
4,095597	-10,0000
4,096466	-10,0000
4,097335	-10,0000
4,098204	-10,0000
4,099073	-10,0000
4,099942	-10,0000
4,100811	-10,0000
4,101680	-10,0000
4,102549	-10,0000
4,103418	-10,0000
4,104287	-10,0000
4,105156	-10,0000
4,106025	-10,0000
4,106894	-10,0000
4,107763	-10,0000
4,108632	-10,0000
4,109501	-10,0000
4,110370	-10,0000
4,111239	-10,0000
4,112108	-10,0000
4,112977	-10,0000
4,113846	-10,0000
4,114715	-10,0000
4,115584	-10,0000
4,116453	-10,0000
4,117322	-10,0000
4,118191	-10,0000
4,119060	-10,0000
4,119929	-10,0000
4,120798	-10,0000
4,121667	-10,0000
4,122536	-10,0000
4,123405	-10,0000
4,124274	-10,0000
4,125143	-10,0000
4,126012	-10,0000
4,126881	-10,0000
4,127750	-10,0000
4,128619	-10,0000
4,129488	-10,0000
4,130357	-10,0000
4,131226	-10,0000
4,132095	-10,0000
4,132964	-10,0000
4,133833	-10,0000
4,134702	-10,0000
4,135571	-10,0000
4,136440	-10,0000
4,137309	-10,0000
4,138178	-10,0000
4,139047	-10,0000
4,139916	-10,0000
4,140785	-10,0000
4,141654	-10,0000
4,142523	-10,0000
4,143392	-10,0000
4,144261	-10,0000
4,145130	-10,0000
4,145999	-10,0000
4,146868	-10,0000
4,147737	-10,0000
4,148606	-10,0000
4,149475	-10,0000
4,150344	-10,0000
4,151213	-10,0000
4,152082	-10,0000
4,152951	-10,0000
4,153820	-10,0000
4,154689	-10,0000
4,155558	-10,0000
4,156427	-10,0000
4,157296	-10,0000
4,158165	-10,0000
4,159034	-10,0000
4,159903	-10,0000
4,160772	-10,0000
4,161641	-10,0000
4,162510	-10,0000
4,163379	-10,0000
4,164248	-10,0000
4,165117	-10,0000
4,165986	-10,0000
4,166855	-10,0000
4,167724	-10,0000
4,168593	-10,0000
4,169462	-10,0000
4,170331	-10,0000
4,171200	-10,0000
4,172069	-10,0000
4,172938	-10,0000
4,173807	-10,0000
4,174676	-10,0000
4,175545	-10,0000
4,176414	-10,0000
4,177283	-10,0000
4,178152	-10,0000
4,179021	-10,0000
4,179890	-10,0000
4,180759	-10,0000
4,181628	-10,0000
4,182497	-10,0000
4,183366	-10,0000
4,184235	-10,0000
4,185104	-10,0000
4,185973	-10,0000
4,186842	-10,0000
4,187711	-10,0000
4,188580	-10,0000
4,189449	-10,0000
4,190318	-10,0000
4,191187	-10,0000
4,192056	-10,0000
4,192925	-10,0000
4,193794	-10,0000
4,194663	-10,0000
4,195532	-10,0000
4,196401	-10,0000
4,197270	-10,0000
4,198139	-10,0000
4,199008	-10,0000
4,199877	-10,0000
4,200746	-10,0000
4,201615	-10,0000
4,202484	-10,0000
4,203353	-10,0000
4,204222	-10,0000
4,205091	-10,0000
4,205960	-10,0000
4,206829	-10,0000
4,207698	-10,0000
4,208567	-10,0000
4,209436	-10,0000
4,210305	-10,0000
4,211174	-10,0000
4,212043	-10,0000
4,212912	-10,0000
4,213781	-10,0000
4,214650	-10,0000
4,215519	-10,0000
4,216388	-10,0000
4,217257	-10,0000
4,218126	-10,0000
4,218995	-10,0000
4,219864	-10,0000
4,220733	-10,0000
4,221602	-10,0000
4,222471	-10,0000
4,223340	-10,0000
4,224209	-10,0000
4,225078	-10,0000
4,225947	-10,0000
4,226816	-10,0000
4,227685	-10,0000
4,228554	-10,0000
4,229423	-10,0000
4,230292	-10,0000
4,231161	-10,0000
4,232030	-10,0000
4,232899	-10,0000
4,233768	-10,0000
4,234637	-10,0000
4,235506	-10,0000
4,236375	-10,0000
4,237244	-10,0000
4,238113	-10,0000
4,238982	-10,0000
4,239851	-10,0000
4,240720	-10,0000
4,241589	-10,0000
4,242458	-10,0000
4,243327	-10,0000
4,244196	-10,0000
4,245065	-10,0000
4,245934	-10,0000
4,246803	-10,0000
4,247672	-10,0000
4,248541	-10,0000
4,249410	-10,0000
4,250279	-10,0000
4,251148	-10,0000
4,252017	-10,0000
4,252886	-10,0000
4,253755	-10,0000
4,254624	-10,0000
4,255493	-10,0000
4,256362	-10,0000
4,257231	-10,0000
4,258100	-10,0000
4,258969	-10,0000
4,259838	-10,0000
4,260707	-10,0000
4,261576	-10,0000
4,262445	-10,0000
4,263314	-10,0000
4,264183	-10,0000
4,265052	-10,0000
4,265921	-10,0000
4,266790	-10,0000
4,267659	-10,0000
4,268528	-10,0000
4,269397	-10,0000
4,270266	-10,0000
4,271135	-10,0000
4,272004	-10,0000
4,272873	-10,0000
4,273742	-10,0000
4,274611	-10,0000
4,275480	-10,0000
4,276349	-10,0000
4,277218	-10,0000
4,278087	-10,0000
4,278956	-10,0000
4,279825	-10,0000
4,280694	-10,0000
4,281563	-10,0000
4,282432	-10,0000
4,283301	-10,0000
4,284170	-10,0000
4,285039	-10,0000
4,285908	-10,0000
4,286777	-10,0000
4,287646	-10,0000
4,288515	-10,0000
4,289384	-10,0000
4,290253	-10,0000
4,291122	-10,0000
4,291991	-10,0000
4,292860	-10,0000
4,293729	-10,0000
4,294598	-10,0000
4,295467	-10,0000
4,296336	-10,0000
4,297205	-10,0000
4,298074	-10,0000
4,298943	-10,0000
4,299812	-10,0000
4,300681	-10,0000
4,301550	-10,0000
4,302419	-10,0000
4,303288	-10,0000
4,304157	-10,0000
4,305026	-10,0000
4,305895	-10,0000
4,306764	-10,0000
4,307633	-10,0000
4,308502	-10,0000
4,309371	-10,0000
4,310240	-10,0000
4,311109	-10,0000
4,311978	-10,0000
4,312847	-10,0000
4,313716	-10,0000
4,314585	-10,0000
4,315454	-10,0000
4,316323	-10,0000
4,317192	-10,0000
4,318061	-10,0000
4,318930	-10,0000
4,319799	-10,0000
4,320668	-10,0000
4,321537	-10,0000
4,322406	-10,0000
4,323275	-10,0000
4,324144	-10,0000
4,325013	-10,0000
4,325882	-10,0000
4,326751	-10,0000
4,327620	-10,0000
4,328489	-10,0000
4,329358	-10,0000
4,330227	-10,0000
4,331096	-10,0000
4,331965	-10,0000
4,332834	-10,0000
4,333703	-10,0000
4,334572	-10,0000
4,335441	-10,0000
4,336310	-10,0000
4,337179	-10,0000
4,338048	-10,0000
4,338917	-10,0000
4,339786	-10,0000
4,340655	-10,0000
4,341524	-10,0000
4,342393	-10,0000
4,343262	-10,0000
4,344131	-10,0000
4,345000	-10,0000
