0,000869	-0,0146
0,001738	-0,0146
0,002607	-0,0156
0,003476	-0,0159
0,004345	-0,0146
0,005214	-0,0146
0,006083	-0,0140
0,006952	-0,0150
0,007821	-0,0134
0,008690	-0,0162
0,009559	-0,0122
0,010428	-0,0153
0,011297	-0,0140
0,012166	-0,0146
0,013035	-0,0150
0,013904	-0,0128
0,014773	-0,0137
0,015642	-0,0159
0,016511	-0,0153
0,017380	-0,0122
0,018249	-0,0177
0,019118	-0,0137
0,019987	-0,0168
0,020856	-0,0153
0,021725	-0,0150
0,022594	-0,0153
0,023463	-0,0146
0,024332	-0,0159
0,025201	-0,0146
0,026070	-0,0146
0,026939	-0,0162
0,027808	-0,0143
0,028677	-0,0134
0,029546	-0,0195
0,030415	-0,0153
0,031284	-0,0153
0,032153	-0,0150
0,033022	-0,0156
0,033891	-0,0119
0,034760	-0,0201
0,035629	-0,0171
0,036498	-0,0156
0,037367	-0,0140
0,038236	-0,0128
0,039105	-0,0186
0,039974	-0,0143
0,040843	-0,0165
0,041712	-0,0153
0,042581	-0,0150
0,043450	-0,0156
0,044319	-0,0150
0,045188	-0,0165
0,046057	-0,0153
0,046926	-0,0146
0,047795	-0,0140
0,048664	-0,0156
0,049533	-0,0146
0,050402	-0,0146
0,051271	-0,0150
0,052140	-0,0146
0,053009	-0,0150
0,053878	-0,0140
0,054747	-0,0125
0,055616	-0,0165
0,056485	-0,0162
0,057354	-0,0143
0,058223	-0,0204
0,059092	-0,0165
0,059961	-0,0143
0,060830	-0,0159
0,061699	-0,0150
0,062568	-0,0153
0,063437	-0,0150
0,064306	-0,0153
0,065175	-0,0156
0,066044	-0,0165
0,066913	-0,0143
0,067782	-0,0137
0,068651	-0,0177
0,069520	-0,0165
0,070389	-0,0156
0,071258	-0,0153
0,072127	-0,0150
0,072996	-0,0150
0,073865	-0,0137
0,074734	-0,0162
0,075603	-0,0140
0,076472	-0,0159
0,077341	-0,0171
0,078210	-0,0128
0,079079	-0,0177
0,079948	-0,0116
0,080817	-0,0143
0,081686	-0,0153
0,082555	-0,0162
0,083424	-0,0156
0,084293	-0,0180
0,085162	-0,0174
0,086031	-0,0162
0,086900	-0,0140
0,087769	-0,0214
0,088638	-0,0156
0,089507	-0,0146
0,090376	-0,0159
0,091245	-0,0150
0,092114	-0,0150
0,092983	-0,0153
0,093852	-0,0137
0,094721	-0,0162
0,095590	-0,0150
0,096459	-0,0137
0,097328	-0,0174
0,098197	-0,0134
0,099066	-0,0192
0,099935	-0,0174
0,100804	-0,0162
0,101673	-0,0153
0,102542	-0,0153
0,103411	-0,0153
0,104280	-0,0150
0,105149	-0,0137
0,106018	-0,0140
0,106887	-0,0119
0,107756	-0,0116
0,108625	-0,0177
0,109494	-0,0143
0,110363	-0,0162
0,111232	-0,0156
0,112101	-0,0156
0,112970	-0,0153
0,113839	-0,0165
0,114708	-0,0150
0,115577	-0,0153
0,116446	-0,0159
0,117315	-0,0143
0,118184	-0,0119
0,119053	-0,0223
0,119922	-0,0137
0,120791	-0,0146
0,121660	-0,0156
0,122529	-0,0159
0,123398	-0,0159
0,124267	-0,0156
0,125136	-0,0150
0,126005	-0,0150
0,126874	-0,0146
0,127743	-0,0137
0,128612	-0,0174
0,129481	-0,0150
0,130350	-0,0153
0,131219	-0,0150
0,132088	-0,0153
0,132957	-0,0153
0,133826	-0,0140
0,134695	-0,0153
0,135564	-0,0156
0,136433	-0,0153
0,137302	-0,0131
0,138171	-0,0137
0,139040	-0,0153
0,139909	-0,0143
0,140778	-0,0146
0,141647	-0,0153
0,142516	-0,0153
0,143385	-0,0143
0,144254	-0,0180
0,145123	-0,0150
0,145992	-0,0180
0,146861	-0,0165
0,147730	-0,0143
0,148599	-0,0171
0,149468	-0,0146
0,150337	-0,0159
0,151206	-0,0153
0,152075	-0,0153
0,152944	-0,0143
0,153813	-0,0119
0,154682	-0,0156
0,155551	-0,0156
0,156420	-0,0159
0,157289	-0,0137
0,158158	-0,0143
0,159027	-0,0119
0,159896	-0,0156
0,160765	-0,0150
0,161634	-0,0153
0,162503	-0,0159
0,163372	-0,0159
0,164241	-0,0137
0,165110	-0,0153
0,165979	-0,0150
0,166848	-0,0134
0,167717	-0,0153
0,168586	-0,0146
0,169455	-0,0159
0,170324	-0,0153
0,171193	-0,0150
0,172062	-0,0153
0,172931	-0,0150
0,173800	-0,0113
0,174669	-0,0186
0,175538	-0,0177
0,176407	-0,0162
0,177276	-0,0146
0,178145	-0,0131
0,179014	-0,0195
0,179883	-0,0153
0,180752	-0,0143
0,181621	-0,0150
0,182490	-0,0159
0,183359	-0,0153
0,184228	-0,0174
0,185097	-0,0140
0,185966	-0,0143
0,186835	-0,0159
0,187704	-0,0195
0,188573	-0,0150
0,189442	-0,0156
0,190311	-0,0159
0,191180	-0,0156
0,192049	-0,0150
0,192918	-0,0159
0,193787	-0,0140
0,194656	-0,0143
0,195525	-0,0171
0,196394	-0,0146
0,197263	-0,0159
0,198132	-0,0177
0,199001	-0,0162
0,199870	-0,0153
0,200739	-0,0140
0,201608	-0,0159
0,202477	-0,0153
0,203346	-0,0165
0,204215	-0,0171
0,205084	-0,0146
0,205953	-0,0153
0,206822	-0,0153
0,207691	-0,0171
0,208560	-0,0204
0,209429	-0,0110
0,210298	-0,0153
0,211167	-0,0150
0,212036	-0,0150
0,212905	-0,0150
0,213774	-0,0134
0,214643	-0,0153
0,215512	-0,0125
0,216381	-0,0165
0,217250	-0,0168
0,218119	-0,0159
0,218988	-0,0153
0,219857	-0,0156
0,220726	-0,0150
0,221595	-0,0143
0,222464	-0,0146
0,223333	-0,0143
0,224202	-0,0159
0,225071	-0,0143
0,225940	-0,0143
0,226809	-0,0143
0,227678	-0,0171
0,228547	-0,0140
0,229416	-0,0168
0,230285	-0,0156
0,231154	-0,0150
0,232023	-0,0146
0,232892	-0,0150
0,233761	-0,0137
0,234630	-0,0153
0,235499	-0,0131
0,236368	-0,0140
0,237237	-0,0128
0,238106	-0,0110
0,238975	-0,0159
0,239844	-0,0150
0,240713	-0,0156
0,241582	-0,0159
0,242451	-0,0156
0,243320	-0,0159
0,244189	-0,0156
0,245058	-0,0137
0,245927	-0,0201
0,246796	-0,0177
0,247665	-0,0153
0,248534	-0,0156
0,249403	-0,0125
0,250272	-0,0143
0,251141	-0,0156
0,252010	-0,0153
0,252879	-0,0153
0,253748	-0,0134
0,254617	-0,0150
0,255486	-0,0153
0,256355	-0,0165
0,257224	-0,0146
0,258093	-0,0168
0,258962	-0,0159
0,259831	-0,0146
0,260700	-0,0150
0,261569	-0,0143
0,262438	-0,0150
0,263307	-0,0156
0,264176	-0,0165
0,265045	-0,0150
0,265914	-0,0125
0,266783	-0,0098
0,267652	-0,0153
0,268521	-0,0146
0,269390	-0,0159
0,270259	-0,0153
0,271128	-0,0150
0,271997	-0,0146
0,272866	-0,0143
0,273735	-0,0150
0,274604	-0,0150
0,275473	-0,0137
0,276342	-0,0122
0,277211	-0,0131
0,278080	-0,0143
0,278949	-0,0186
0,279818	-0,0131
0,280687	-0,0153
0,281556	-0,0150
0,282425	-0,0156
0,283294	-0,0165
0,284163	-0,0192
0,285032	-0,0156
0,285901	-0,0168
0,286770	-0,0119
0,287639	-0,0082
0,288508	-0,0168
0,289377	-0,0134
0,290246	-0,0153
0,291115	-0,0143
0,291984	-0,0153
0,292853	-0,0150
0,293722	-0,0125
0,294591	-0,0140
0,295460	-0,0159
0,296329	-0,0171
0,297198	-0,0159
0,298067	-0,0125
0,298936	-0,0146
0,299805	-0,0116
0,300674	-0,0153
0,301543	-0,0150
0,302412	-0,0150
0,303281	-0,0156
0,304150	-0,0140
0,305019	-0,0137
0,305888	-0,0156
0,306757	-0,0174
0,307626	-0,0165
0,308495	-0,0159
0,309364	-0,0085
0,310233	-0,0162
0,311102	-0,0156
0,311971	-0,0153
0,312840	-0,0143
0,313709	-0,0140
0,314578	-0,0156
0,315447	-0,0150
0,316316	-0,0150
0,317185	-0,0208
0,318054	-0,0150
0,318923	-0,0195
0,319792	-0,0134
0,320661	-0,0150
0,321530	-0,0153
0,322399	-0,0159
0,323268	-0,0159
0,324137	-0,0183
0,325006	-0,0159
0,325875	-0,0137
0,326744	-0,0156
0,327613	-0,0143
0,328482	-0,0174
0,329351	-0,0131
0,330220	-0,0146
0,331089	-0,0153
0,331958	-0,0153
0,332827	-0,0150
0,333696	-0,0156
0,334565	-0,0189
0,335434	-0,0156
0,336303	-0,0159
0,337172	-0,0098
0,338041	-0,0140
0,338910	-0,0165
0,339779	-0,0150
0,340648	-0,0162
0,341517	-0,0153
0,342386	-0,0140
0,343255	-0,0150
0,344124	-0,0171
0,344993	-0,0186
0,345862	-0,0174
0,346731	-0,0143
0,347600	-0,0165
0,348469	-0,0140
0,349338	-0,0137
0,350207	-0,0159
0,351076	-0,0150
0,351945	-0,0156
0,352814	-0,0146
0,353683	-0,0137
0,354552	-0,0143
0,355421	-0,0156
0,356290	-0,0140
0,357159	-0,0122
0,358028	-0,0146
0,358897	-0,0177
0,359766	-0,0159
0,360635	-0,0146
0,361504	-0,0143
0,362373	-0,0159
0,363242	-0,0156
0,364111	-0,0168
0,364980	-0,0156
0,365849	-0,0134
0,366718	-0,0150
0,367587	-0,0153
0,368456	-0,0150
0,369325	-0,0153
0,370194	-0,0150
0,371063	-0,0150
0,371932	-0,0156
0,372801	-0,0153
0,373670	-0,0143
0,374539	-0,0165
0,375408	-0,0137
0,376277	-0,0156
0,377146	-0,0220
0,378015	-0,0137
0,378884	-0,0162
0,379753	-0,0162
0,380622	-0,0153
0,381491	-0,0140
0,382360	-0,0153
0,383229	-0,0146
0,384098	-0,0177
0,384967	-0,0140
0,385836	-0,0150
0,386705	-0,0159
0,387574	-0,0131
0,388443	-0,0165
0,389312	-0,0131
0,390181	-0,0153
0,391050	-0,0150
0,391919	-0,0150
0,392788	-0,0153
0,393657	-0,0137
0,394526	-0,0153
0,395395	-0,0134
0,396264	-0,0131
0,397133	-0,0192
0,398002	-0,0162
0,398871	-0,0140
0,399740	-0,0143
0,400609	-0,0153
0,401478	-0,0146
0,402347	-0,0165
0,403216	-0,0153
0,404085	-0,0168
0,404954	-0,0153
0,405823	-0,0137
0,406692	-0,0153
0,407561	-0,0140
0,408430	-0,0204
0,409299	-0,0137
0,410168	-0,0150
0,411037	-0,0140
0,411906	-0,0150
0,412775	-0,0150
0,413644	-0,0140
0,414513	-0,0150
0,415382	-0,0156
0,416251	-0,0143
0,417120	-0,0168
0,417989	-0,0174
0,418858	-0,0122
0,419727	-0,0156
0,420596	-0,0153
0,421465	-0,0153
0,422334	-0,0143
0,423203	-0,0150
0,424072	-0,0146
0,424941	-0,0153
0,425810	-0,0128
0,426679	-0,0122
0,427548	-0,0137
0,428417	-0,0150
0,429286	-0,0186
0,430155	-0,0162
0,431024	-0,0150
0,431893	-0,0150
0,432762	-0,0146
0,433631	-0,0150
0,434500	-0,0143
0,435369	-0,0159
0,436238	-0,0153
0,437107	-0,0137
0,437976	-0,0134
0,438845	-0,0116
0,439714	-0,0122
0,440583	-0,0153
0,441452	-0,0150
0,442321	-0,0150
0,443190	-0,0159
0,444059	-0,0168
0,444928	-0,0137
0,445797	-0,0159
0,446666	-0,0146
0,447535	-0,0150
0,448404	-0,0150
0,449273	-0,0183
0,450142	-0,0150
0,451011	-0,0143
0,451880	-0,0156
0,452749	-0,0146
0,453618	-0,0146
0,454487	-0,0168
0,455356	-0,0156
0,456225	-0,0156
0,457094	-0,0204
0,457963	-0,0140
0,458832	-0,0180
0,459701	-0,0137
0,460570	-0,0146
0,461439	-0,0150
0,462308	-0,0153
0,463177	-0,0159
0,464046	-0,0150
0,464915	-0,0156
0,465784	-0,0146
0,466653	-0,0150
0,467522	-0,0119
0,468391	-0,0131
0,469260	-0,0159
0,470129	-0,0143
0,470998	-0,0153
0,471867	-0,0146
0,472736	-0,0153
0,473605	-0,0150
0,474474	-0,0125
0,475343	-0,0143
0,476212	-0,0150
0,477081	-0,0128
0,477950	-0,0140
0,478819	-0,0137
0,479688	-0,0143
0,480557	-0,0140
0,481426	-0,0146
0,482295	-0,0159
0,483164	-0,0162
0,484033	-0,0201
0,484902	-0,0134
0,485771	-0,0125
0,486640	-0,0150
0,487509	-0,0146
0,488378	-0,0168
0,489247	-0,0165
0,490116	-0,0153
0,490985	-0,0153
0,491854	-0,0150
0,492723	-0,0153
0,493592	-0,0140
0,494461	-0,0140
0,495330	-0,0174
0,496199	-0,0168
0,497068	-0,0156
0,497937	-0,0146
0,498806	-0,0140
0,499675	-0,0134
0,500544	-0,0153
0,501413	-0,0153
0,502282	-0,0159
0,503151	-0,0153
0,504020	-0,0146
0,504889	-0,0153
0,505758	-0,0159
0,506627	-0,0150
0,507496	-0,0150
0,508365	-0,0140
0,509234	-0,0134
0,510103	-0,0162
0,510972	-0,0156
0,511841	-0,0156
0,512710	-0,0150
0,513579	-0,0146
0,514448	-0,0140
0,515317	-0,0150
0,516186	-0,0162
0,517055	-0,0174
0,517924	-0,0101
0,518793	-0,0162
0,519662	-0,0159
0,520531	-0,0150
0,521400	-0,0153
0,522269	-0,0159
0,523138	-0,0153
0,524007	-0,0177
0,524876	-0,0146
0,525745	-0,0143
0,526614	-0,0131
0,527483	-0,0140
0,528352	-0,0116
0,529221	-0,0140
0,530090	-0,0150
0,530959	-0,0150
0,531828	-0,0143
0,532697	-0,0153
0,533566	-0,0146
0,534435	-0,0501
0,535304	-0,2872
0,536173	-0,5124
0,537042	-0,7355
0,537911	-0,9220
0,538780	-1,0489
0,539649	-1,1185
0,540518	-1,1216
0,541387	-1,0462
0,542256	-0,9033
0,543125	-0,6989
0,543994	-0,4541
0,544863	-0,1828
0,545732	0,0885
0,546601	0,3580
0,547470	0,5884
0,548339	0,7675
0,549208	0,8805
0,550077	0,9235
0,550946	0,8954
0,551815	0,8005
0,552684	0,6442
0,553553	0,4331
0,554422	0,1865
0,555291	-0,0702
0,556160	-0,3317
0,557029	-0,5826
0,557898	-0,7788
0,558767	-0,9177
0,559636	-0,9931
0,560505	-1,0025
0,561374	-0,9387
0,562243	-0,8094
0,563112	-0,6146
0,563981	-0,3781
0,564850	-0,1157
0,565719	0,1450
0,566588	0,4041
0,567457	0,6287
0,568326	0,8005
0,569195	0,9046
0,570064	0,9445
0,570933	0,9134
0,571802	0,8145
0,572671	0,6507
0,573540	0,4321
0,574409	0,1791
0,575278	-0,0824
0,576147	-0,3452
0,577016	-0,5960
0,577885	-0,8029
0,578754	-0,9449
0,579623	-1,0269
0,580492	-1,0401
0,581361	-0,9723
0,582230	-0,8353
0,583099	-0,6333
0,583968	-0,3937
0,584837	-0,1325
0,585706	0,1297
0,586575	0,3879
0,587444	0,6174
0,588313	0,7996
0,589182	0,9171
0,590051	0,9619
0,590920	0,9281
0,591789	0,8264
0,592658	0,6613
0,593527	0,4477
0,594396	0,1968
0,595265	-0,0607
0,596134	-0,3214
0,597003	-0,5719
0,597872	-0,7733
0,598741	-0,9174
0,599610	-0,9946
0,600479	-1,0034
0,601348	-0,9412
0,602217	-0,8176
0,603086	-0,6284
0,603955	-0,3940
0,604824	-0,1315
0,605693	0,1285
0,606562	0,3876
0,607431	0,6070
0,608300	0,7779
0,609169	0,8866
0,610038	0,9256
0,610907	0,8966
0,611776	0,8014
0,612645	0,6421
0,613514	0,4236
0,614383	0,1724
0,615252	-0,0845
0,616121	-0,3442
0,616990	-0,5921
0,617859	-0,7904
0,618728	-0,9400
0,619597	-1,0175
0,620466	-1,0257
0,621335	-0,9586
0,622204	-0,8264
0,623073	-0,6360
0,623942	-0,4093
0,624811	-0,1520
0,625680	0,1108
0,626549	0,3684
0,627418	0,5918
0,628287	0,7736
0,629156	0,8792
0,630025	0,9210
0,630894	0,8887
0,631763	0,7910
0,632632	0,6351
0,633501	0,4227
0,634370	0,1737
0,635239	-0,0876
0,636108	-0,3452
0,636977	-0,5918
0,637846	-0,7929
0,638715	-0,9339
0,639584	-1,0099
0,640453	-1,0190
0,641322	-0,9516
0,642191	-0,8158
0,643060	-0,6195
0,643929	-0,3897
0,644798	-0,1343
0,645667	0,1245
0,646536	0,3800
0,647405	0,6037
0,648274	0,7825
0,649143	0,8982
0,650012	0,9366
0,650881	0,9009
0,651750	0,7984
0,652619	0,6378
0,653488	0,4245
0,654357	0,1746
0,655226	-0,0851
0,656095	-0,3497
0,656964	-0,5979
0,657833	-0,7929
0,658702	-0,9381
0,659571	-1,0141
0,660440	-1,0254
0,661309	-0,9571
0,662178	-0,8219
0,663047	-0,6217
0,663916	-0,3876
0,664785	-0,1297
0,665654	0,1300
0,666523	0,3851
0,667392	0,6128
0,668261	0,7913
0,669130	0,9049
0,669999	0,9458
0,670868	0,9101
0,671737	0,8078
0,672606	0,6473
0,673475	0,4321
0,674344	0,1819
0,675213	-0,0821
0,676082	-0,3427
0,676951	-0,5918
0,677820	-0,7947
0,678689	-0,9394
0,679558	-1,0166
0,680427	-1,0294
0,681296	-0,9607
0,682165	-0,8240
0,683034	-0,6247
0,683903	-0,3888
0,684772	-0,1303
0,685641	0,1288
0,686510	0,3931
0,687379	0,6223
0,688248	0,8005
0,689117	0,9079
0,689986	0,9513
0,690855	0,9183
0,691724	0,8228
0,692593	0,6653
0,693462	0,4508
0,694331	0,1993
0,695200	-0,0607
0,696069	-0,3232
0,696938	-0,5698
0,697807	-0,7736
0,698676	-0,9220
0,699545	-1,0019
0,700414	-1,0117
0,701283	-0,9418
0,702152	-0,8094
0,703021	-0,6189
0,703890	-0,3864
0,704759	-0,1267
0,705628	0,1361
0,706497	0,3943
0,707366	0,6253
0,708235	0,8023
0,709104	0,9110
0,709973	0,9629
0,710842	0,9384
0,711711	0,8423
0,712580	0,6781
0,713449	0,4605
0,714318	0,2139
0,715187	-0,0397
0,716056	-0,3006
0,716925	-0,5509
0,717794	-0,7627
0,718663	-0,9091
0,719532	-0,9888
0,720401	-1,0010
0,721270	-0,9442
0,722139	-0,8206
0,723008	-0,6308
0,723877	-0,3955
0,724746	-0,1386
0,725615	0,1190
0,726484	0,3702
0,727353	0,5969
0,728222	0,7770
0,729091	0,9009
0,729960	0,9445
0,730829	0,9140
0,731698	0,8185
0,732567	0,6650
0,733436	0,4566
0,734305	0,2133
0,735174	-0,0446
0,736043	-0,3027
0,736912	-0,5487
0,737781	-0,7477
0,738650	-0,8863
0,739519	-0,9680
0,740388	-0,9818
0,741257	-0,9162
0,742126	-0,7816
0,742995	-0,5914
0,743864	-0,3613
0,744733	-0,1019
0,745602	0,1593
0,746471	0,4215
0,747340	0,6485
0,748209	0,8194
0,749078	0,9302
0,749947	0,9754
0,750816	0,9497
0,751685	0,8530
0,752554	0,6903
0,753423	0,4758
0,754292	0,2347
0,755161	-0,0183
0,756030	-0,2747
0,756899	-0,5264
0,757768	-0,7324
0,758637	-0,8814
0,759506	-0,9552
0,760375	-0,9687
0,761244	-0,9091
0,762113	-0,7840
0,762982	-0,5945
0,763851	-0,3601
0,764720	-0,1047
0,765589	0,1492
0,766458	0,4031
0,767327	0,6311
0,768196	0,8130
0,769065	0,9253
0,769934	0,9714
0,770803	0,9418
0,771672	0,8493
0,772541	0,6958
0,773410	0,4852
0,774279	0,2393
0,775148	-0,0168
0,776017	-0,2738
0,776886	-0,5188
0,777755	-0,7190
0,778624	-0,8637
0,779493	-0,9384
0,780362	-0,9461
0,781231	-0,8795
0,782100	-0,7529
0,782969	-0,5676
0,783838	-0,3391
0,784707	-0,0851
0,785576	0,1767
0,786445	0,4294
0,787314	0,6513
0,788183	0,8243
0,789052	0,9387
0,789921	0,9836
0,790790	0,9488
0,791659	0,8469
0,792528	0,6900
0,793397	0,4819
0,794266	0,2362
0,795135	-0,0195
0,796004	-0,2768
0,796873	-0,5188
0,797742	-0,7196
0,798611	-0,8625
0,799480	-0,9430
0,800349	-0,9558
0,801218	-0,8881
0,802087	-0,7581
0,802956	-0,5704
0,803825	-0,3418
0,804694	-0,0830
0,805563	0,1743
0,806432	0,4263
0,807301	0,6482
0,808170	0,8179
0,809039	0,9311
0,809908	0,9745
0,810777	0,9394
0,811646	0,8399
0,812515	0,6848
0,813384	0,4770
0,814253	0,2326
0,815122	-0,0204
0,815991	-0,2750
0,816860	-0,5148
0,817729	-0,7074
0,818598	-0,8536
0,819467	-0,9214
0,820336	-0,9308
0,821205	-0,8661
0,822074	-0,7413
0,822943	-0,5597
0,823812	-0,3363
0,824681	-0,0870
0,825550	0,1645
0,826419	0,4059
0,827288	0,6192
0,828157	0,7877
0,829026	0,8994
0,829895	0,9409
0,830764	0,9101
0,831633	0,8185
0,832502	0,6699
0,833371	0,4660
0,834240	0,2274
0,835109	-0,0204
0,835978	-0,2673
0,836847	-0,5081
0,837716	-0,7089
0,838585	-0,8563
0,839454	-0,9363
0,840323	-0,9546
0,841192	-0,9024
0,842061	-0,7877
0,842930	-0,6064
0,843799	-0,3787
0,844668	-0,1263
0,845537	0,1260
0,846406	0,3790
0,847275	0,6128
0,848144	0,7947
0,849013	0,9140
0,849882	0,9626
0,850751	0,9464
0,851620	0,8615
0,852489	0,7071
0,853358	0,4904
0,854227	0,2429
0,855096	-0,0162
0,855965	-0,2814
0,856834	-0,5426
0,857703	-0,7550
0,858572	-0,9070
0,859441	-0,9925
0,860310	-1,0160
0,861179	-0,9616
0,862048	-0,8301
0,862917	-0,6326
0,863786	-0,4004
0,864655	-0,1395
0,865524	0,1239
0,866393	0,3891
0,867262	0,6165
0,868131	0,7971
0,869000	0,9064
0,869869	0,9586
0,870738	0,9272
0,871607	0,8228
0,872476	0,6601
0,873345	0,4477
0,874214	0,1999
0,875083	-0,0583
0,875952	-0,3146
0,876821	-0,5557
0,877690	-0,7498
0,878559	-0,8847
0,879428	-0,9622
0,880297	-0,9674
0,881166	-0,9009
0,882035	-0,7791
0,882904	-0,6009
0,883773	-0,3803
0,884642	-0,1340
0,885511	0,1111
0,886380	0,3549
0,887249	0,5710
0,888118	0,7437
0,888987	0,8576
0,889856	0,9052
0,890725	0,8853
0,891594	0,8026
0,892463	0,6589
0,893332	0,4556
0,894201	0,2167
0,895070	-0,0333
0,895939	-0,2899
0,896808	-0,5438
0,897677	-0,7556
0,898546	-0,9159
0,899415	-1,0001
0,900284	-1,0227
0,901153	-0,9693
0,902022	-0,8383
0,902891	-0,6369
0,903760	-0,3989
0,904629	-0,1358
0,905498	0,1294
0,906367	0,3925
0,907236	0,6256
0,908105	0,7965
0,908974	0,9055
0,909843	0,9555
0,910712	0,9210
0,911581	0,8097
0,912450	0,6488
0,913319	0,4392
0,914188	0,1962
0,915057	-0,0531
0,915926	-0,3046
0,916795	-0,5417
0,917664	-0,7370
0,918533	-0,8768
0,919402	-0,9616
0,920271	-0,9699
0,921140	-0,9159
0,922009	-0,8072
0,922878	-0,6333
0,923747	-0,4105
0,924616	-0,1642
0,925485	0,0845
0,926354	0,3406
0,927223	0,5710
0,928092	0,7645
0,928961	0,8902
0,929830	0,9461
0,930699	0,9336
0,931568	0,8463
0,932437	0,6861
0,933306	0,4730
0,934175	0,2258
0,935044	-0,0320
0,935913	-0,3009
0,936782	-0,5527
0,937651	-0,7505
0,938520	-0,8869
0,939389	-0,9638
0,940258	-0,9674
0,941127	-0,8927
0,941996	-0,7611
0,942865	-0,5783
0,943734	-0,3540
0,944603	-0,1047
0,945472	0,1358
0,946341	0,3757
0,947210	0,5921
0,948079	0,7559
0,948948	0,8844
0,949817	0,9342
0,950686	0,9180
0,951555	0,8396
0,952424	0,6989
0,953293	0,4901
0,954162	0,2448
0,955031	-0,0037
0,955900	-0,2741
0,956769	-0,5329
0,957638	-0,7465
0,958507	-0,8945
0,959376	-0,9861
0,960245	-1,0004
0,961114	-0,9333
0,961983	-0,7898
0,962852	-0,5948
0,963721	-0,3589
0,964590	-0,1016
0,965459	0,1514
0,966328	0,3922
0,967197	0,6073
0,968066	0,7776
0,968935	0,8911
0,969804	0,9348
0,970673	0,9140
0,971542	0,8359
0,972411	0,7001
0,973280	0,5017
0,974149	0,2646
0,975018	0,0150
0,975887	-0,2414
0,976756	-0,5008
0,977625	-0,7242
0,978494	-0,8728
0,979363	-0,9607
0,980232	-0,9839
0,981101	-0,9226
0,981970	-0,7849
0,982839	-0,5921
0,983708	-0,3604
0,984577	-0,0998
0,985446	0,1505
0,986315	0,3949
0,987184	0,6055
0,988053	0,7691
0,988922	0,8710
0,989791	0,9180
0,990660	0,8988
0,991529	0,8197
0,992398	0,6824
0,993267	0,4855
0,994136	0,2506
0,995005	0,0021
0,995874	-0,2564
0,996743	-0,5191
0,997612	-0,7407
0,998481	-0,8954
0,999350	-0,9848
1,000219	-0,9970
1,001088	-0,9278
1,001957	-0,7831
1,002826	-0,5899
1,003695	-0,3562
1,004564	-0,1022
1,005433	0,1492
1,006302	0,3861
1,007171	0,5951
1,008040	0,7630
1,008909	0,8792
1,009778	0,9308
1,010647	0,9189
1,011516	0,8478
1,012385	0,7102
1,013254	0,5026
1,014123	0,2606
1,014992	0,0034
1,015861	-0,2683
1,016730	-0,5353
1,017599	-0,7401
1,018468	-0,8850
1,019337	-0,9653
1,020206	-0,9729
1,021075	-0,8979
1,021944	-0,7685
1,022813	-0,5905
1,023682	-0,3708
1,024551	-0,1325
1,025420	0,1028
1,026289	0,3421
1,027158	0,5658
1,028027	0,7529
1,028896	0,8741
1,029765	0,9351
1,030634	0,9262
1,031503	0,8396
1,032372	0,6790
1,033241	0,4642
1,034110	0,2170
1,034979	-0,0446
1,035848	-0,3073
1,036717	-0,5457
1,037586	-0,7291
1,038455	-0,8631
1,039324	-0,9369
1,040193	-0,9433
1,041062	-0,8918
1,041931	-0,7889
1,042800	-0,6232
1,043669	-0,4001
1,044538	-0,1514
1,045407	0,1035
1,046276	0,3693
1,047145	0,6107
1,048014	0,7981
1,048883	0,9140
1,049752	0,9635
1,050621	0,9262
1,051490	0,8115
1,052359	0,6522
1,053228	0,4501
1,054097	0,2194
1,054966	-0,0198
1,055835	-0,2570
1,056704	-0,4932
1,057573	-0,7041
1,058442	-0,8606
1,059311	-0,9549
1,060180	-0,9897
1,061049	-0,9494
1,061918	-0,8243
1,062787	-0,6265
1,063656	-0,3940
1,064525	-0,1254
1,065394	0,1334
1,066263	0,3784
1,067132	0,5850
1,068001	0,7456
1,068870	0,8499
1,069739	0,8997
1,070608	0,8844
1,071477	0,8133
1,072346	0,6809
1,073215	0,4816
1,074084	0,2448
1,074953	-0,0061
1,075822	-0,2792
1,076691	-0,5405
1,077560	-0,7483
1,078429	-0,8890
1,079298	-0,9519
1,080167	-0,9497
1,081036	-0,8798
1,081905	-0,7620
1,082774	-0,5957
1,083643	-0,3842
1,084512	-0,1456
1,085381	0,1025
1,086250	0,3568
1,087119	0,5994
1,087988	0,7917
1,088857	0,9171
1,089726	0,9720
1,090595	0,9406
1,091464	0,8231
1,092333	0,6598
1,093202	0,4547
1,094071	0,2231
1,094940	-0,0168
1,095809	-0,2499
1,096678	-0,4840
1,097547	-0,6928
1,098416	-0,8548
1,099285	-0,9513
1,100154	-0,9870
1,101023	-0,9421
1,101892	-0,8103
1,102761	-0,6119
1,103630	-0,3778
1,104499	-0,1196
1,105368	0,1318
1,106237	0,3629
1,107106	0,5683
1,107975	0,7334
1,108844	0,8545
1,109713	0,9162
1,110582	0,9107
1,111451	0,8377
1,112320	0,6882
1,113189	0,4758
1,114058	0,2322
1,114927	-0,0348
1,115796	-0,2939
1,116665	-0,5310
1,117534	-0,7111
1,118403	-0,8417
1,119272	-0,9165
1,120141	-0,9360
1,121010	-0,8975
1,121879	-0,8026
1,122748	-0,6293
1,123617	-0,3977
1,124486	-0,1395
1,125355	0,1300
1,126224	0,3958
1,127093	0,6183
1,127962	0,7797
1,128831	0,8853
1,129700	0,9189
1,130569	0,8908
1,131438	0,8142
1,132307	0,6900
1,133176	0,4984
1,134045	0,2655
1,134914	0,0110
1,135783	-0,2612
1,136652	-0,5243
1,137521	-0,7318
1,138390	-0,8725
1,139259	-0,9403
1,140128	-0,9381
1,140997	-0,8765
1,141866	-0,7724
1,142735	-0,6140
1,143604	-0,4068
1,144473	-0,1642
1,145342	0,0906
1,146211	0,3595
1,147080	0,6040
1,147949	0,7764
1,148818	0,8811
1,149687	0,9156
1,150556	0,8783
1,151425	0,7837
1,152294	0,6491
1,153163	0,4654
1,154032	0,2420
1,154901	0,0024
1,155770	-0,2545
1,156639	-0,5206
1,157508	-0,7407
1,158377	-0,8899
1,159246	-0,9638
1,160115	-0,9604
1,160984	-0,8811
1,161853	-0,7639
1,162722	-0,6027
1,163591	-0,3974
1,164460	-0,1605
1,165329	0,0876
1,166198	0,3519
1,167067	0,5948
1,167936	0,7776
1,168805	0,8988
1,169674	0,9427
1,170543	0,8957
1,171412	0,7956
1,172281	0,6604
1,173150	0,4776
1,174019	0,2567
1,174888	0,0165
1,175757	-0,2429
1,176626	-0,5069
1,177495	-0,7239
1,178364	-0,8686
1,179233	-0,9384
1,180102	-0,9391
1,180971	-0,8676
1,181840	-0,7556
1,182709	-0,5979
1,183578	-0,3925
1,184447	-0,1599
1,185316	0,0900
1,186185	0,3595
1,187054	0,6027
1,187923	0,7804
1,188792	0,8814
1,189661	0,9143
1,190530	0,8750
1,191399	0,7862
1,192268	0,6613
1,193137	0,4788
1,194006	0,2503
1,194875	0,0018
1,195744	-0,2695
1,196613	-0,5338
1,197482	-0,7352
1,198351	-0,8686
1,199220	-0,9366
1,200089	-0,9357
1,200958	-0,8811
1,201827	-0,7877
1,202696	-0,6336
1,203565	-0,4157
1,204434	-0,1651
1,205303	0,1007
1,206172	0,3705
1,207041	0,5911
1,207910	0,7572
1,208779	0,8597
1,209648	0,8942
1,210517	0,8789
1,211386	0,8167
1,212255	0,6937
1,213124	0,4932
1,213993	0,2527
1,214862	-0,0162
1,215731	-0,2826
1,216600	-0,5197
1,217469	-0,6949
1,218338	-0,8197
1,219207	-0,9012
1,220076	-0,9317
1,220945	-0,9046
1,221814	-0,8051
1,222683	-0,6174
1,223552	-0,3797
1,224421	-0,1160
1,225290	0,1419
1,226159	0,3748
1,227028	0,5759
1,227897	0,7376
1,228766	0,8625
1,229635	0,9259
1,230504	0,9308
1,231373	0,8515
1,232242	0,6824
1,233111	0,4645
1,233980	0,2213
1,234849	-0,0238
1,235718	-0,2506
1,236587	-0,4721
1,237456	-0,6772
1,238325	-0,8472
1,239194	-0,9439
1,240063	-0,9830
1,240932	-0,9210
1,241801	-0,7770
1,242670	-0,5905
1,243539	-0,3735
1,244408	-0,1456
1,245277	0,0842
1,246146	0,3201
1,247015	0,5695
1,247884	0,7627
1,248753	0,8863
1,249622	0,9284
1,250491	0,8835
1,251360	0,7785
1,252229	0,6415
1,253098	0,4614
1,253967	0,2503
1,254836	0,0089
1,255705	-0,2542
1,256574	-0,5219
1,257443	-0,7315
1,258312	-0,8704
1,259181	-0,9305
1,260050	-0,9247
1,260919	-0,8753
1,261788	-0,7883
1,262657	-0,6326
1,263526	-0,4123
1,264395	-0,1563
1,265264	0,1215
1,266133	0,3757
1,267002	0,5805
1,267871	0,7337
1,268740	0,8435
1,269609	0,9027
1,270478	0,9088
1,271347	0,8472
1,272216	0,6925
1,273085	0,4746
1,273954	0,2271
1,274823	-0,0241
1,275692	-0,2509
1,276561	-0,4675
1,277430	-0,6665
1,278299	-0,8338
1,279168	-0,9342
1,280037	-0,9662
1,280906	-0,9000
1,281775	-0,7575
1,282644	-0,5786
1,283513	-0,3681
1,284382	-0,1428
1,285251	0,0824
1,286120	0,3348
1,286989	0,5835
1,287858	0,7822
1,288727	0,8921
1,289596	0,9223
1,290465	0,8719
1,291334	0,7862
1,292203	0,6705
1,293072	0,4913
1,293941	0,2622
1,294810	0,0003
1,295679	-0,2753
1,296548	-0,5167
1,297417	-0,6955
1,298286	-0,8185
1,299155	-0,9027
1,300024	-0,9381
1,300893	-0,9174
1,301762	-0,8124
1,302631	-0,6165
1,303500	-0,3806
1,304369	-0,1282
1,305238	0,1035
1,306107	0,3214
1,306976	0,5329
1,307845	0,7248
1,308714	0,8661
1,309583	0,9299
1,310452	0,8982
1,311321	0,7804
1,312190	0,6336
1,313059	0,4517
1,313928	0,2445
1,314797	0,0137
1,315666	-0,2441
1,316535	-0,5124
1,317404	-0,7236
1,318273	-0,8563
1,319142	-0,9159
1,320011	-0,9143
1,320880	-0,8783
1,321749	-0,7984
1,322618	-0,6320
1,323487	-0,3992
1,324356	-0,1312
1,325225	0,1251
1,326094	0,3488
1,326963	0,5502
1,327832	0,7135
1,328701	0,8527
1,329570	0,9250
1,330439	0,9253
1,331308	0,8194
1,332177	0,6516
1,333046	0,4520
1,333915	0,2383
1,334784	0,0140
1,335653	-0,2219
1,336522	-0,4840
1,337391	-0,7120
1,338260	-0,8560
1,339129	-0,9168
1,339998	-0,9085
1,340867	-0,8573
1,341736	-0,7712
1,342605	-0,6180
1,343474	-0,3970
1,344343	-0,1361
1,345212	0,1349
1,346081	0,3696
1,346950	0,5640
1,347819	0,7251
1,348688	0,8432
1,349557	0,9223
1,350426	0,9268
1,351295	0,8249
1,352164	0,6510
1,353033	0,4498
1,353902	0,2359
1,354771	0,0128
1,355640	-0,2179
1,356509	-0,4834
1,357378	-0,7047
1,358247	-0,8563
1,359116	-0,9186
1,359985	-0,9122
1,360854	-0,8658
1,361723	-0,7846
1,362592	-0,6281
1,363461	-0,4022
1,364330	-0,1389
1,365199	0,1236
1,366068	0,3500
1,366937	0,5399
1,367806	0,7132
1,368675	0,8460
1,369544	0,9220
1,370413	0,9119
1,371282	0,7953
1,372151	0,6336
1,373020	0,4447
1,373889	0,2390
1,374758	0,0092
1,375627	-0,2429
1,376496	-0,5124
1,377365	-0,7166
1,378234	-0,8490
1,379103	-0,9006
1,379972	-0,9128
1,380841	-0,8893
1,381710	-0,8069
1,382579	-0,6272
1,383448	-0,3888
1,384317	-0,1276
1,385186	0,1050
1,386055	0,3186
1,386924	0,5341
1,387793	0,7273
1,388662	0,8655
1,389531	0,9229
1,390400	0,8783
1,391269	0,7685
1,392138	0,6403
1,393007	0,4730
1,393876	0,2594
1,394745	0,0070
1,395614	-0,2667
1,396483	-0,5072
1,397352	-0,6781
1,398221	-0,8036
1,399090	-0,8960
1,399959	-0,9427
1,400828	-0,9162
1,401697	-0,7782
1,402566	-0,5814
1,403435	-0,3641
1,404304	-0,1410
1,405173	0,0775
1,406042	0,3244
1,406911	0,5780
1,407780	0,7590
1,408649	0,8628
1,409518	0,8869
1,410387	0,8634
1,411256	0,8094
1,412125	0,6900
1,412994	0,4822
1,413863	0,2307
1,414732	-0,0262
1,415601	-0,2429
1,416470	-0,4526
1,417339	-0,6598
1,418208	-0,8332
1,419077	-0,9272
1,419946	-0,9320
1,420815	-0,8499
1,421684	-0,7404
1,422553	-0,5991
1,423422	-0,4007
1,424291	-0,1532
1,425160	0,1193
1,426029	0,3665
1,426898	0,5579
1,427767	0,7096
1,428636	0,8316
1,429505	0,9079
1,430374	0,9168
1,431243	0,8039
1,432112	0,6366
1,432981	0,4520
1,433850	0,2533
1,434719	0,0250
1,435588	-0,2329
1,436457	-0,4990
1,437326	-0,6919
1,438195	-0,8139
1,439064	-0,8747
1,439933	-0,9137
1,440802	-0,9009
1,441671	-0,7883
1,442540	-0,5936
1,443409	-0,3629
1,444278	-0,1291
1,445147	0,0790
1,446016	0,3125
1,446885	0,5600
1,447754	0,7511
1,448623	0,8515
1,449492	0,8786
1,450361	0,8512
1,451230	0,8002
1,452099	0,6796
1,452968	0,4678
1,453837	0,2182
1,454706	-0,0275
1,455575	-0,2414
1,456444	-0,4566
1,457313	-0,6757
1,458182	-0,8448
1,459051	-0,9299
1,459920	-0,9247
1,460789	-0,8533
1,461658	-0,7651
1,462527	-0,6238
1,463396	-0,4056
1,464265	-0,1431
1,465134	0,1187
1,466003	0,3308
1,466872	0,5243
1,467741	0,7068
1,468610	0,8515
1,469479	0,9091
1,470348	0,8695
1,471217	0,7596
1,472086	0,6378
1,472955	0,4724
1,473824	0,2521
1,474693	-0,0092
1,475562	-0,2741
1,476431	-0,4880
1,477300	-0,6598
1,478169	-0,8069
1,479038	-0,9143
1,479907	-0,9555
1,480776	-0,8826
1,481645	-0,7398
1,482514	-0,5872
1,483383	-0,4001
1,484252	-0,1715
1,485121	0,0958
1,485990	0,3546
1,486859	0,5502
1,487728	0,6986
1,488597	0,8167
1,489466	0,8963
1,490335	0,9012
1,491204	0,7837
1,492073	0,6256
1,492942	0,4489
1,493811	0,2518
1,494680	0,0195
1,495549	-0,2512
1,496418	-0,4996
1,497287	-0,6619
1,498156	-0,7901
1,499025	-0,8853
1,499894	-0,9384
1,500763	-0,8972
1,501632	-0,7459
1,502501	-0,5686
1,503370	-0,3797
1,504239	-0,1651
1,505108	0,0803
1,505977	0,3488
1,506846	0,5667
1,507715	0,7089
1,508584	0,8100
1,509453	0,8817
1,510322	0,8994
1,511191	0,8008
1,512060	0,6320
1,512929	0,4471
1,513798	0,2487
1,514667	0,0229
1,515536	-0,2432
1,516405	-0,4953
1,517274	-0,6674
1,518143	-0,7816
1,519012	-0,8765
1,519881	-0,9278
1,520750	-0,8893
1,521619	-0,7413
1,522488	-0,5655
1,523357	-0,3769
1,524226	-0,1624
1,525095	0,0922
1,525964	0,3586
1,526833	0,5634
1,527702	0,7047
1,528571	0,8130
1,529440	0,8881
1,530309	0,9018
1,531178	0,7895
1,532047	0,6275
1,532916	0,4538
1,533785	0,2570
1,534654	0,0189
1,535523	-0,2551
1,536392	-0,4892
1,537261	-0,6537
1,538130	-0,7834
1,538999	-0,8838
1,539868	-0,9333
1,540737	-0,8670
1,541606	-0,7263
1,542475	-0,5728
1,543344	-0,3900
1,544213	-0,1593
1,545082	0,1083
1,545951	0,3568
1,546820	0,5393
1,547689	0,6977
1,548558	0,8298
1,549427	0,9076
1,550296	0,8802
1,551165	0,7566
1,552034	0,6333
1,552903	0,4743
1,553772	0,2570
1,554641	-0,0043
1,555510	-0,2594
1,556379	-0,4590
1,557248	-0,6378
1,558117	-0,8081
1,558986	-0,9159
1,559855	-0,9165
1,560724	-0,8319
1,561593	-0,7364
1,562462	-0,6015
1,563331	-0,3903
1,564200	-0,1315
1,565069	0,1144
1,565938	0,3140
1,566807	0,5136
1,567676	0,7196
1,568545	0,8530
1,569414	0,8853
1,570283	0,8307
1,571152	0,7700
1,572021	0,6677
1,572890	0,4642
1,573759	0,2176
1,574628	-0,0192
1,575497	-0,2185
1,576366	-0,4495
1,577235	-0,6790
1,578104	-0,8234
1,578973	-0,8765
1,579842	-0,8774
1,580711	-0,8649
1,581580	-0,7764
1,582449	-0,5829
1,583318	-0,3537
1,584187	-0,1379
1,585056	0,0699
1,585925	0,3192
1,586794	0,5640
1,587663	0,7117
1,588532	0,8051
1,589401	0,8536
1,590270	0,8789
1,591139	0,7917
1,592008	0,6177
1,592877	0,4349
1,593746	0,2441
1,594615	0,0168
1,595484	-0,2512
1,596353	-0,4855
1,597222	-0,6442
1,598091	-0,7788
1,598960	-0,8878
1,599829	-0,9290
1,600698	-0,8469
1,601567	-0,7221
1,602436	-0,5893
1,603305	-0,3961
1,604174	-0,1419
1,605043	0,1187
1,605912	0,3207
1,606781	0,5069
1,607650	0,7035
1,608519	0,8402
1,609388	0,8750
1,610257	0,8219
1,611126	0,7627
1,611995	0,6607
1,612864	0,4538
1,613733	0,2060
1,614602	-0,0165
1,615471	-0,2152
1,616340	-0,4547
1,617209	-0,6809
1,618078	-0,8084
1,618947	-0,8600
1,619816	-0,8795
1,620685	-0,8777
1,621554	-0,7562
1,622423	-0,5637
1,623292	-0,3607
1,624161	-0,1587
1,625030	0,0797
1,625899	0,3442
1,626768	0,5438
1,627637	0,6742
1,628506	0,7987
1,629375	0,8814
1,630244	0,8664
1,631113	0,7413
1,631982	0,6192
1,632851	0,4648
1,633720	0,2420
1,634589	-0,0272
1,635458	-0,2503
1,636327	-0,4413
1,637196	-0,6403
1,638065	-0,8155
1,638934	-0,8890
1,639803	-0,8695
1,640672	-0,8332
1,641541	-0,7642
1,642410	-0,5872
1,643279	-0,3531
1,644148	-0,1263
1,645017	0,0729
1,645886	0,3128
1,646755	0,5570
1,647624	0,7010
1,648493	0,7886
1,649362	0,8478
1,650231	0,8728
1,651100	0,7660
1,651969	0,6049
1,652838	0,4428
1,653707	0,2478
1,654576	-0,0024
1,655445	-0,2609
1,656314	-0,4566
1,657183	-0,6342
1,658052	-0,7965
1,658921	-0,8945
1,659790	-0,8863
1,660659	-0,8167
1,661528	-0,7468
1,662397	-0,5945
1,663266	-0,3613
1,664135	-0,1160
1,665004	0,0797
1,665873	0,3009
1,666742	0,5493
1,667611	0,7093
1,668480	0,7846
1,669349	0,8444
1,670218	0,8640
1,671087	0,7712
1,671956	0,6034
1,672825	0,4367
1,673694	0,2472
1,674563	-0,0018
1,675432	-0,2615
1,676301	-0,4544
1,677170	-0,6235
1,678039	-0,7889
1,678908	-0,8893
1,679777	-0,8753
1,680646	-0,8136
1,681515	-0,7459
1,682384	-0,5866
1,683253	-0,3510
1,684122	-0,1187
1,684991	0,0803
1,685860	0,3082
1,686729	0,5536
1,687598	0,6940
1,688467	0,7770
1,689336	0,8487
1,690205	0,8649
1,691074	0,7468
1,691943	0,5994
1,692812	0,4505
1,693681	0,2414
1,694550	-0,0217
1,695419	-0,2484
1,696288	-0,4352
1,697157	-0,6311
1,698026	-0,8029
1,698895	-0,8676
1,699764	-0,8506
1,700633	-0,8301
1,701502	-0,7517
1,702371	-0,5606
1,703240	-0,3409
1,704109	-0,1398
1,704978	0,0769
1,705847	0,3348
1,706716	0,5396
1,707585	0,6671
1,708454	0,7938
1,709323	0,8750
1,710192	0,8350
1,711061	0,7230
1,711930	0,6278
1,712799	0,4553
1,713668	0,2109
1,714537	-0,0269
1,715406	-0,2161
1,716275	-0,4407
1,717144	-0,6626
1,718013	-0,7852
1,718882	-0,8329
1,719751	-0,8713
1,720620	-0,8530
1,721489	-0,7089
1,722358	-0,5445
1,723227	-0,3717
1,724096	-0,1453
1,724965	0,1190
1,725834	0,3232
1,726703	0,5023
1,727572	0,6937
1,728441	0,8216
1,729310	0,8298
1,730179	0,8042
1,731048	0,7697
1,731917	0,6262
1,732786	0,4141
1,733655	0,2161
1,734524	0,0153
1,735393	-0,2377
1,736262	-0,4743
1,737131	-0,6253
1,738000	-0,7569
1,738869	-0,8756
1,739738	-0,8792
1,740607	-0,7935
1,741476	-0,7187
1,742345	-0,5777
1,743214	-0,3479
1,744083	-0,1086
1,744952	0,0775
1,745821	0,3064
1,746690	0,5493
1,747559	0,6793
1,748428	0,7666
1,749297	0,8451
1,750166	0,8475
1,751035	0,7166
1,751904	0,6021
1,752773	0,4526
1,753642	0,2191
1,754511	-0,0305
1,755380	-0,2167
1,756249	-0,4276
1,757118	-0,6540
1,757987	-0,7755
1,758856	-0,8170
1,759725	-0,8634
1,760594	-0,8405
1,761463	-0,6925
1,762332	-0,5393
1,763201	-0,3702
1,764070	-0,1395
1,764939	0,1175
1,765808	0,3000
1,766677	0,4984
1,767546	0,6922
1,768415	0,7993
1,769284	0,8039
1,770153	0,8136
1,771022	0,7599
1,771891	0,5875
1,772760	0,4111
1,773629	0,2341
1,774498	-0,0018
1,775367	-0,2576
1,776236	-0,4373
1,777105	-0,6204
1,777974	-0,7913
1,778843	-0,8506
1,779712	-0,8292
1,780581	-0,8173
1,781450	-0,7245
1,782319	-0,5362
1,783188	-0,3430
1,784057	-0,1544
1,784926	0,0961
1,785795	0,3327
1,786664	0,4959
1,787533	0,6598
1,788402	0,7978
1,789271	0,8203
1,790140	0,7776
1,791009	0,7410
1,791878	0,6046
1,792747	0,3967
1,793616	0,2063
1,794485	-0,0009
1,795354	-0,2542
1,796223	-0,4621
1,797092	-0,6134
1,797961	-0,7718
1,798830	-0,8646
1,799699	-0,8396
1,800568	-0,7981
1,801437	-0,7321
1,802306	-0,5484
1,803175	-0,3330
1,804044	-0,1428
1,804913	0,0824
1,805782	0,3330
1,806651	0,4993
1,807520	0,6464
1,808389	0,7843
1,809258	0,8252
1,810127	0,7697
1,810996	0,7248
1,811865	0,6034
1,812734	0,3946
1,813603	0,1965
1,814472	-0,0012
1,815341	-0,2539
1,816210	-0,4636
1,817079	-0,6116
1,817948	-0,7697
1,818817	-0,8618
1,819686	-0,8338
1,820555	-0,7944
1,821424	-0,7291
1,822293	-0,5377
1,823162	-0,3317
1,824031	-0,1456
1,824900	0,0867
1,825769	0,3247
1,826638	0,4852
1,827507	0,6473
1,828376	0,7868
1,829245	0,7984
1,830114	0,7654
1,830983	0,7297
1,831852	0,5799
1,832721	0,3839
1,833590	0,2081
1,834459	-0,0046
1,835328	-0,2622
1,836197	-0,4364
1,837066	-0,6091
1,837935	-0,7767
1,838804	-0,8332
1,839673	-0,8118
1,840542	-0,8109
1,841411	-0,6977
1,842280	-0,5139
1,843149	-0,3464
1,844018	-0,1361
1,844887	0,1218
1,845756	0,3101
1,846625	0,4892
1,847494	0,6806
1,848363	0,7752
1,849232	0,7855
1,850101	0,8026
1,850970	0,7196
1,851839	0,5618
1,852708	0,4187
1,853577	0,2210
1,854446	-0,0345
1,855315	-0,2274
1,856184	-0,4172
1,857053	-0,6317
1,857922	-0,7367
1,858791	-0,7859
1,859660	-0,8402
1,860529	-0,7880
1,861398	-0,6488
1,862267	-0,5313
1,863136	-0,3363
1,864005	-0,0855
1,864874	0,1053
1,865743	0,3034
1,866612	0,5393
1,867481	0,6632
1,868350	0,7474
1,869219	0,8350
1,870088	0,7956
1,870957	0,6891
1,871826	0,6058
1,872695	0,4151
1,873564	0,1865
1,874433	0,0021
1,875302	-0,2142
1,876171	-0,4462
1,877040	-0,5890
1,877909	-0,7187
1,878778	-0,8249
1,879647	-0,8042
1,880516	-0,7550
1,881385	-0,6882
1,882254	-0,5054
1,883123	-0,3064
1,883992	-0,1263
1,884861	0,1138
1,885730	0,3296
1,886599	0,4846
1,887468	0,6684
1,888337	0,7752
1,889206	0,7730
1,890075	0,7807
1,890944	0,7144
1,891813	0,5463
1,892682	0,4022
1,893551	0,2118
1,894420	-0,0439
1,895289	-0,2274
1,896158	-0,4236
1,897027	-0,6339
1,897896	-0,7321
1,898765	-0,7868
1,899634	-0,8396
1,900503	-0,7593
1,901372	-0,6555
1,902241	-0,5408
1,903110	-0,3229
1,903979	-0,1035
1,904848	0,0742
1,905717	0,3073
1,906586	0,4926
1,907455	0,6110
1,908324	0,7398
1,909193	0,7837
1,910062	0,7270
1,910931	0,6867
1,911800	0,5527
1,912669	0,3558
1,913538	0,1843
1,914407	-0,0333
1,915276	-0,2716
1,916145	-0,4266
1,917014	-0,6223
1,917883	-0,7669
1,918752	-0,7889
1,919621	-0,8191
1,920490	-0,7971
1,921359	-0,6464
1,922228	-0,5280
1,923097	-0,3433
1,923966	-0,0998
1,924835	0,0830
1,925704	0,2838
1,926573	0,5036
1,927442	0,6165
1,928311	0,7221
1,929180	0,7904
1,930049	0,7285
1,930918	0,6635
1,931787	0,5594
1,932656	0,3610
1,933525	0,1764
1,934394	-0,0122
1,935263	-0,2561
1,936132	-0,4251
1,937001	-0,5930
1,937870	-0,7425
1,938739	-0,7721
1,939608	-0,7810
1,940477	-0,7700
1,941346	-0,6235
1,942215	-0,4901
1,943084	-0,3189
1,943953	-0,0674
1,944822	0,1135
1,945691	0,3046
1,946560	0,5271
1,947429	0,6296
1,948298	0,7327
1,949167	0,8090
1,950036	0,7404
1,950905	0,6854
1,951774	0,5734
1,952643	0,3705
1,953512	0,2011
1,954381	-0,0055
1,955250	-0,2380
1,956119	-0,3916
1,956988	-0,5805
1,957857	-0,7184
1,958726	-0,7437
1,959595	-0,7788
1,960464	-0,7355
1,961333	-0,6021
1,962202	-0,4907
1,963071	-0,2960
1,963940	-0,0729
1,964809	0,0934
1,965678	0,3189
1,966547	0,5020
1,967416	0,6146
1,968285	0,7389
1,969154	0,7651
1,970023	0,7114
1,970892	0,6769
1,971761	0,5200
1,972630	0,3531
1,973499	0,1843
1,974368	-0,0623
1,975237	-0,2420
1,976106	-0,4245
1,976975	-0,6256
1,977844	-0,7065
1,978713	-0,7797
1,979582	-0,8170
1,980451	-0,7218
1,981320	-0,6565
1,982189	-0,5048
1,983058	-0,2957
1,983927	-0,1257
1,984796	0,0970
1,985665	0,2991
1,986534	0,4428
1,987403	0,6198
1,988272	0,7010
1,989141	0,7035
1,990010	0,7303
1,990879	0,6162
1,991748	0,4990
1,992617	0,3589
1,993486	0,1355
1,994355	-0,0470
1,995224	-0,2335
1,996093	-0,4523
1,996962	-0,5789
1,997831	-0,7102
1,998700	-0,7819
1,999569	-0,7437
2,000438	-0,7376
2,001307	-0,6146
2,002176	-0,4572
2,003045	-0,3055
2,003914	-0,0681
2,004783	0,1233
2,005652	0,2979
2,006521	0,5152
2,007390	0,6116
2,008259	0,7193
2,009128	0,7785
2,009997	0,7062
2,010866	0,6717
2,011735	0,5286
2,012604	0,3555
2,013473	0,1975
2,014342	-0,0366
2,015211	-0,2152
2,016080	-0,3842
2,016949	-0,5808
2,017818	-0,6558
2,018687	-0,7318
2,019556	-0,7511
2,020425	-0,6650
2,021294	-0,6040
2,022163	-0,4468
2,023032	-0,2600
2,023901	-0,0928
2,024770	0,1373
2,025639	0,3018
2,026508	0,4688
2,027377	0,6278
2,028246	0,6723
2,029115	0,7263
2,029984	0,7038
2,030853	0,5945
2,031722	0,5100
2,032591	0,3201
2,033460	0,1328
2,034329	-0,0461
2,035198	-0,2771
2,036067	-0,4169
2,036936	-0,6000
2,037805	-0,7166
2,038674	-0,7395
2,039543	-0,7852
2,040412	-0,7053
2,041281	-0,6079
2,042150	-0,4892
2,043019	-0,2750
2,043888	-0,1096
2,044757	0,0937
2,045626	0,2933
2,046495	0,4318
2,047364	0,6067
2,048233	0,6659
2,049102	0,6931
2,049971	0,6977
2,050840	0,5823
2,051709	0,4975
2,052578	0,3323
2,053447	0,1300
2,054316	-0,0302
2,055185	-0,2475
2,056054	-0,4013
2,056923	-0,5515
2,057792	-0,6757
2,058661	-0,6934
2,059530	-0,7263
2,060399	-0,6635
2,061268	-0,5527
2,062137	-0,4404
2,063006	-0,2289
2,063875	-0,0592
2,064744	0,1343
2,065613	0,3330
2,066482	0,4654
2,067351	0,6281
2,068220	0,6879
2,069089	0,7010
2,069958	0,7111
2,070827	0,5860
2,071696	0,5057
2,072565	0,3278
2,073434	0,1370
2,074303	-0,0311
2,075172	-0,2545
2,076041	-0,3903
2,076910	-0,5673
2,077779	-0,6690
2,078648	-0,7022
2,079517	-0,7471
2,080386	-0,6561
2,081255	-0,5890
2,082124	-0,4462
2,082993	-0,2585
2,083862	-0,1041
2,084731	0,1178
2,085600	0,2664
2,086469	0,4355
2,087338	0,5734
2,088207	0,6201
2,089076	0,6796
2,089945	0,6256
2,090814	0,5567
2,091683	0,4523
2,092552	0,2753
2,093421	0,1285
2,094290	-0,0842
2,095159	-0,2478
2,096028	-0,4077
2,096897	-0,5710
2,097766	-0,6375
2,098635	-0,7144
2,099504	-0,6897
2,100373	-0,6391
2,101242	-0,5576
2,102111	-0,3882
2,102980	-0,2469
2,103849	-0,0345
2,104718	0,1459
2,105587	0,3046
2,106456	0,4901
2,107325	0,5747
2,108194	0,6854
2,109063	0,6867
2,109932	0,6592
2,110801	0,5997
2,111670	0,4508
2,112539	0,3336
2,113408	0,1285
2,114277	-0,0443
2,115146	-0,2194
2,116015	-0,4059
2,116884	-0,5179
2,117753	-0,6528
2,118622	-0,6742
2,119491	-0,6879
2,120360	-0,6464
2,121229	-0,5335
2,122098	-0,4324
2,122967	-0,2332
2,123836	-0,0793
2,124705	0,1105
2,125574	0,2741
2,126443	0,4071
2,127312	0,5506
2,128181	0,5948
2,129050	0,6436
2,129919	0,5942
2,130788	0,5203
2,131657	0,4215
2,132526	0,2506
2,133395	0,1147
2,134264	-0,0949
2,135133	-0,2408
2,136002	-0,4053
2,136871	-0,5460
2,137740	-0,6122
2,138609	-0,6967
2,139478	-0,6442
2,140347	-0,6235
2,141216	-0,5066
2,142085	-0,3717
2,142954	-0,2219
2,143823	-0,0113
2,144692	0,1276
2,145561	0,3278
2,146430	0,4477
2,147299	0,5713
2,148168	0,6549
2,149037	0,6409
2,149906	0,6500
2,150775	0,5298
2,151644	0,4505
2,152513	0,2811
2,153382	0,1169
2,154251	-0,0531
2,155120	-0,2420
2,155989	-0,3699
2,156858	-0,5432
2,157727	-0,5988
2,158596	-0,6745
2,159465	-0,6549
2,160334	-0,6061
2,161203	-0,5289
2,162072	-0,3769
2,162941	-0,2499
2,163810	-0,0504
2,164679	0,0928
2,165548	0,2692
2,166417	0,4080
2,167286	0,5103
2,168155	0,5985
2,169024	0,5823
2,169893	0,5887
2,170762	0,4828
2,171631	0,4010
2,172500	0,2487
2,173369	0,0848
2,174238	-0,0717
2,175107	-0,2481
2,175976	-0,3647
2,176845	-0,5185
2,177714	-0,5753
2,178583	-0,6323
2,179452	-0,6085
2,180321	-0,5585
2,181190	-0,4736
2,182059	-0,3259
2,182928	-0,1968
2,183797	-0,0027
2,184666	0,1337
2,185535	0,3159
2,186404	0,4315
2,187273	0,5387
2,188142	0,6098
2,189011	0,5985
2,189880	0,5960
2,190749	0,4828
2,191618	0,4031
2,192487	0,2322
2,193356	0,0903
2,194225	-0,0925
2,195094	-0,2405
2,195963	-0,3848
2,196832	-0,5261
2,197701	-0,5863
2,198570	-0,6580
2,199439	-0,6055
2,200308	-0,5982
2,201177	-0,4746
2,202046	-0,3729
2,202915	-0,2118
2,203784	-0,0436
2,204653	0,1080
2,205522	0,2777
2,206391	0,3839
2,207260	0,5158
2,208129	0,5445
2,208998	0,5933
2,209867	0,5399
2,210736	0,4901
2,211605	0,3742
2,212474	0,2435
2,213343	0,1001
2,214212	-0,0763
2,215081	-0,1968
2,215950	-0,3635
2,216819	-0,4578
2,217688	-0,5652
2,218557	-0,5683
2,219426	-0,5789
2,220295	-0,5158
2,221164	-0,4355
2,222033	-0,3229
2,222902	-0,1648
2,223771	-0,0287
2,224640	0,1474
2,225509	0,2551
2,226378	0,4083
2,227247	0,4678
2,228116	0,5475
2,228985	0,5356
2,229854	0,5155
2,230723	0,4306
2,231592	0,3256
2,232461	0,2036
2,233330	0,0406
2,234199	-0,0909
2,235068	-0,2594
2,235937	-0,3592
2,236806	-0,5057
2,237675	-0,5405
2,238544	-0,5991
2,239413	-0,5612
2,240282	-0,5277
2,241151	-0,4230
2,242020	-0,3092
2,242889	-0,1648
2,243758	0,0000
2,244627	0,1361
2,245496	0,2905
2,246365	0,3919
2,247234	0,5148
2,248103	0,5341
2,248972	0,5698
2,249841	0,5051
2,250710	0,4624
2,251579	0,3357
2,252448	0,2255
2,253317	0,0647
2,254186	-0,0815
2,255055	-0,2219
2,255924	-0,3519
2,256793	-0,4593
2,257662	-0,5454
2,258531	-0,5554
2,259400	-0,5722
2,260269	-0,4941
2,261138	-0,4413
2,262007	-0,3018
2,262876	-0,1920
2,263745	-0,0223
2,264614	0,0986
2,265483	0,2518
2,266352	0,3497
2,267221	0,4489
2,268090	0,4941
2,268959	0,5051
2,269828	0,4788
2,270697	0,4089
2,271566	0,3204
2,272435	0,1920
2,273304	0,0720
2,274173	-0,0845
2,275042	-0,1877
2,275911	-0,3305
2,276780	-0,4114
2,277649	-0,5014
2,278518	-0,4953
2,279387	-0,5106
2,280256	-0,4395
2,281125	-0,3858
2,281994	-0,2591
2,282863	-0,1489
2,283732	0,0027
2,284601	0,1227
2,285470	0,2472
2,286339	0,3488
2,287208	0,4312
2,288077	0,4773
2,288946	0,4764
2,289815	0,4450
2,290684	0,3607
2,291553	0,2817
2,292422	0,1492
2,293291	0,0372
2,294160	-0,1205
2,295029	-0,2176
2,295898	-0,3531
2,296767	-0,4227
2,297636	-0,5063
2,298505	-0,4950
2,299374	-0,5094
2,300243	-0,4315
2,301112	-0,3723
2,301981	-0,2417
2,302850	-0,1337
2,303719	0,0214
2,304588	0,1343
2,305457	0,2673
2,306326	0,3571
2,307195	0,4422
2,308064	0,4755
2,308933	0,4813
2,309802	0,4447
2,310671	0,3784
2,311540	0,2835
2,312409	0,1672
2,313278	0,0385
2,314147	-0,0967
2,315016	-0,2106
2,315885	-0,3293
2,316754	-0,4178
2,317623	-0,4889
2,318492	-0,4913
2,319361	-0,4935
2,320230	-0,4337
2,321099	-0,3745
2,321968	-0,2570
2,322837	-0,1532
2,323706	-0,0058
2,324575	0,1025
2,325444	0,2313
2,326313	0,3110
2,327182	0,4083
2,328051	0,4279
2,328920	0,4651
2,329789	0,4050
2,330658	0,3693
2,331527	0,2618
2,332396	0,1816
2,333265	0,0385
2,334134	-0,0577
2,335003	-0,1935
2,335872	-0,2765
2,336741	-0,3894
2,337610	-0,4239
2,338479	-0,4697
2,339348	-0,4300
2,340217	-0,4154
2,341086	-0,3183
2,341955	-0,2515
2,342824	-0,1187
2,343693	-0,0262
2,344562	0,1111
2,345431	0,1944
2,346300	0,3055
2,347169	0,3461
2,348038	0,4123
2,348907	0,3897
2,349776	0,3870
2,350645	0,3055
2,351514	0,2463
2,352383	0,1282
2,353252	0,0378
2,354121	-0,0967
2,354990	-0,1755
2,355859	-0,2887
2,356728	-0,3482
2,357597	-0,4193
2,358466	-0,4105
2,359335	-0,4187
2,360204	-0,3552
2,361073	-0,3061
2,361942	-0,1990
2,362811	-0,1114
2,363680	0,0201
2,364549	0,1090
2,365418	0,2200
2,366287	0,2808
2,367156	0,3616
2,368025	0,3751
2,368894	0,3977
2,369763	0,3378
2,370632	0,2985
2,371501	0,2002
2,372370	0,1276
2,373239	0,0006
2,374108	-0,0900
2,374977	-0,2045
2,375846	-0,2689
2,376715	-0,3656
2,377584	-0,3861
2,378453	-0,4245
2,379322	-0,3815
2,380191	-0,3626
2,381060	-0,2716
2,381929	-0,2048
2,382798	-0,0812
2,383667	0,0064
2,384536	0,1325
2,385405	0,2014
2,386274	0,2994
2,387143	0,3385
2,388012	0,3894
2,388881	0,3644
2,389750	0,3549
2,390619	0,2774
2,391488	0,2142
2,392357	0,1065
2,393226	0,0162
2,394095	-0,1019
2,394964	-0,1843
2,395833	-0,2805
2,396702	-0,3433
2,397571	-0,4047
2,398440	-0,4022
2,399309	-0,3964
2,400178	-0,3479
2,401047	-0,2850
2,401916	-0,2002
2,402785	-0,1004
2,403654	0,0031
2,404523	0,1093
2,405392	0,1892
2,406261	0,2762
2,407130	0,3272
2,407999	0,3623
2,408868	0,3488
2,409737	0,3400
2,410606	0,2722
2,411475	0,2173
2,412344	0,1147
2,413213	0,0327
2,414082	-0,0858
2,414951	-0,1523
2,415820	-0,2527
2,416689	-0,3070
2,417558	-0,3696
2,418427	-0,3650
2,419296	-0,3748
2,420165	-0,3198
2,421034	-0,2795
2,421903	-0,1907
2,422772	-0,1138
2,423641	-0,0037
2,424510	0,0793
2,425379	0,1657
2,426248	0,2356
2,427117	0,3003
2,427986	0,3214
2,428855	0,3311
2,429724	0,3040
2,430593	0,2570
2,431462	0,1953
2,432331	0,1147
2,433200	0,0296
2,434069	-0,0726
2,434938	-0,1419
2,435807	-0,2268
2,436676	-0,2863
2,437545	-0,3406
2,438414	-0,3339
2,439283	-0,3433
2,440152	-0,2960
2,441021	-0,2606
2,441890	-0,1755
2,442759	-0,1090
2,443628	-0,0061
2,444497	0,0714
2,445366	0,1590
2,446235	0,2084
2,447104	0,2756
2,447973	0,2927
2,448842	0,3119
2,449711	0,2756
2,450580	0,2371
2,451449	0,1733
2,452318	0,1038
2,453187	0,0223
2,454056	-0,0644
2,454925	-0,1337
2,455794	-0,2097
2,456663	-0,2622
2,457532	-0,3098
2,458401	-0,3143
2,459270	-0,3159
2,460139	-0,2716
2,461008	-0,2368
2,461877	-0,1587
2,462746	-0,0964
2,463615	0,0027
2,464484	0,0653
2,465353	0,1468
2,466222	0,1984
2,467091	0,2603
2,467960	0,2744
2,468829	0,2792
2,469698	0,2521
2,470567	0,2133
2,471436	0,1550
2,472305	0,0851
2,473174	0,0098
2,474043	-0,0751
2,474912	-0,1346
2,475781	-0,2057
2,476650	-0,2561
2,477519	-0,2960
2,478388	-0,2966
2,479257	-0,2997
2,480126	-0,2545
2,480995	-0,2216
2,481864	-0,1444
2,482733	-0,0815
2,483602	0,0122
2,484471	0,0726
2,485340	0,1495
2,486209	0,2011
2,487078	0,2561
2,487947	0,2704
2,488816	0,2689
2,489685	0,2472
2,490554	0,2014
2,491423	0,1502
2,492292	0,0763
2,493161	0,0079
2,494030	-0,0803
2,494899	-0,1376
2,495768	-0,2066
2,496637	-0,2533
2,497506	-0,2963
2,498375	-0,2921
2,499244	-0,2924
2,500113	-0,2490
2,500982	-0,2121
2,501851	-0,1447
2,502720	-0,0772
2,503589	0,0055
2,504458	0,0797
2,505327	0,1364
2,506196	0,1978
2,507065	0,2316
2,507934	0,2670
2,508803	0,2530
2,509672	0,2466
2,510541	0,1901
2,511410	0,1492
2,512279	0,0726
2,513148	0,0122
2,514017	-0,0772
2,514886	-0,1263
2,515755	-0,1978
2,516624	-0,2454
2,517493	-0,2893
2,518362	-0,2936
2,519231	-0,2823
2,520100	-0,2527
2,520969	-0,2017
2,521838	-0,1502
2,522707	-0,0711
2,523576	-0,0067
2,524445	0,0812
2,525314	0,1267
2,526183	0,1968
2,527052	0,2258
2,527921	0,2683
2,528790	0,2536
2,529659	0,2445
2,530528	0,1920
2,531397	0,1474
2,532266	0,0809
2,533135	0,0104
2,534004	-0,0623
2,534873	-0,1282
2,535742	-0,1794
2,536611	-0,2448
2,537480	-0,2719
2,538349	-0,2905
2,539218	-0,2658
2,540087	-0,2564
2,540956	-0,1975
2,541825	-0,1559
2,542694	-0,0784
2,543563	-0,0156
2,544432	0,0613
2,545301	0,1123
2,546170	0,1764
2,547039	0,2164
2,547908	0,2380
2,548777	0,2472
2,549646	0,2216
2,550515	0,1984
2,551384	0,1386
2,552253	0,0931
2,553122	0,0119
2,553991	-0,0452
2,554860	-0,1184
2,555729	-0,1633
2,556598	-0,2289
2,557467	-0,2557
2,558336	-0,2722
2,559205	-0,2606
2,560074	-0,2380
2,560943	-0,2033
2,561812	-0,1453
2,562681	-0,0903
2,563550	-0,0076
2,564419	0,0473
2,565288	0,1117
2,566157	0,1556
2,567026	0,2164
2,567895	0,2268
2,568764	0,2435
2,569633	0,2161
2,570502	0,1883
2,571371	0,1404
2,572240	0,0858
2,573109	0,0217
2,573978	-0,0513
2,574847	-0,0998
2,575716	-0,1648
2,576585	-0,2142
2,577454	-0,2539
2,578323	-0,2524
2,579192	-0,2600
2,580061	-0,2264
2,580930	-0,2005
2,581799	-0,1459
2,582668	-0,0909
2,583537	-0,0208
2,584406	0,0433
2,585275	0,0931
2,586144	0,1520
2,587013	0,1877
2,587882	0,2200
2,588751	0,2133
2,589620	0,2161
2,590489	0,1724
2,591358	0,1419
2,592227	0,0821
2,593096	0,0296
2,593965	-0,0412
2,594834	-0,0919
2,595703	-0,1444
2,596572	-0,2002
2,597441	-0,2283
2,598310	-0,2548
2,599179	-0,2362
2,600048	-0,2289
2,600917	-0,1819
2,601786	-0,1486
2,602655	-0,0818
2,603524	-0,0275
2,604393	0,0443
2,605262	0,0879
2,606131	0,1419
2,607000	0,1840
2,607869	0,2084
2,608738	0,2158
2,609607	0,1984
2,610476	0,1755
2,611345	0,1254
2,612214	0,0873
2,613083	0,0174
2,613952	-0,0378
2,614821	-0,1007
2,615690	-0,1401
2,616559	-0,1968
2,617428	-0,2249
2,618297	-0,2420
2,619166	-0,2322
2,620035	-0,2161
2,620904	-0,1825
2,621773	-0,1349
2,622642	-0,0870
2,623511	-0,0162
2,624380	0,0342
2,625249	0,0922
2,626118	0,1260
2,626987	0,1801
2,627856	0,1959
2,628725	0,2036
2,629594	0,1886
2,630463	0,1639
2,631332	0,1260
2,632201	0,0784
2,633070	0,0256
2,633939	-0,0424
2,634808	-0,0845
2,635677	-0,1416
2,636546	-0,1810
2,637415	-0,2222
2,638284	-0,2225
2,639153	-0,2289
2,640022	-0,2045
2,640891	-0,1773
2,641760	-0,1321
2,642629	-0,0800
2,643498	-0,0192
2,644367	0,0397
2,645236	0,0830
2,646105	0,1382
2,646974	0,1675
2,647843	0,2023
2,648712	0,1926
2,649581	0,1938
2,650450	0,1535
2,651319	0,1224
2,652188	0,0705
2,653057	0,0174
2,653926	-0,0458
2,654795	-0,0958
2,655664	-0,1440
2,656533	-0,1941
2,657402	-0,2149
2,658271	-0,2350
2,659140	-0,2197
2,660009	-0,2115
2,660878	-0,1654
2,661747	-0,1340
2,662616	-0,0702
2,663485	-0,0162
2,664354	0,0476
2,665223	0,0885
2,666092	0,1346
2,666961	0,1730
2,667830	0,1926
2,668699	0,1987
2,669568	0,1791
2,670437	0,1621
2,671306	0,1126
2,672175	0,0775
2,673044	0,0116
2,673913	-0,0375
2,674782	-0,0934
2,675651	-0,1328
2,676520	-0,1865
2,677389	-0,2130
2,678258	-0,2249
2,679127	-0,2225
2,679996	-0,1996
2,680865	-0,1758
2,681734	-0,1233
2,682603	-0,0790
2,683472	-0,0085
2,684341	0,0372
2,685210	0,0897
2,686079	0,1328
2,686948	0,1779
2,687817	0,1956
2,688686	0,1968
2,689555	0,1846
2,690424	0,1526
2,691293	0,1190
2,692162	0,0653
2,693031	0,0165
2,693900	-0,0525
2,694769	-0,0955
2,695638	-0,1462
2,696507	-0,1868
2,697376	-0,2280
2,698245	-0,2283
2,699114	-0,2258
2,699983	-0,2060
2,700852	-0,1691
2,701721	-0,1312
2,702590	-0,0699
2,703459	-0,0156
2,704328	0,0534
2,705197	0,0882
2,706066	0,1468
2,706935	0,1703
2,707804	0,2029
2,708673	0,1947
2,709542	0,1825
2,710411	0,1556
2,711280	0,1166
2,712149	0,0760
2,713018	0,0131
2,713887	-0,0385
2,714756	-0,0961
2,715625	-0,1294
2,716494	-0,1901
2,717363	-0,2121
2,718232	-0,2329
2,719101	-0,2185
2,719970	-0,2078
2,720839	-0,1712
2,721708	-0,1312
2,722577	-0,0797
2,723446	-0,0140
2,724315	0,0400
2,725184	0,0919
2,726053	0,1309
2,726922	0,1767
2,727791	0,1886
2,728660	0,2020
2,729529	0,1810
2,730398	0,1605
2,731267	0,1157
2,732136	0,0739
2,733005	0,0162
2,733874	-0,0473
2,734743	-0,0940
2,735612	-0,1456
2,736481	-0,1843
2,737350	-0,2277
2,738219	-0,2283
2,739088	-0,2383
2,739957	-0,2036
2,740826	-0,1788
2,741695	-0,1294
2,742564	-0,0809
2,743433	-0,0174
2,744302	0,0421
2,745171	0,0845
2,746040	0,1382
2,746909	0,1694
2,747778	0,1999
2,748647	0,1914
2,749516	0,1938
2,750385	0,1559
2,751254	0,1263
2,752123	0,0760
2,752992	0,0250
2,753861	-0,0336
2,754730	-0,0861
2,755599	-0,1282
2,756468	-0,1819
2,757337	-0,2106
2,758206	-0,2322
2,759075	-0,2139
2,759944	-0,2133
2,760813	-0,1715
2,761682	-0,1410
2,762551	-0,0818
2,763420	-0,0262
2,764289	0,0327
2,765158	0,0800
2,766027	0,1248
2,766896	0,1685
2,767765	0,1871
2,768634	0,1996
2,769503	0,1816
2,770372	0,1645
2,771241	0,1163
2,772110	0,0815
2,772979	0,0189
2,773848	-0,0311
2,774717	-0,0867
2,775586	-0,1321
2,776455	-0,1816
2,777324	-0,2191
2,778193	-0,2222
2,779062	-0,2246
2,779931	-0,2036
2,780800	-0,1837
2,781669	-0,1321
2,782538	-0,0894
2,783407	-0,0208
2,784276	0,0299
2,785145	0,0827
2,786014	0,1242
2,786883	0,1663
2,787752	0,1889
2,788621	0,1907
2,789490	0,1907
2,790359	0,1569
2,791228	0,1303
2,792097	0,0769
2,792966	0,0327
2,793835	-0,0305
2,794704	-0,0751
2,795573	-0,1239
2,796442	-0,1706
2,797311	-0,2081
2,798180	-0,2252
2,799049	-0,2142
2,799918	-0,2106
2,800787	-0,1730
2,801656	-0,1456
2,802525	-0,0855
2,803394	-0,0375
2,804263	0,0296
2,805132	0,0699
2,806001	0,1193
2,806870	0,1581
2,807739	0,1843
2,808608	0,1910
2,809477	0,1791
2,810346	0,1627
2,811215	0,1190
2,812084	0,0864
2,812953	0,0229
2,813822	-0,0235
2,814691	-0,0842
2,815560	-0,1193
2,816429	-0,1749
2,817298	-0,2029
2,818167	-0,2170
2,819036	-0,2258
2,819905	-0,2029
2,820774	-0,1798
2,821643	-0,1352
2,822512	-0,0931
2,823381	-0,0275
2,824250	0,0204
2,825119	0,0760
2,825988	0,1105
2,826857	0,1642
2,827726	0,1776
2,828595	0,1941
2,829464	0,1825
2,830333	0,1556
2,831202	0,1267
2,832071	0,0793
2,832940	0,0354
2,833809	-0,0284
2,834678	-0,0690
2,835547	-0,1221
2,836416	-0,1614
2,837285	-0,2002
2,838154	-0,2112
2,839023	-0,2142
2,839892	-0,2023
2,840761	-0,1718
2,841630	-0,1431
2,842499	-0,0888
2,843368	-0,0391
2,844237	0,0266
2,845106	0,0623
2,845975	0,1163
2,846844	0,1508
2,847713	0,1837
2,848582	0,1798
2,849451	0,1794
2,850320	0,1550
2,851189	0,1184
2,852058	0,0836
2,852927	0,0262
2,853796	-0,0201
2,854665	-0,0800
2,855534	-0,1123
2,856403	-0,1700
2,857272	-0,1947
2,858141	-0,2182
2,859010	-0,2118
2,859879	-0,2017
2,860748	-0,1721
2,861617	-0,1337
2,862486	-0,0894
2,863355	-0,0272
2,864224	0,0223
2,865093	0,0763
2,865962	0,1105
2,866831	0,1621
2,867700	0,1746
2,868569	0,1947
2,869438	0,1749
2,870307	0,1566
2,871176	0,1178
2,872045	0,0784
2,872914	0,0299
2,873783	-0,0272
2,874652	-0,0705
2,875521	-0,1233
2,876390	-0,1575
2,877259	-0,2011
2,878128	-0,2066
2,878997	-0,2161
2,879866	-0,1941
2,880735	-0,1715
2,881604	-0,1349
2,882473	-0,0876
2,883342	-0,0345
2,884211	0,0250
2,885080	0,0629
2,885949	0,1135
2,886818	0,1508
2,887687	0,1801
2,888556	0,1776
2,889425	0,1807
2,890294	0,1471
2,891163	0,1187
2,892032	0,0757
2,892901	0,0256
2,893770	-0,0253
2,894639	-0,0800
2,895508	-0,1181
2,896377	-0,1724
2,897246	-0,1938
2,898115	-0,2155
2,898984	-0,2081
2,899853	-0,2026
2,900722	-0,1642
2,901591	-0,1337
2,902460	-0,0797
2,903329	-0,0220
2,904198	0,0311
2,905067	0,0766
2,905936	0,1181
2,906805	0,1666
2,907674	0,1785
2,908543	0,1932
2,909412	0,1706
2,910281	0,1575
2,911150	0,1108
2,912019	0,0775
2,912888	0,0192
2,913757	-0,0302
2,914626	-0,0815
2,915495	-0,1236
2,916364	-0,1682
2,917233	-0,2026
2,918102	-0,2127
2,918971	-0,2152
2,919840	-0,1926
2,920709	-0,1737
2,921578	-0,1282
2,922447	-0,0870
2,923316	-0,0262
2,924185	0,0281
2,925054	0,0726
2,925923	0,1157
2,926792	0,1556
2,927661	0,1831
2,928530	0,1810
2,929399	0,1770
2,930268	0,1471
2,931137	0,1209
2,932006	0,0702
2,932875	0,0253
2,933744	-0,0348
2,934613	-0,0806
2,935482	-0,1251
2,936351	-0,1703
2,937220	-0,1999
2,938089	-0,2200
2,938958	-0,2087
2,939827	-0,2036
2,940696	-0,1630
2,941565	-0,1346
2,942434	-0,0763
2,943303	-0,0256
2,944172	0,0360
2,945041	0,0766
2,945910	0,1245
2,946779	0,1648
2,947648	0,1822
2,948517	0,1959
2,949386	0,1788
2,950255	0,1590
2,951124	0,1126
2,951993	0,0800
2,952862	0,0165
2,953731	-0,0296
2,954600	-0,0903
2,955469	-0,1267
2,956338	-0,1764
2,957207	-0,2063
2,958076	-0,2194
2,958945	-0,2197
2,959814	-0,1996
2,960683	-0,1767
2,961552	-0,1294
2,962421	-0,0906
2,963290	-0,0229
2,964159	0,0211
2,965028	0,0763
2,965897	0,1144
2,966766	0,1593
2,967635	0,1807
2,968504	0,1898
2,969373	0,1801
2,970242	0,1532
2,971111	0,1242
2,971980	0,0742
2,972849	0,0302
2,973718	-0,0345
2,974587	-0,0745
2,975456	-0,1285
2,976325	-0,1685
2,977194	-0,2054
2,978063	-0,2200
2,978932	-0,2149
2,979801	-0,2036
2,980670	-0,1697
2,981539	-0,1376
2,982408	-0,0800
2,983277	-0,0305
2,984146	0,0378
2,985015	0,0714
2,985884	0,1288
2,986753	0,1563
2,987622	0,1920
2,988491	0,1950
2,989360	0,1865
2,990229	0,1617
2,991098	0,1212
2,991967	0,0836
2,992836	0,0217
2,993705	-0,0256
2,994574	-0,0879
2,995443	-0,1215
2,996312	-0,1788
2,997181	-0,2039
2,998050	-0,2280
2,998919	-0,2152
2,999788	-0,2060
3,000657	-0,1782
3,001526	-0,1373
3,002395	-0,0958
3,003264	-0,0287
3,004133	0,0177
3,005002	0,0699
3,005871	0,1086
3,006740	0,1599
3,007609	0,1746
3,008478	0,1935
3,009347	0,1831
3,010216	0,1605
3,011085	0,1267
3,011954	0,0818
3,012823	0,0360
3,013692	-0,0278
3,014561	-0,0723
3,015430	-0,1254
3,016299	-0,1617
3,017168	-0,2075
3,018037	-0,2130
3,018906	-0,2182
3,019775	-0,2033
3,020644	-0,1767
3,021513	-0,1398
3,022382	-0,0879
3,023251	-0,0360
3,024120	0,0275
3,024989	0,0674
3,025858	0,1212
3,026727	0,1508
3,027596	0,1895
3,028465	0,1877
3,029334	0,1859
3,030203	0,1608
3,031072	0,1285
3,031941	0,0867
3,032810	0,0308
3,033679	-0,0183
3,034548	-0,0787
3,035417	-0,1144
3,036286	-0,1703
3,037155	-0,1987
3,038024	-0,2271
3,038893	-0,2185
3,039762	-0,2109
3,040631	-0,1782
3,041500	-0,1447
3,042369	-0,0977
3,043238	-0,0366
3,044107	0,0137
3,044976	0,0665
3,045845	0,1050
3,046714	0,1578
3,047583	0,1706
3,048452	0,1956
3,049321	0,1791
3,050190	0,1651
3,051059	0,1267
3,051928	0,0891
3,052797	0,0394
3,053666	-0,0171
3,054535	-0,0638
3,055404	-0,1163
3,056273	-0,1541
3,057142	-0,2017
3,058011	-0,2072
3,058880	-0,2194
3,059749	-0,1993
3,060618	-0,1804
3,061487	-0,1410
3,062356	-0,0958
3,063225	-0,0388
3,064094	0,0208
3,064963	0,0632
3,065832	0,1117
3,066701	0,1495
3,067570	0,1849
3,068439	0,1859
3,069308	0,1895
3,070177	0,1578
3,071046	0,1312
3,071915	0,0864
3,072784	0,0378
3,073653	-0,0165
3,074522	-0,0720
3,075391	-0,1108
3,076260	-0,1651
3,077129	-0,1978
3,077998	-0,2210
3,078867	-0,2094
3,079736	-0,2097
3,080605	-0,1746
3,081474	-0,1471
3,082343	-0,0961
3,083212	-0,0421
3,084081	0,0137
3,084950	0,0620
3,085819	0,0998
3,086688	0,1532
3,087557	0,1682
3,088426	0,1917
3,089295	0,1743
3,090164	0,1645
3,091033	0,1239
3,091902	0,0925
3,092771	0,0394
3,093640	-0,0128
3,094509	-0,0632
3,095378	-0,1099
3,096247	-0,1520
3,097116	-0,1932
3,097985	-0,2066
3,098854	-0,2158
3,099723	-0,1947
3,100592	-0,1798
3,101461	-0,1370
3,102330	-0,0995
3,103199	-0,0369
3,104068	0,0153
3,104937	0,0613
3,105806	0,1056
3,106675	0,1450
3,107544	0,1743
3,108413	0,1767
3,109282	0,1831
3,110151	0,1529
3,111020	0,1291
3,111889	0,0812
3,112758	0,0409
3,113627	-0,0201
3,114496	-0,0681
3,115365	-0,1135
3,116234	-0,1602
3,117103	-0,1895
3,117972	-0,2182
3,118841	-0,2060
3,119710	-0,2084
3,120579	-0,1685
3,121448	-0,1437
3,122317	-0,0906
3,123186	-0,0430
3,124055	0,0162
3,124924	0,0583
3,125793	0,1044
3,126662	0,1459
3,127531	0,1679
3,128400	0,1898
3,129269	0,1746
3,130138	0,1611
3,131007	0,1175
3,131876	0,0897
3,132745	0,0327
3,133614	-0,0095
3,134483	-0,0699
3,135352	-0,1071
3,136221	-0,1572
3,137090	-0,1898
3,137959	-0,2045
3,138828	-0,2094
3,139697	-0,1929
3,140566	-0,1767
3,141435	-0,1309
3,142304	-0,0955
3,143173	-0,0317
3,144042	0,0150
3,144911	0,0681
3,145780	0,1041
3,146649	0,1526
3,147518	0,1727
3,148387	0,1782
3,149256	0,1788
3,150125	0,1517
3,150994	0,1248
3,151863	0,0766
3,152732	0,0351
3,153601	-0,0287
3,154470	-0,0681
3,155339	-0,1209
3,156208	-0,1602
3,157077	-0,1984
3,157946	-0,2106
3,158815	-0,2118
3,159684	-0,2029
3,160553	-0,1694
3,161422	-0,1401
3,162291	-0,0839
3,163160	-0,0360
3,164029	0,0262
3,164898	0,0638
3,165767	0,1120
3,166636	0,1477
3,167505	0,1746
3,168374	0,1846
3,169243	0,1791
3,170112	0,1566
3,170981	0,1178
3,171850	0,0858
3,172719	0,0287
3,173588	-0,0153
3,174457	-0,0778
3,175326	-0,1071
3,176195	-0,1654
3,177064	-0,1917
3,177933	-0,2136
3,178802	-0,2094
3,179671	-0,1984
3,180540	-0,1733
3,181409	-0,1328
3,182278	-0,0928
3,183147	-0,0272
3,184016	0,0183
3,184885	0,0735
3,185754	0,1059
3,186623	0,1553
3,187492	0,1721
3,188361	0,1880
3,189230	0,1776
3,190099	0,1559
3,190968	0,1209
3,191837	0,0775
3,192706	0,0305
3,193575	-0,0302
3,194444	-0,0723
3,195313	-0,1248
3,196182	-0,1621
3,197051	-0,2139
3,197920	-0,2188
3,198789	-0,2231
3,199658	-0,1993
3,200527	-0,1749
3,201396	-0,1364
3,202265	-0,0879
3,203134	-0,0330
3,204003	0,0308
3,204872	0,0668
3,205741	0,1178
3,206610	0,1517
3,207479	0,1920
3,208348	0,1767
3,209217	0,1874
3,210086	0,1566
3,210955	0,1248
3,211824	0,0836
3,212693	0,0317
3,213562	-0,0192
3,214431	-0,0778
3,215300	-0,1108
3,216169	-0,1663
3,217038	-0,1968
3,217907	-0,2222
3,218776	-0,2100
3,219645	-0,2066
3,220514	-0,1733
3,221383	-0,1392
3,222252	-0,0931
3,223121	-0,0327
3,223990	0,0204
3,224859	0,0745
3,225728	0,1065
3,226597	0,1617
3,227466	0,1755
3,228335	0,1929
3,229204	0,1779
3,230073	0,1630
3,230942	0,1202
3,231811	0,0842
3,232680	0,0323
3,233549	-0,0250
3,234418	-0,0751
3,235287	-0,1242
3,236156	-0,1654
3,237025	-0,2124
3,237894	-0,2149
3,238763	-0,2274
3,239632	-0,2036
3,240501	-0,1840
3,241370	-0,1386
3,242239	-0,0967
3,243108	-0,0351
3,243977	0,0232
3,244846	0,0708
3,245715	0,1178
3,246584	0,1547
3,247453	0,1865
3,248322	0,1880
3,249191	0,1944
3,250060	0,1593
3,250929	0,1325
3,251798	0,0851
3,252667	0,0403
3,253536	-10,0000
3,254405	-10,0000
3,255274	-10,0000
3,256143	-10,0000
3,257012	-10,0000
3,257881	-10,0000
3,258750	-10,0000
3,259619	-10,0000
3,260488	-10,0000
3,261357	-10,0000
3,262226	-10,0000
3,263095	-10,0000
3,263964	-10,0000
3,264833	-10,0000
3,265702	-10,0000
3,266571	-10,0000
3,267440	-10,0000
3,268309	-10,0000
3,269178	-10,0000
3,270047	-10,0000
3,270916	-10,0000
3,271785	-10,0000
3,272654	-10,0000
3,273523	-10,0000
3,274392	-10,0000
3,275261	-10,0000
3,276130	-10,0000
3,276999	-10,0000
3,277868	-10,0000
3,278737	-10,0000
3,279606	-10,0000
3,280475	-10,0000
3,281344	-10,0000
3,282213	-10,0000
3,283082	-10,0000
3,283951	-10,0000
3,284820	-10,0000
3,285689	-10,0000
3,286558	-10,0000
3,287427	-10,0000
3,288296	-10,0000
3,289165	-10,0000
3,290034	-10,0000
3,290903	-10,0000
3,291772	-10,0000
3,292641	-10,0000
3,293510	-10,0000
3,294379	-10,0000
3,295248	-10,0000
3,296117	-10,0000
3,296986	-10,0000
3,297855	-10,0000
3,298724	-10,0000
3,299593	-10,0000
3,300462	-10,0000
3,301331	-10,0000
3,302200	-10,0000
3,303069	-10,0000
3,303938	-10,0000
3,304807	-10,0000
3,305676	-10,0000
3,306545	-10,0000
3,307414	-10,0000
3,308283	-10,0000
3,309152	-10,0000
3,310021	-10,0000
3,310890	-10,0000
3,311759	-10,0000
3,312628	-10,0000
3,313497	-10,0000
3,314366	-10,0000
3,315235	-10,0000
3,316104	-10,0000
3,316973	-10,0000
3,317842	-10,0000
3,318711	-10,0000
3,319580	-10,0000
3,320449	-10,0000
3,321318	-10,0000
3,322187	-10,0000
3,323056	-10,0000
3,323925	-10,0000
3,324794	-10,0000
3,325663	-10,0000
3,326532	-10,0000
3,327401	-10,0000
3,328270	-10,0000
3,329139	-10,0000
3,330008	-10,0000
3,330877	-10,0000
3,331746	-10,0000
3,332615	-10,0000
3,333484	-10,0000
3,334353	-10,0000
3,335222	-10,0000
3,336091	-10,0000
3,336960	-10,0000
3,337829	-10,0000
3,338698	-10,0000
3,339567	-10,0000
3,340436	-10,0000
3,341305	-10,0000
3,342174	-10,0000
3,343043	-10,0000
3,343912	-10,0000
3,344781	-10,0000
3,345650	-10,0000
3,346519	-10,0000
3,347388	-10,0000
3,348257	-10,0000
3,349126	-10,0000
3,349995	-10,0000
3,350864	-10,0000
3,351733	-10,0000
3,352602	-10,0000
3,353471	-10,0000
3,354340	-10,0000
3,355209	-10,0000
3,356078	-10,0000
3,356947	-10,0000
3,357816	-10,0000
3,358685	-10,0000
3,359554	-10,0000
3,360423	-10,0000
3,361292	-10,0000
3,362161	-10,0000
3,363030	-10,0000
3,363899	-10,0000
3,364768	-10,0000
3,365637	-10,0000
3,366506	-10,0000
3,367375	-10,0000
3,368244	-10,0000
3,369113	-10,0000
3,369982	-10,0000
3,370851	-10,0000
3,371720	-10,0000
3,372589	-10,0000
3,373458	-10,0000
3,374327	-10,0000
3,375196	-10,0000
3,376065	-10,0000
3,376934	-10,0000
3,377803	-10,0000
3,378672	-10,0000
3,379541	-10,0000
3,380410	-10,0000
3,381279	-10,0000
3,382148	-10,0000
3,383017	-10,0000
3,383886	-10,0000
3,384755	-10,0000
3,385624	-10,0000
3,386493	-10,0000
3,387362	-10,0000
3,388231	-10,0000
3,389100	-10,0000
3,389969	-10,0000
3,390838	-10,0000
3,391707	-10,0000
3,392576	-10,0000
3,393445	-10,0000
3,394314	-10,0000
3,395183	-10,0000
3,396052	-10,0000
3,396921	-10,0000
3,397790	-10,0000
3,398659	-10,0000
3,399528	-10,0000
3,400397	-10,0000
3,401266	-10,0000
3,402135	-10,0000
3,403004	-10,0000
3,403873	-10,0000
3,404742	-10,0000
3,405611	-10,0000
3,406480	-10,0000
3,407349	-10,0000
3,408218	-10,0000
3,409087	-10,0000
3,409956	-10,0000
3,410825	-10,0000
3,411694	-10,0000
3,412563	-10,0000
3,413432	-10,0000
3,414301	-10,0000
3,415170	-10,0000
3,416039	-10,0000
3,416908	-10,0000
3,417777	-10,0000
3,418646	-10,0000
3,419515	-10,0000
3,420384	-10,0000
3,421253	-10,0000
3,422122	-10,0000
3,422991	-10,0000
3,423860	-10,0000
3,424729	-10,0000
3,425598	-10,0000
3,426467	-10,0000
3,427336	-10,0000
3,428205	-10,0000
3,429074	-10,0000
3,429943	-10,0000
3,430812	-10,0000
3,431681	-10,0000
3,432550	-10,0000
3,433419	-10,0000
3,434288	-10,0000
3,435157	-10,0000
3,436026	-10,0000
3,436895	-10,0000
3,437764	-10,0000
3,438633	-10,0000
3,439502	-10,0000
3,440371	-10,0000
3,441240	-10,0000
3,442109	-10,0000
3,442978	-10,0000
3,443847	-10,0000
3,444716	-10,0000
3,445585	-10,0000
3,446454	-10,0000
3,447323	-10,0000
3,448192	-10,0000
3,449061	-10,0000
3,449930	-10,0000
3,450799	-10,0000
3,451668	-10,0000
3,452537	-10,0000
3,453406	-10,0000
3,454275	-10,0000
3,455144	-10,0000
3,456013	-10,0000
3,456882	-10,0000
3,457751	-10,0000
3,458620	-10,0000
3,459489	-10,0000
3,460358	-10,0000
3,461227	-10,0000
3,462096	-10,0000
3,462965	-10,0000
3,463834	-10,0000
3,464703	-10,0000
3,465572	-10,0000
3,466441	-10,0000
3,467310	-10,0000
3,468179	-10,0000
3,469048	-10,0000
3,469917	-10,0000
3,470786	-10,0000
3,471655	-10,0000
3,472524	-10,0000
3,473393	-10,0000
3,474262	-10,0000
3,475131	-10,0000
3,476000	-10,0000
3,476869	-10,0000
3,477738	-10,0000
3,478607	-10,0000
3,479476	-10,0000
3,480345	-10,0000
3,481214	-10,0000
3,482083	-10,0000
3,482952	-10,0000
3,483821	-10,0000
3,484690	-10,0000
3,485559	-10,0000
3,486428	-10,0000
3,487297	-10,0000
3,488166	-10,0000
3,489035	-10,0000
3,489904	-10,0000
3,490773	-10,0000
3,491642	-10,0000
3,492511	-10,0000
3,493380	-10,0000
3,494249	-10,0000
3,495118	-10,0000
3,495987	-10,0000
3,496856	-10,0000
3,497725	-10,0000
3,498594	-10,0000
3,499463	-10,0000
3,500332	-10,0000
3,501201	-10,0000
3,502070	-10,0000
3,502939	-10,0000
3,503808	-10,0000
3,504677	-10,0000
3,505546	-10,0000
3,506415	-10,0000
3,507284	-10,0000
3,508153	-10,0000
3,509022	-10,0000
3,509891	-10,0000
3,510760	-10,0000
3,511629	-10,0000
3,512498	-10,0000
3,513367	-10,0000
3,514236	-10,0000
3,515105	-10,0000
3,515974	-10,0000
3,516843	-10,0000
3,517712	-10,0000
3,518581	-10,0000
3,519450	-10,0000
3,520319	-10,0000
3,521188	-10,0000
3,522057	-10,0000
3,522926	-10,0000
3,523795	-10,0000
3,524664	-10,0000
3,525533	-10,0000
3,526402	-10,0000
3,527271	-10,0000
3,528140	-10,0000
3,529009	-10,0000
3,529878	-10,0000
3,530747	-10,0000
3,531616	-10,0000
3,532485	-10,0000
3,533354	-10,0000
3,534223	-10,0000
3,535092	-10,0000
3,535961	-10,0000
3,536830	-10,0000
3,537699	-10,0000
3,538568	-10,0000
3,539437	-10,0000
3,540306	-10,0000
3,541175	-10,0000
3,542044	-10,0000
3,542913	-10,0000
3,543782	-10,0000
3,544651	-10,0000
3,545520	-10,0000
3,546389	-10,0000
3,547258	-10,0000
3,548127	-10,0000
3,548996	-10,0000
3,549865	-10,0000
3,550734	-10,0000
3,551603	-10,0000
3,552472	-10,0000
3,553341	-10,0000
3,554210	-10,0000
3,555079	-10,0000
3,555948	-10,0000
3,556817	-10,0000
3,557686	-10,0000
3,558555	-10,0000
3,559424	-10,0000
3,560293	-10,0000
3,561162	-10,0000
3,562031	-10,0000
3,562900	-10,0000
3,563769	-10,0000
3,564638	-10,0000
3,565507	-10,0000
3,566376	-10,0000
3,567245	-10,0000
3,568114	-10,0000
3,568983	-10,0000
3,569852	-10,0000
3,570721	-10,0000
3,571590	-10,0000
3,572459	-10,0000
3,573328	-10,0000
3,574197	-10,0000
3,575066	-10,0000
3,575935	-10,0000
3,576804	-10,0000
3,577673	-10,0000
3,578542	-10,0000
3,579411	-10,0000
3,580280	-10,0000
3,581149	-10,0000
3,582018	-10,0000
3,582887	-10,0000
3,583756	-10,0000
3,584625	-10,0000
3,585494	-10,0000
3,586363	-10,0000
3,587232	-10,0000
3,588101	-10,0000
3,588970	-10,0000
3,589839	-10,0000
3,590708	-10,0000
3,591577	-10,0000
3,592446	-10,0000
3,593315	-10,0000
3,594184	-10,0000
3,595053	-10,0000
3,595922	-10,0000
3,596791	-10,0000
3,597660	-10,0000
3,598529	-10,0000
3,599398	-10,0000
3,600267	-10,0000
3,601136	-10,0000
3,602005	-10,0000
3,602874	-10,0000
3,603743	-10,0000
3,604612	-10,0000
3,605481	-10,0000
3,606350	-10,0000
3,607219	-10,0000
3,608088	-10,0000
3,608957	-10,0000
3,609826	-10,0000
3,610695	-10,0000
3,611564	-10,0000
3,612433	-10,0000
3,613302	-10,0000
3,614171	-10,0000
3,615040	-10,0000
3,615909	-10,0000
3,616778	-10,0000
3,617647	-10,0000
3,618516	-10,0000
3,619385	-10,0000
3,620254	-10,0000
3,621123	-10,0000
3,621992	-10,0000
3,622861	-10,0000
3,623730	-10,0000
3,624599	-10,0000
3,625468	-10,0000
3,626337	-10,0000
3,627206	-10,0000
3,628075	-10,0000
3,628944	-10,0000
3,629813	-10,0000
3,630682	-10,0000
3,631551	-10,0000
3,632420	-10,0000
3,633289	-10,0000
3,634158	-10,0000
3,635027	-10,0000
3,635896	-10,0000
3,636765	-10,0000
3,637634	-10,0000
3,638503	-10,0000
3,639372	-10,0000
3,640241	-10,0000
3,641110	-10,0000
3,641979	-10,0000
3,642848	-10,0000
3,643717	-10,0000
3,644586	-10,0000
3,645455	-10,0000
3,646324	-10,0000
3,647193	-10,0000
3,648062	-10,0000
3,648931	-10,0000
3,649800	-10,0000
3,650669	-10,0000
3,651538	-10,0000
3,652407	-10,0000
3,653276	-10,0000
3,654145	-10,0000
3,655014	-10,0000
3,655883	-10,0000
3,656752	-10,0000
3,657621	-10,0000
3,658490	-10,0000
3,659359	-10,0000
3,660228	-10,0000
3,661097	-10,0000
3,661966	-10,0000
3,662835	-10,0000
3,663704	-10,0000
3,664573	-10,0000
3,665442	-10,0000
3,666311	-10,0000
3,667180	-10,0000
3,668049	-10,0000
3,668918	-10,0000
3,669787	-10,0000
3,670656	-10,0000
3,671525	-10,0000
3,672394	-10,0000
3,673263	-10,0000
3,674132	-10,0000
3,675001	-10,0000
3,675870	-10,0000
3,676739	-10,0000
3,677608	-10,0000
3,678477	-10,0000
3,679346	-10,0000
3,680215	-10,0000
3,681084	-10,0000
3,681953	-10,0000
3,682822	-10,0000
3,683691	-10,0000
3,684560	-10,0000
3,685429	-10,0000
3,686298	-10,0000
3,687167	-10,0000
3,688036	-10,0000
3,688905	-10,0000
3,689774	-10,0000
3,690643	-10,0000
3,691512	-10,0000
3,692381	-10,0000
3,693250	-10,0000
3,694119	-10,0000
3,694988	-10,0000
3,695857	-10,0000
3,696726	-10,0000
3,697595	-10,0000
3,698464	-10,0000
3,699333	-10,0000
3,700202	-10,0000
3,701071	-10,0000
3,701940	-10,0000
3,702809	-10,0000
3,703678	-10,0000
3,704547	-10,0000
3,705416	-10,0000
3,706285	-10,0000
3,707154	-10,0000
3,708023	-10,0000
3,708892	-10,0000
3,709761	-10,0000
3,710630	-10,0000
3,711499	-10,0000
3,712368	-10,0000
3,713237	-10,0000
3,714106	-10,0000
3,714975	-10,0000
3,715844	-10,0000
3,716713	-10,0000
3,717582	-10,0000
3,718451	-10,0000
3,719320	-10,0000
3,720189	-10,0000
3,721058	-10,0000
3,721927	-10,0000
3,722796	-10,0000
3,723665	-10,0000
3,724534	-10,0000
3,725403	-10,0000
3,726272	-10,0000
3,727141	-10,0000
3,728010	-10,0000
3,728879	-10,0000
3,729748	-10,0000
3,730617	-10,0000
3,731486	-10,0000
3,732355	-10,0000
3,733224	-10,0000
3,734093	-10,0000
3,734962	-10,0000
3,735831	-10,0000
3,736700	-10,0000
3,737569	-10,0000
3,738438	-10,0000
3,739307	-10,0000
3,740176	-10,0000
3,741045	-10,0000
3,741914	-10,0000
3,742783	-10,0000
3,743652	-10,0000
3,744521	-10,0000
3,745390	-10,0000
3,746259	-10,0000
3,747128	-10,0000
3,747997	-10,0000
3,748866	-10,0000
3,749735	-10,0000
3,750604	-10,0000
3,751473	-10,0000
3,752342	-10,0000
3,753211	-10,0000
3,754080	-10,0000
3,754949	-10,0000
3,755818	-10,0000
3,756687	-10,0000
3,757556	-10,0000
3,758425	-10,0000
3,759294	-10,0000
3,760163	-10,0000
3,761032	-10,0000
3,761901	-10,0000
3,762770	-10,0000
3,763639	-10,0000
3,764508	-10,0000
3,765377	-10,0000
3,766246	-10,0000
3,767115	-10,0000
3,767984	-10,0000
3,768853	-10,0000
3,769722	-10,0000
3,770591	-10,0000
3,771460	-10,0000
3,772329	-10,0000
3,773198	-10,0000
3,774067	-10,0000
3,774936	-10,0000
3,775805	-10,0000
3,776674	-10,0000
3,777543	-10,0000
3,778412	-10,0000
3,779281	-10,0000
3,780150	-10,0000
3,781019	-10,0000
3,781888	-10,0000
3,782757	-10,0000
3,783626	-10,0000
3,784495	-10,0000
3,785364	-10,0000
3,786233	-10,0000
3,787102	-10,0000
3,787971	-10,0000
3,788840	-10,0000
3,789709	-10,0000
3,790578	-10,0000
3,791447	-10,0000
3,792316	-10,0000
3,793185	-10,0000
3,794054	-10,0000
3,794923	-10,0000
3,795792	-10,0000
3,796661	-10,0000
3,797530	-10,0000
3,798399	-10,0000
3,799268	-10,0000
3,800137	-10,0000
3,801006	-10,0000
3,801875	-10,0000
3,802744	-10,0000
3,803613	-10,0000
3,804482	-10,0000
3,805351	-10,0000
3,806220	-10,0000
3,807089	-10,0000
3,807958	-10,0000
3,808827	-10,0000
3,809696	-10,0000
3,810565	-10,0000
3,811434	-10,0000
3,812303	-10,0000
3,813172	-10,0000
3,814041	-10,0000
3,814910	-10,0000
3,815779	-10,0000
3,816648	-10,0000
3,817517	-10,0000
3,818386	-10,0000
3,819255	-10,0000
3,820124	-10,0000
3,820993	-10,0000
3,821862	-10,0000
3,822731	-10,0000
3,823600	-10,0000
3,824469	-10,0000
3,825338	-10,0000
3,826207	-10,0000
3,827076	-10,0000
3,827945	-10,0000
3,828814	-10,0000
3,829683	-10,0000
3,830552	-10,0000
3,831421	-10,0000
3,832290	-10,0000
3,833159	-10,0000
3,834028	-10,0000
3,834897	-10,0000
3,835766	-10,0000
3,836635	-10,0000
3,837504	-10,0000
3,838373	-10,0000
3,839242	-10,0000
3,840111	-10,0000
3,840980	-10,0000
3,841849	-10,0000
3,842718	-10,0000
3,843587	-10,0000
3,844456	-10,0000
3,845325	-10,0000
3,846194	-10,0000
3,847063	-10,0000
3,847932	-10,0000
3,848801	-10,0000
3,849670	-10,0000
3,850539	-10,0000
3,851408	-10,0000
3,852277	-10,0000
3,853146	-10,0000
3,854015	-10,0000
3,854884	-10,0000
3,855753	-10,0000
3,856622	-10,0000
3,857491	-10,0000
3,858360	-10,0000
3,859229	-10,0000
3,860098	-10,0000
3,860967	-10,0000
3,861836	-10,0000
3,862705	-10,0000
3,863574	-10,0000
3,864443	-10,0000
3,865312	-10,0000
3,866181	-10,0000
3,867050	-10,0000
3,867919	-10,0000
3,868788	-10,0000
3,869657	-10,0000
3,870526	-10,0000
3,871395	-10,0000
3,872264	-10,0000
3,873133	-10,0000
3,874002	-10,0000
3,874871	-10,0000
3,875740	-10,0000
3,876609	-10,0000
3,877478	-10,0000
3,878347	-10,0000
3,879216	-10,0000
3,880085	-10,0000
3,880954	-10,0000
3,881823	-10,0000
3,882692	-10,0000
3,883561	-10,0000
3,884430	-10,0000
3,885299	-10,0000
3,886168	-10,0000
3,887037	-10,0000
3,887906	-10,0000
3,888775	-10,0000
3,889644	-10,0000
3,890513	-10,0000
3,891382	-10,0000
3,892251	-10,0000
3,893120	-10,0000
3,893989	-10,0000
3,894858	-10,0000
3,895727	-10,0000
3,896596	-10,0000
3,897465	-10,0000
3,898334	-10,0000
3,899203	-10,0000
3,900072	-10,0000
3,900941	-10,0000
3,901810	-10,0000
3,902679	-10,0000
3,903548	-10,0000
3,904417	-10,0000
3,905286	-10,0000
3,906155	-10,0000
3,907024	-10,0000
3,907893	-10,0000
3,908762	-10,0000
3,909631	-10,0000
3,910500	-10,0000
3,911369	-10,0000
3,912238	-10,0000
3,913107	-10,0000
3,913976	-10,0000
3,914845	-10,0000
3,915714	-10,0000
3,916583	-10,0000
3,917452	-10,0000
3,918321	-10,0000
3,919190	-10,0000
3,920059	-10,0000
3,920928	-10,0000
3,921797	-10,0000
3,922666	-10,0000
3,923535	-10,0000
3,924404	-10,0000
3,925273	-10,0000
3,926142	-10,0000
3,927011	-10,0000
3,927880	-10,0000
3,928749	-10,0000
3,929618	-10,0000
3,930487	-10,0000
3,931356	-10,0000
3,932225	-10,0000
3,933094	-10,0000
3,933963	-10,0000
3,934832	-10,0000
3,935701	-10,0000
3,936570	-10,0000
3,937439	-10,0000
3,938308	-10,0000
3,939177	-10,0000
3,940046	-10,0000
3,940915	-10,0000
3,941784	-10,0000
3,942653	-10,0000
3,943522	-10,0000
3,944391	-10,0000
3,945260	-10,0000
3,946129	-10,0000
3,946998	-10,0000
3,947867	-10,0000
3,948736	-10,0000
3,949605	-10,0000
3,950474	-10,0000
3,951343	-10,0000
3,952212	-10,0000
3,953081	-10,0000
3,953950	-10,0000
3,954819	-10,0000
3,955688	-10,0000
3,956557	-10,0000
3,957426	-10,0000
3,958295	-10,0000
3,959164	-10,0000
3,960033	-10,0000
3,960902	-10,0000
3,961771	-10,0000
3,962640	-10,0000
3,963509	-10,0000
3,964378	-10,0000
3,965247	-10,0000
3,966116	-10,0000
3,966985	-10,0000
3,967854	-10,0000
3,968723	-10,0000
3,969592	-10,0000
3,970461	-10,0000
3,971330	-10,0000
3,972199	-10,0000
3,973068	-10,0000
3,973937	-10,0000
3,974806	-10,0000
3,975675	-10,0000
3,976544	-10,0000
3,977413	-10,0000
3,978282	-10,0000
3,979151	-10,0000
3,980020	-10,0000
3,980889	-10,0000
3,981758	-10,0000
3,982627	-10,0000
3,983496	-10,0000
3,984365	-10,0000
3,985234	-10,0000
3,986103	-10,0000
3,986972	-10,0000
3,987841	-10,0000
3,988710	-10,0000
3,989579	-10,0000
3,990448	-10,0000
3,991317	-10,0000
3,992186	-10,0000
3,993055	-10,0000
3,993924	-10,0000
3,994793	-10,0000
3,995662	-10,0000
3,996531	-10,0000
3,997400	-10,0000
3,998269	-10,0000
3,999138	-10,0000
4,000007	-10,0000
4,000876	-10,0000
4,001745	-10,0000
4,002614	-10,0000
4,003483	-10,0000
4,004352	-10,0000
4,005221	-10,0000
4,006090	-10,0000
4,006959	-10,0000
4,007828	-10,0000
4,008697	-10,0000
4,009566	-10,0000
4,010435	-10,0000
4,011304	-10,0000
4,012173	-10,0000
4,013042	-10,0000
4,013911	-10,0000
4,014780	-10,0000
4,015649	-10,0000
4,016518	-10,0000
4,017387	-10,0000
4,018256	-10,0000
4,019125	-10,0000
4,019994	-10,0000
4,020863	-10,0000
4,021732	-10,0000
4,022601	-10,0000
4,023470	-10,0000
4,024339	-10,0000
4,025208	-10,0000
4,026077	-10,0000
4,026946	-10,0000
4,027815	-10,0000
4,028684	-10,0000
4,029553	-10,0000
4,030422	-10,0000
4,031291	-10,0000
4,032160	-10,0000
4,033029	-10,0000
4,033898	-10,0000
4,034767	-10,0000
4,035636	-10,0000
4,036505	-10,0000
4,037374	-10,0000
4,038243	-10,0000
4,039112	-10,0000
4,039981	-10,0000
4,040850	-10,0000
4,041719	-10,0000
4,042588	-10,0000
4,043457	-10,0000
4,044326	-10,0000
4,045195	-10,0000
4,046064	-10,0000
4,046933	-10,0000
4,047802	-10,0000
4,048671	-10,0000
4,049540	-10,0000
4,050409	-10,0000
4,051278	-10,0000
4,052147	-10,0000
4,053016	-10,0000
4,053885	-10,0000
4,054754	-10,0000
4,055623	-10,0000
4,056492	-10,0000
4,057361	-10,0000
4,058230	-10,0000
4,059099	-10,0000
4,059968	-10,0000
4,060837	-10,0000
4,061706	-10,0000
4,062575	-10,0000
4,063444	-10,0000
4,064313	-10,0000
4,065182	-10,0000
4,066051	-10,0000
4,066920	-10,0000
4,067789	-10,0000
4,068658	-10,0000
4,069527	-10,0000
4,070396	-10,0000
4,071265	-10,0000
4,072134	-10,0000
4,073003	-10,0000
4,073872	-10,0000
4,074741	-10,0000
4,075610	-10,0000
4,076479	-10,0000
4,077348	-10,0000
4,078217	-10,0000
4,079086	-10,0000
4,079955	-10,0000
4,080824	-10,0000
4,081693	-10,0000
4,082562	-10,0000
4,083431	-10,0000
4,084300	-10,0000
4,085169	-10,0000
4,086038	-10,0000
4,086907	-10,0000
4,087776	-10,0000
4,088645	-10,0000
4,089514	-10,0000
4,090383	-10,0000
4,091252	-10,0000
4,092121	-10,0000
4,092990	-10,0000
4,093859	-10,0000
4,094728	-10,0000
4,095597	-10,0000
4,096466	-10,0000
4,097335	-10,0000
4,098204	-10,0000
4,099073	-10,0000
4,099942	-10,0000
4,100811	-10,0000
4,101680	-10,0000
4,102549	-10,0000
4,103418	-10,0000
4,104287	-10,0000
4,105156	-10,0000
4,106025	-10,0000
4,106894	-10,0000
4,107763	-10,0000
4,108632	-10,0000
4,109501	-10,0000
4,110370	-10,0000
4,111239	-10,0000
4,112108	-10,0000
4,112977	-10,0000
4,113846	-10,0000
4,114715	-10,0000
4,115584	-10,0000
4,116453	-10,0000
4,117322	-10,0000
4,118191	-10,0000
4,119060	-10,0000
4,119929	-10,0000
4,120798	-10,0000
4,121667	-10,0000
4,122536	-10,0000
4,123405	-10,0000
4,124274	-10,0000
4,125143	-10,0000
4,126012	-10,0000
4,126881	-10,0000
4,127750	-10,0000
4,128619	-10,0000
4,129488	-10,0000
4,130357	-10,0000
4,131226	-10,0000
4,132095	-10,0000
4,132964	-10,0000
4,133833	-10,0000
4,134702	-10,0000
4,135571	-10,0000
4,136440	-10,0000
4,137309	-10,0000
4,138178	-10,0000
4,139047	-10,0000
4,139916	-10,0000
4,140785	-10,0000
4,141654	-10,0000
4,142523	-10,0000
4,143392	-10,0000
4,144261	-10,0000
4,145130	-10,0000
4,145999	-10,0000
4,146868	-10,0000
4,147737	-10,0000
4,148606	-10,0000
4,149475	-10,0000
4,150344	-10,0000
4,151213	-10,0000
4,152082	-10,0000
4,152951	-10,0000
4,153820	-10,0000
4,154689	-10,0000
4,155558	-10,0000
4,156427	-10,0000
4,157296	-10,0000
4,158165	-10,0000
4,159034	-10,0000
4,159903	-10,0000
4,160772	-10,0000
4,161641	-10,0000
4,162510	-10,0000
4,163379	-10,0000
4,164248	-10,0000
4,165117	-10,0000
4,165986	-10,0000
4,166855	-10,0000
4,167724	-10,0000
4,168593	-10,0000
4,169462	-10,0000
4,170331	-10,0000
4,171200	-10,0000
4,172069	-10,0000
4,172938	-10,0000
4,173807	-10,0000
4,174676	-10,0000
4,175545	-10,0000
4,176414	-10,0000
4,177283	-10,0000
4,178152	-10,0000
4,179021	-10,0000
4,179890	-10,0000
4,180759	-10,0000
4,181628	-10,0000
4,182497	-10,0000
4,183366	-10,0000
4,184235	-10,0000
4,185104	-10,0000
4,185973	-10,0000
4,186842	-10,0000
4,187711	-10,0000
4,188580	-10,0000
4,189449	-10,0000
4,190318	-10,0000
4,191187	-10,0000
4,192056	-10,0000
4,192925	-10,0000
4,193794	-10,0000
4,194663	-10,0000
4,195532	-10,0000
4,196401	-10,0000
4,197270	-10,0000
4,198139	-10,0000
4,199008	-10,0000
4,199877	-10,0000
4,200746	-10,0000
4,201615	-10,0000
4,202484	-10,0000
4,203353	-10,0000
4,204222	-10,0000
4,205091	-10,0000
4,205960	-10,0000
4,206829	-10,0000
4,207698	-10,0000
4,208567	-10,0000
4,209436	-10,0000
4,210305	-10,0000
4,211174	-10,0000
4,212043	-10,0000
4,212912	-10,0000
4,213781	-10,0000
4,214650	-10,0000
4,215519	-10,0000
4,216388	-10,0000
4,217257	-10,0000
4,218126	-10,0000
4,218995	-10,0000
4,219864	-10,0000
4,220733	-10,0000
4,221602	-10,0000
4,222471	-10,0000
4,223340	-10,0000
4,224209	-10,0000
4,225078	-10,0000
4,225947	-10,0000
4,226816	-10,0000
4,227685	-10,0000
4,228554	-10,0000
4,229423	-10,0000
4,230292	-10,0000
4,231161	-10,0000
4,232030	-10,0000
4,232899	-10,0000
4,233768	-10,0000
4,234637	-10,0000
4,235506	-10,0000
4,236375	-10,0000
4,237244	-10,0000
4,238113	-10,0000
4,238982	-10,0000
4,239851	-10,0000
4,240720	-10,0000
4,241589	-10,0000
4,242458	-10,0000
4,243327	-10,0000
4,244196	-10,0000
4,245065	-10,0000
4,245934	-10,0000
4,246803	-10,0000
4,247672	-10,0000
4,248541	-10,0000
4,249410	-10,0000
4,250279	-10,0000
4,251148	-10,0000
4,252017	-10,0000
4,252886	-10,0000
4,253755	-10,0000
4,254624	-10,0000
4,255493	-10,0000
4,256362	-10,0000
4,257231	-10,0000
4,258100	-10,0000
4,258969	-10,0000
4,259838	-10,0000
4,260707	-10,0000
4,261576	-10,0000
4,262445	-10,0000
4,263314	-10,0000
4,264183	-10,0000
4,265052	-10,0000
4,265921	-10,0000
4,266790	-10,0000
4,267659	-10,0000
4,268528	-10,0000
4,269397	-10,0000
4,270266	-10,0000
4,271135	-10,0000
4,272004	-10,0000
4,272873	-10,0000
4,273742	-10,0000
4,274611	-10,0000
4,275480	-10,0000
4,276349	-10,0000
4,277218	-10,0000
4,278087	-10,0000
4,278956	-10,0000
4,279825	-10,0000
4,280694	-10,0000
4,281563	-10,0000
4,282432	-10,0000
4,283301	-10,0000
4,284170	-10,0000
4,285039	-10,0000
4,285908	-10,0000
4,286777	-10,0000
4,287646	-10,0000
4,288515	-10,0000
4,289384	-10,0000
4,290253	-10,0000
4,291122	-10,0000
4,291991	-10,0000
4,292860	-10,0000
4,293729	-10,0000
4,294598	-10,0000
4,295467	-10,0000
4,296336	-10,0000
4,297205	-10,0000
4,298074	-10,0000
4,298943	-10,0000
4,299812	-10,0000
4,300681	-10,0000
4,301550	-10,0000
4,302419	-10,0000
4,303288	-10,0000
4,304157	-10,0000
4,305026	-10,0000
4,305895	-10,0000
4,306764	-10,0000
4,307633	-10,0000
4,308502	-10,0000
4,309371	-10,0000
4,310240	-10,0000
4,311109	-10,0000
4,311978	-10,0000
4,312847	-10,0000
4,313716	-10,0000
4,314585	-10,0000
4,315454	-10,0000
4,316323	-10,0000
4,317192	-10,0000
4,318061	-10,0000
4,318930	-10,0000
4,319799	-10,0000
4,320668	-10,0000
4,321537	-10,0000
4,322406	-10,0000
4,323275	-10,0000
4,324144	-10,0000
4,325013	-10,0000
4,325882	-10,0000
4,326751	-10,0000
4,327620	-10,0000
4,328489	-10,0000
4,329358	-10,0000
4,330227	-10,0000
4,331096	-10,0000
4,331965	-10,0000
4,332834	-10,0000
4,333703	-10,0000
4,334572	-10,0000
4,335441	-10,0000
4,336310	-10,0000
4,337179	-10,0000
4,338048	-10,0000
4,338917	-10,0000
4,339786	-10,0000
4,340655	-10,0000
4,341524	-10,0000
4,342393	-10,0000
4,343262	-10,0000
4,344131	-10,0000
4,345000	-10,0000
