0,000869	-0,0128
0,001738	-0,0131
0,002607	-0,0125
0,003476	-0,0134
0,004345	-0,0122
0,005214	-0,0128
0,006083	-0,0119
0,006952	-0,0104
0,007821	-0,0128
0,008690	-0,0128
0,009559	-0,0122
0,010428	-0,0113
0,011297	-0,0119
0,012166	-0,0101
0,013035	-0,0128
0,013904	-0,0122
0,014773	-0,0128
0,015642	-0,0128
0,016511	0,0369
0,017380	0,3046
0,018249	0,5213
0,019118	0,6629
0,019987	0,7315
0,020856	0,7196
0,021725	0,6360
0,022594	0,4700
0,023463	0,2561
0,024332	0,0128
0,025201	-0,2371
0,026070	-0,4846
0,026939	-0,7004
0,027808	-0,8658
0,028677	-0,9742
0,029546	-1,0202
0,030415	-0,9906
0,031284	-0,8908
0,032153	-0,7306
0,033022	-0,5158
0,033891	-0,2695
0,034760	-0,0113
0,035629	0,2481
0,036498	0,4941
0,037367	0,6955
0,038236	0,8441
0,039105	0,9317
0,039974	0,9568
0,040843	0,9073
0,041712	0,7901
0,042581	0,6128
0,043450	0,3873
0,044319	0,1346
0,045188	-0,1245
0,046057	-0,3815
0,046926	-0,6095
0,047795	-0,7859
0,048664	-0,9046
0,049533	-0,9571
0,050402	-0,9354
0,051271	-0,8506
0,052140	-0,6983
0,053009	-0,4984
0,053878	-0,2557
0,054747	-0,0006
0,055616	0,2579
0,056485	0,4975
0,057354	0,6952
0,058223	0,8386
0,059092	0,9207
0,059961	0,9430
0,060830	0,8905
0,061699	0,7660
0,062568	0,5847
0,063437	0,3601
0,064306	0,1096
0,065175	-0,1456
0,066044	-0,3983
0,066913	-0,6250
0,067782	-0,7898
0,068651	-0,8951
0,069520	-0,9412
0,070389	-0,9186
0,071258	-0,8335
0,072127	-0,6821
0,072996	-0,4773
0,073865	-0,2344
0,074734	0,0238
0,075603	0,2802
0,076472	0,5225
0,077341	0,7193
0,078210	0,8618
0,079079	0,9476
0,079948	0,9680
0,080817	0,9174
0,081686	0,7889
0,082555	0,6030
0,083424	0,3726
0,084293	0,1166
0,085162	-0,1437
0,086031	-0,4007
0,086900	-0,6293
0,087769	-0,7993
0,088638	-0,9195
0,089507	-0,9729
0,090376	-0,9485
0,091245	-0,8646
0,092114	-0,7096
0,092983	-0,5011
0,093852	-0,2582
0,094721	-0,0027
0,095590	0,2545
0,096459	0,4984
0,097328	0,6970
0,098197	0,8393
0,099066	0,9259
0,099935	0,9488
0,100804	0,8960
0,101673	0,7807
0,102542	0,6027
0,103411	0,3775
0,104280	0,1251
0,105149	-0,1312
0,106018	-0,3836
0,106887	-0,6052
0,107756	-0,7755
0,108625	-0,8884
0,109494	-0,9415
0,110363	-0,9204
0,111232	-0,8399
0,112101	-0,6891
0,112970	-0,4843
0,113839	-0,2420
0,114708	0,0116
0,115577	0,2673
0,116446	0,5078
0,117315	0,7120
0,118184	0,8554
0,119053	0,9424
0,119922	0,9659
0,120791	0,9134
0,121660	0,7913
0,122529	0,6088
0,123398	0,3854
0,124267	0,1328
0,125136	-0,1242
0,126005	-0,3797
0,126874	-0,6061
0,127743	-0,7828
0,128612	-0,9018
0,129481	-0,9537
0,130350	-0,9296
0,131219	-0,8481
0,132088	-0,7035
0,132957	-0,5008
0,133826	-0,2594
0,134695	-0,0027
0,135564	0,2533
0,136433	0,4971
0,137302	0,6961
0,138171	0,8411
0,139040	0,9256
0,139909	0,9488
0,140778	0,9024
0,141647	0,7794
0,142516	0,5963
0,143385	0,3729
0,144254	0,1205
0,145123	-0,1364
0,145992	-0,3897
0,146861	-0,6177
0,147730	-0,7889
0,148599	-0,9146
0,149468	-0,9702
0,150337	-0,9500
0,151206	-0,8609
0,152075	-0,7172
0,152944	-0,5130
0,153813	-0,2734
0,154682	-0,0168
0,155551	0,2387
0,156420	0,4837
0,157289	0,6845
0,158158	0,8335
0,159027	0,9189
0,159896	0,9427
0,160765	0,8951
0,161634	0,7794
0,162503	0,5979
0,163372	0,3717
0,164241	0,1199
0,165110	-0,1370
0,165979	-0,3894
0,166848	-0,6165
0,167717	-0,7917
0,168586	-0,9119
0,169455	-0,9680
0,170324	-0,9513
0,171193	-0,8649
0,172062	-0,7163
0,172931	-0,5152
0,173800	-0,2768
0,174669	-0,0214
0,175538	0,2347
0,176407	0,4776
0,177276	0,6772
0,178145	0,8249
0,179014	0,9116
0,179883	0,9391
0,180752	0,8890
0,181621	0,7703
0,182490	0,5954
0,183359	0,3720
0,184228	0,1196
0,185097	-0,1364
0,185966	-0,3897
0,186835	-0,6177
0,187704	-0,7901
0,188573	-0,9122
0,189442	-0,9674
0,190311	-0,9488
0,191180	-0,8673
0,192049	-0,7190
0,192918	-0,5206
0,193787	-0,2832
0,194656	-0,0290
0,195525	0,2261
0,196394	0,4694
0,197263	0,6705
0,198132	0,8164
0,199001	0,9046
0,199870	0,9259
0,200739	0,8808
0,201608	0,7688
0,202477	0,5933
0,203346	0,3681
0,204215	0,1178
0,205084	-0,1370
0,205953	-0,3891
0,206822	-0,6177
0,207691	-0,7929
0,208560	-0,9107
0,209429	-0,9687
0,210298	-0,9494
0,211167	-0,8689
0,212036	-0,7263
0,212905	-0,5274
0,213774	-0,2908
0,214643	-0,0372
0,215512	0,2179
0,216381	0,4614
0,217250	0,6613
0,218119	0,8109
0,218988	0,8963
0,219857	0,9189
0,220726	0,8768
0,221595	0,7672
0,222464	0,5914
0,223333	0,3665
0,224202	0,1169
0,225071	-0,1382
0,225940	-0,3894
0,226809	-0,6198
0,227678	-0,7984
0,228547	-0,9128
0,229416	-0,9708
0,230285	-0,9531
0,231154	-0,8777
0,232023	-0,7324
0,232892	-0,5359
0,233761	-0,2969
0,234630	-0,0443
0,235499	0,2097
0,236368	0,4526
0,237237	0,6510
0,238106	0,7959
0,238975	0,8835
0,239844	0,9131
0,240713	0,8649
0,241582	0,7569
0,242451	0,5692
0,243320	0,3507
0,244189	0,1019
0,245058	-0,1550
0,245927	-0,4093
0,246796	-0,6363
0,247665	-0,8115
0,248534	-0,9268
0,249403	-0,9830
0,250272	-0,9705
0,251141	-0,8948
0,252010	-0,7447
0,252879	-0,5448
0,253748	-0,3049
0,254617	-0,0516
0,255486	0,2014
0,256355	0,4413
0,257224	0,6418
0,258093	0,7907
0,258962	0,8768
0,259831	0,8975
0,260700	0,8509
0,261569	0,7422
0,262438	0,5643
0,263307	0,3446
0,264176	0,0949
0,265045	-0,1578
0,265914	-0,4080
0,266783	-0,6345
0,267652	-0,8069
0,268521	-0,9259
0,269390	-0,9821
0,270259	-0,9699
0,271128	-0,8844
0,271997	-0,7422
0,272866	-0,5377
0,273735	-0,2997
0,274604	-0,0449
0,275473	0,2118
0,276342	0,4569
0,277211	0,6607
0,278080	0,8075
0,278949	0,8921
0,279818	0,9247
0,280687	0,8753
0,281556	0,7651
0,282425	0,5866
0,283294	0,3659
0,284163	0,1178
0,285032	-0,1358
0,285901	-0,3876
0,286770	-0,6174
0,287639	-0,7920
0,288508	-0,9153
0,289377	-0,9708
0,290246	-0,9558
0,291115	-0,8802
0,291984	-0,7379
0,292853	-0,5408
0,293722	-0,3040
0,294591	-0,0513
0,295460	0,1999
0,296329	0,4407
0,297198	0,6400
0,298067	0,7871
0,298936	0,8786
0,299805	0,9000
0,300674	0,8515
0,301543	0,7376
0,302412	0,5725
0,303281	0,3504
0,304150	0,1028
0,305019	-0,1489
0,305888	-0,3992
0,306757	-0,6247
0,307626	-0,7990
0,308495	-0,9137
0,309364	-0,9714
0,310233	-0,9540
0,311102	-0,8719
0,311971	-0,7270
0,312840	-0,5298
0,313709	-0,2921
0,314578	-0,0369
0,315447	0,2185
0,316316	0,4639
0,317185	0,6653
0,318054	0,8133
0,318923	0,8969
0,319792	0,9299
0,320661	0,8869
0,321530	0,7733
0,322399	0,5985
0,323268	0,3754
0,324137	0,1282
0,325006	-0,1279
0,325875	-0,3821
0,326744	-0,6113
0,327613	-0,7907
0,328482	-0,9122
0,329351	-0,9708
0,330220	-0,9595
0,331089	-0,8844
0,331958	-0,7431
0,332827	-0,5432
0,333696	-0,3058
0,334565	-0,0516
0,335434	0,2023
0,336303	0,4477
0,337172	0,6528
0,338041	0,8026
0,338910	0,8954
0,339779	0,9241
0,340648	0,8884
0,341517	0,7807
0,342386	0,6091
0,343255	0,3925
0,344124	0,1462
0,344993	-0,1047
0,345862	-0,3534
0,346731	-0,5786
0,347600	-0,7547
0,348469	-0,8756
0,349338	-0,9330
0,350207	-0,9244
0,351076	-0,8490
0,351945	-0,7157
0,352814	-0,5219
0,353683	-0,2890
0,354552	-0,0388
0,355421	0,2094
0,356290	0,4486
0,357159	0,6494
0,358028	0,8005
0,358897	0,8893
0,359766	0,9195
0,360635	0,8744
0,361504	0,7709
0,362373	0,6018
0,363242	0,3842
0,364111	0,1407
0,364980	-0,1096
0,365849	-0,3555
0,366718	-0,5789
0,367587	-0,7526
0,368456	-0,8734
0,369325	-0,9308
0,370194	-0,9174
0,371063	-0,8368
0,371932	-0,7013
0,372801	-0,5066
0,373670	-0,2719
0,374539	-0,0217
0,375408	0,2280
0,376277	0,4669
0,377146	0,6650
0,378015	0,8115
0,378884	0,9012
0,379753	0,9275
0,380622	0,8817
0,381491	0,7718
0,382360	0,6049
0,383229	0,3867
0,384098	0,1419
0,384967	-0,1074
0,385836	-0,3537
0,386705	-0,5768
0,387574	-0,7492
0,388443	-0,8707
0,389312	-0,9207
0,390181	-0,9095
0,391050	-0,8341
0,391919	-0,6952
0,392788	-0,5020
0,393657	-0,2676
0,394526	-0,0186
0,395395	0,2289
0,396264	0,4651
0,397133	0,6613
0,398002	0,8078
0,398871	0,8985
0,399740	0,9241
0,400609	0,8798
0,401478	0,7743
0,402347	0,6012
0,403216	0,3897
0,404085	0,1477
0,404954	-0,0995
0,405823	-0,3439
0,406692	-0,5661
0,407561	-0,7395
0,408430	-0,8594
0,409299	-0,9140
0,410168	-0,9024
0,411037	-0,8289
0,411906	-0,6970
0,412775	-0,5057
0,413644	-0,2780
0,414513	-0,0320
0,415382	0,2136
0,416251	0,4511
0,417120	0,6503
0,417989	0,7984
0,418858	0,8905
0,419727	0,9223
0,420596	0,8850
0,421465	0,7828
0,422334	0,6174
0,423203	0,4056
0,424072	0,1645
0,424941	-0,0842
0,425810	-0,3317
0,426679	-0,5615
0,427548	-0,7450
0,428417	-0,8713
0,429286	-0,9305
0,430155	-0,9284
0,431024	-0,8570
0,431893	-0,7260
0,432762	-0,5383
0,433631	-0,3040
0,434500	-0,0543
0,435369	0,1971
0,436238	0,4453
0,437107	0,6534
0,437976	0,8069
0,438845	0,9070
0,439714	0,9433
0,440583	0,9110
0,441452	0,8048
0,442321	0,6311
0,443190	0,4086
0,444059	0,1605
0,444928	-0,0974
0,445797	-0,3555
0,446666	-0,5893
0,447535	-0,7739
0,448404	-0,9009
0,449273	-0,9622
0,450142	-0,9519
0,451011	-0,8771
0,451880	-0,7306
0,452749	-0,5359
0,453618	-0,2988
0,454487	-0,0436
0,455356	0,2133
0,456225	0,4593
0,457094	0,6629
0,457963	0,8112
0,458832	0,9049
0,459701	0,9330
0,460570	0,8853
0,461439	0,7730
0,462308	0,5982
0,463177	0,3793
0,464046	0,1285
0,464915	-0,1254
0,465784	-0,3732
0,466653	-0,5972
0,467522	-0,7694
0,468391	-0,8850
0,469260	-0,9400
0,470129	-0,9290
0,470998	-0,8472
0,471867	-0,7114
0,472736	-0,5219
0,473605	-0,2933
0,474474	-0,0482
0,475343	0,1944
0,476212	0,4291
0,477081	0,6265
0,477950	0,7739
0,478819	0,8652
0,479688	0,8991
0,480557	0,8609
0,481426	0,7645
0,482295	0,6040
0,483164	0,3919
0,484033	0,1520
0,484902	-0,0946
0,485771	-0,3421
0,486640	-0,5765
0,487509	-0,7584
0,488378	-0,8866
0,489247	-0,9510
0,490116	-0,9546
0,490985	-0,8869
0,491854	-0,7572
0,492723	-0,5591
0,493592	-0,3244
0,494461	-0,0714
0,495330	0,1877
0,496199	0,4379
0,497068	0,6488
0,497937	0,8023
0,498806	0,8994
0,499675	0,9360
0,500544	0,8942
0,501413	0,7791
0,502282	0,6040
0,503151	0,3830
0,504020	0,1328
0,504889	-0,1245
0,505758	-0,3763
0,506627	-0,6030
0,507496	-0,7755
0,508365	-0,8939
0,509234	-0,9479
0,510103	-0,9287
0,510972	-0,8487
0,511841	-0,7169
0,512710	-0,5249
0,513579	-0,2963
0,514448	-0,0525
0,515317	0,1889
0,516186	0,4218
0,517055	0,6195
0,517924	0,7694
0,518793	0,8655
0,519662	0,8972
0,520531	0,8655
0,521400	0,7706
0,522269	0,6122
0,523138	0,4025
0,524007	0,1627
0,524876	-0,0864
0,525745	-0,3366
0,526614	-0,5728
0,527483	-0,7572
0,528352	-0,8875
0,529221	-0,9568
0,530090	-0,9565
0,530959	-0,8811
0,531828	-0,7404
0,532697	-0,5472
0,533566	-0,3101
0,534435	-0,0519
0,535304	0,2078
0,536173	0,4547
0,537042	0,6568
0,537911	0,8036
0,538780	0,8933
0,539649	0,9214
0,540518	0,8728
0,541387	0,7593
0,542256	0,5914
0,543125	0,3806
0,543994	0,1392
0,544863	-0,1035
0,545732	-0,3427
0,546601	-0,5612
0,547470	-0,7361
0,548339	-0,8582
0,549208	-0,9198
0,550077	-0,9174
0,550946	-0,8567
0,551815	-0,7337
0,552684	-0,5481
0,553553	-0,3220
0,554422	-0,0745
0,555291	0,1767
0,556160	0,4260
0,557029	0,6406
0,557898	0,7996
0,558767	0,9000
0,559636	0,9375
0,560505	0,9061
0,561374	0,7968
0,562243	0,6244
0,563112	0,4050
0,563981	0,1547
0,564850	-0,1038
0,565719	-0,3558
0,566588	-0,5829
0,567457	-0,7553
0,568326	-0,8759
0,569195	-0,9299
0,570064	-0,9192
0,570933	-0,8408
0,571802	-0,7016
0,572671	-0,5197
0,573540	-0,2963
0,574409	-0,0562
0,575278	0,1837
0,576147	0,4178
0,577016	0,6204
0,577885	0,7770
0,578754	0,8759
0,579623	0,9168
0,580492	0,8933
0,581361	0,8008
0,582230	0,6394
0,583099	0,4212
0,583968	0,1755
0,584837	-0,0824
0,585706	-0,3415
0,586575	-0,5817
0,587444	-0,7627
0,588313	-0,8875
0,589182	-0,9494
0,590051	-0,9424
0,590920	-0,8560
0,591789	-0,7126
0,592658	-0,5210
0,593527	-0,2869
0,594396	-0,0424
0,595265	0,1981
0,596134	0,4294
0,597003	0,6244
0,597872	0,7739
0,598741	0,8673
0,599610	0,9067
0,600479	0,8789
0,601348	0,7865
0,602217	0,6302
0,603086	0,4209
0,603955	0,1782
0,604824	-0,0739
0,605693	-0,3311
0,606562	-0,5716
0,607431	-0,7578
0,608300	-0,8899
0,609169	-0,9543
0,610038	-0,9464
0,610907	-0,8661
0,611776	-0,7248
0,612645	-0,5307
0,613514	-0,2960
0,614383	-0,0452
0,615252	0,1999
0,616121	0,4315
0,616990	0,6256
0,617859	0,7700
0,618728	0,8600
0,619597	0,8960
0,620466	0,8637
0,621335	0,7739
0,622204	0,6232
0,623073	0,4172
0,623942	0,1767
0,624811	-0,0729
0,625680	-0,3293
0,626549	-0,5673
0,627418	-0,7559
0,628287	-0,8875
0,629156	-0,9549
0,630025	-0,9519
0,630894	-0,8719
0,631763	-0,7263
0,632632	-0,5325
0,633501	-0,2973
0,634370	-0,0464
0,635239	0,1959
0,636108	0,4266
0,636977	0,6186
0,637846	0,7663
0,638715	0,8591
0,639584	0,8951
0,640453	0,8661
0,641322	0,7770
0,642191	0,6265
0,643060	0,4209
0,643929	0,1804
0,644798	-0,0726
0,645667	-0,3323
0,646536	-0,5719
0,647405	-0,7605
0,648274	-0,8899
0,649143	-0,9540
0,650012	-0,9497
0,650881	-0,8649
0,651750	-0,7172
0,652619	-0,5295
0,653488	-0,2991
0,654357	-0,0558
0,655226	0,1819
0,656095	0,4111
0,656964	0,6049
0,657833	0,7599
0,658702	0,8597
0,659571	0,9079
0,660440	0,8811
0,661309	0,7929
0,662178	0,6363
0,663047	0,4224
0,663916	0,1782
0,664785	-0,0815
0,665654	-0,3424
0,666523	-0,5805
0,667392	-0,7593
0,668261	-0,8780
0,669130	-0,9351
0,669999	-0,9189
0,670868	-0,8371
0,671737	-0,7019
0,672606	-0,5313
0,673475	-0,3092
0,674344	-0,0729
0,675213	0,1657
0,676082	0,4028
0,676951	0,6137
0,677820	0,7755
0,678689	0,8817
0,679558	0,9262
0,680427	0,8994
0,681296	0,8020
0,682165	0,6302
0,683034	0,4077
0,683903	0,1553
0,684772	-0,1019
0,685641	-0,3467
0,686510	-0,5704
0,687379	-0,7382
0,688248	-0,8533
0,689117	-0,9104
0,689986	-0,9091
0,690855	-0,8460
0,691724	-0,7355
0,692593	-0,5554
0,693462	-0,3333
0,694331	-0,0858
0,695200	0,1694
0,696069	0,4215
0,696938	0,6391
0,697807	0,7981
0,698676	0,8936
0,699545	0,9238
0,700414	0,8768
0,701283	0,7694
0,702152	0,5976
0,703021	0,3922
0,703890	0,1599
0,704759	-0,0757
0,705628	-0,3107
0,706497	-0,5335
0,707366	-0,7157
0,708235	-0,8518
0,709104	-0,9296
0,709973	-0,9406
0,710842	-0,8814
0,711711	-0,7465
0,712580	-0,5472
0,713449	-0,3131
0,714318	-0,0543
0,715187	0,1987
0,716056	0,4349
0,716925	0,6256
0,717794	0,7715
0,718663	0,8570
0,719532	0,8884
0,720401	0,8621
0,721270	0,7779
0,722139	0,6290
0,723008	0,4251
0,723877	0,1871
0,724746	-0,0653
0,725615	-0,3259
0,726484	-0,5704
0,727353	-0,7535
0,728222	-0,8786
0,729091	-0,9400
0,729960	-0,9275
0,730829	-0,8460
0,731698	-0,7108
0,732567	-0,5286
0,733436	-0,3122
0,734305	-0,0781
0,735174	0,1599
0,736043	0,3970
0,736912	0,6134
0,737781	0,7755
0,738650	0,8838
0,739519	0,9281
0,740388	0,8982
0,741257	0,7859
0,742126	0,6143
0,742995	0,3974
0,743864	0,1492
0,744733	-0,0940
0,745602	-0,3284
0,746471	-0,5429
0,747340	-0,7135
0,748209	-0,8417
0,749078	-0,9122
0,749947	-0,9293
0,750816	-0,8747
0,751685	-0,7517
0,752554	-0,5615
0,753423	-0,3284
0,754292	-0,0696
0,755161	0,1898
0,756030	0,4312
0,756899	0,6299
0,757768	0,7709
0,758637	0,8570
0,759506	0,8847
0,760375	0,8487
0,761244	0,7718
0,762113	0,6265
0,762982	0,4245
0,763851	0,1889
0,764720	-0,0629
0,765589	-0,3232
0,766458	-0,5698
0,767327	-0,7514
0,768196	-0,8744
0,769065	-0,9345
0,769934	-0,9223
0,770803	-0,8444
0,771672	-0,7126
0,772541	-0,5383
0,773410	-0,3244
0,774279	-0,0903
0,775148	0,1508
0,776017	0,3949
0,776886	0,6137
0,777755	0,7813
0,778624	0,8850
0,779493	0,9250
0,780362	0,8826
0,781231	0,7630
0,782100	0,6064
0,782969	0,3931
0,783838	0,1611
0,784707	-0,0711
0,785576	-0,3030
0,786445	-0,5271
0,787314	-0,7108
0,788183	-0,8536
0,789052	-0,9326
0,789921	-0,9406
0,790790	-0,8765
0,791659	-0,7352
0,792528	-0,5402
0,793397	-0,3061
0,794266	-0,0568
0,795135	0,1798
0,796004	0,4035
0,796873	0,5976
0,797742	0,7498
0,798611	0,8530
0,799480	0,9052
0,800349	0,8890
0,801218	0,8011
0,802087	0,6336
0,802956	0,4154
0,803825	0,1651
0,804694	-0,0922
0,805563	-0,3348
0,806432	-0,5490
0,807301	-0,7154
0,808170	-0,8383
0,809039	-0,9052
0,809908	-0,9204
0,810777	-0,8673
0,811646	-0,7486
0,812515	-0,5637
0,813384	-0,3342
0,814253	-0,0742
0,815122	0,1865
0,815991	0,4260
0,816860	0,6223
0,817729	0,7581
0,818598	0,8487
0,819467	0,8820
0,820336	0,8606
0,821205	0,7816
0,822074	0,6369
0,822943	0,4349
0,823812	0,1901
0,824681	-0,0708
0,825550	-0,3308
0,826419	-0,5649
0,827288	-0,7343
0,828157	-0,8512
0,829026	-0,9027
0,829895	-0,8966
0,830764	-0,8322
0,831633	-0,7245
0,832502	-0,5594
0,833371	-0,3397
0,834240	-0,0916
0,835109	0,1691
0,835978	0,4224
0,836847	0,6311
0,837716	0,7746
0,838585	0,8655
0,839454	0,8884
0,840323	0,8524
0,841192	0,7633
0,842061	0,6235
0,842930	0,4254
0,843799	0,1944
0,844668	-0,0571
0,845537	-0,3189
0,846406	-0,5634
0,847275	-0,7440
0,848144	-0,8646
0,849013	-0,9174
0,849882	-0,9021
0,850751	-0,8332
0,851620	-0,7196
0,852489	-0,5502
0,853358	-0,3391
0,854227	-0,0980
0,855096	0,1559
0,855965	0,4111
0,856834	0,6281
0,857703	0,7813
0,858572	0,8686
0,859441	0,8930
0,860310	0,8502
0,861179	0,7535
0,862048	0,6143
0,862917	0,4221
0,863786	0,1935
0,864655	-0,0540
0,865524	-0,3116
0,866393	-0,5579
0,867262	-0,7447
0,868131	-0,8655
0,869000	-0,9198
0,869869	-0,9012
0,870738	-0,8313
0,871607	-0,7169
0,872476	-0,5496
0,873345	-0,3406
0,874214	-0,0995
0,875083	0,1553
0,875952	0,4105
0,876821	0,6272
0,877690	0,7779
0,878559	0,8664
0,879428	0,8893
0,880297	0,8530
0,881166	0,7639
0,882035	0,6223
0,882904	0,4312
0,883773	0,1987
0,884642	-0,0519
0,885511	-0,3110
0,886380	-0,5548
0,887249	-0,7349
0,888118	-0,8512
0,888987	-0,9076
0,889856	-0,8957
0,890725	-0,8377
0,891594	-0,7291
0,892463	-0,5634
0,893332	-0,3494
0,894201	-0,1022
0,895070	0,1587
0,895939	0,4135
0,896808	0,6244
0,897677	0,7654
0,898546	0,8518
0,899415	0,8756
0,900284	0,8506
0,901153	0,7709
0,902022	0,6366
0,902891	0,4343
0,903760	0,1944
0,904629	-0,0662
0,905498	-0,3259
0,906367	-0,5557
0,907236	-0,7248
0,908105	-0,8405
0,908974	-0,8951
0,909843	-0,8982
0,910712	-0,8518
0,911581	-0,7447
0,912450	-0,5655
0,913319	-0,3409
0,914188	-0,0818
0,915057	0,1791
0,915926	0,4169
0,916795	0,6104
0,917664	0,7489
0,918533	0,8335
0,919402	0,8808
0,920271	0,8725
0,921140	0,7965
0,922009	0,6342
0,922878	0,4245
0,923747	0,1740
0,924616	-0,0836
0,925485	-0,3207
0,926354	-0,5313
0,927223	-0,6983
0,928092	-0,8267
0,928961	-0,9052
0,929830	-0,9256
0,930699	-0,8734
0,931568	-0,7523
0,932437	-0,5560
0,933306	-0,3140
0,934175	-0,0656
0,935044	0,1672
0,935913	0,3867
0,936782	0,5847
0,937651	0,7422
0,938520	0,8557
0,939389	0,9110
0,940258	0,8896
0,941127	0,7822
0,941996	0,6104
0,942865	0,3967
0,943734	0,1645
0,944603	-0,0620
0,945472	-0,2902
0,946341	-0,5182
0,947210	-0,7132
0,948079	-0,8579
0,948948	-0,9357
0,949817	-0,9345
0,950686	-0,8411
0,951555	-0,7102
0,952424	-0,5301
0,953293	-0,3250
0,954162	-0,0986
0,955031	0,1379
0,955900	0,3861
0,956769	0,6131
0,957638	0,7746
0,958507	0,8667
0,959376	0,8927
0,960245	0,8475
0,961114	0,7523
0,961983	0,6149
0,962852	0,4282
0,963721	0,1996
0,964590	-0,0531
0,965459	-0,3134
0,966328	-0,5524
0,967197	-0,7285
0,968066	-0,8386
0,968935	-0,8924
0,969804	-0,8869
0,970673	-0,8396
0,971542	-0,7367
0,972411	-0,5698
0,973280	-0,3412
0,974149	-0,0818
0,975018	0,1755
0,975887	0,4065
0,976756	0,5963
0,977625	0,7349
0,978494	0,8356
0,979363	0,8869
0,980232	0,8765
0,981101	0,7974
0,981970	0,6302
0,982839	0,4135
0,983708	0,1663
0,984577	-0,0702
0,985446	-0,2930
0,986315	-0,5066
0,987184	-0,6937
0,988053	-0,8377
0,988922	-0,9214
0,989791	-0,9345
0,990660	-0,8594
0,991529	-0,7150
0,992398	-0,5341
0,993267	-0,3226
0,994136	-0,0986
0,995005	0,1321
0,995874	0,3757
0,996743	0,6040
0,997612	0,7648
0,998481	0,8652
0,999350	0,8914
1,000219	0,8423
1,001088	0,7541
1,001957	0,6195
1,002826	0,4306
1,003695	0,2039
1,004564	-0,0479
1,005433	-0,3107
1,006302	-0,5460
1,007171	-0,7154
1,008040	-0,8310
1,008909	-0,8899
1,009778	-0,8960
1,010647	-0,8518
1,011516	-0,7465
1,012385	-0,5652
1,013254	-0,3333
1,014123	-0,0742
1,014992	0,1688
1,015861	0,3879
1,016730	0,5750
1,017599	0,7273
1,018468	0,8454
1,019337	0,9009
1,020206	0,8844
1,021075	0,7797
1,021944	0,6085
1,022813	0,3992
1,023682	0,1740
1,024551	-0,0482
1,025420	-0,2789
1,026289	-0,5152
1,027158	-0,7175
1,028027	-0,8539
1,028896	-0,9232
1,029765	-0,9058
1,030634	-0,8255
1,031503	-0,7074
1,032372	-0,5490
1,033241	-0,3473
1,034110	-0,1071
1,034979	0,1523
1,035848	0,4050
1,036717	0,6107
1,037586	0,7468
1,038455	0,8292
1,039324	0,8686
1,040193	0,8603
1,041062	0,7935
1,041931	0,6384
1,042800	0,4227
1,043669	0,1718
1,044538	-0,0763
1,045407	-0,3009
1,046276	-0,5084
1,047145	-0,6906
1,048014	-0,8274
1,048883	-0,9165
1,049752	-0,9281
1,050621	-0,8499
1,051490	-0,7099
1,052359	-0,5283
1,053228	-0,3232
1,054097	-0,1007
1,054966	0,1343
1,055835	0,3827
1,056704	0,6079
1,057573	0,7642
1,058442	0,8481
1,059311	0,8707
1,060180	0,8350
1,061049	0,7614
1,061918	0,6339
1,062787	0,4334
1,063656	0,1929
1,064525	-0,0711
1,065394	-0,3168
1,066263	-0,5271
1,067132	-0,6894
1,068001	-0,8167
1,068870	-0,8972
1,069739	-0,9241
1,070608	-0,8618
1,071477	-0,7245
1,072346	-0,5371
1,073215	-0,3131
1,074084	-0,0873
1,074953	0,1340
1,075822	0,3665
1,076691	0,5911
1,077560	0,7602
1,078429	0,8634
1,079298	0,8850
1,080167	0,8408
1,081036	0,7517
1,081905	0,6232
1,082774	0,4355
1,083643	0,2002
1,084512	-0,0604
1,085381	-0,3153
1,086250	-0,5350
1,087119	-0,6958
1,087988	-0,8127
1,088857	-0,8863
1,089726	-0,9082
1,090595	-0,8652
1,091464	-0,7364
1,092333	-0,5377
1,093202	-0,3104
1,094071	-0,0809
1,094940	0,1370
1,095809	0,3635
1,096678	0,5863
1,097547	0,7587
1,098416	0,8606
1,099285	0,8869
1,100154	0,8350
1,101023	0,7514
1,101892	0,6162
1,102761	0,4343
1,103630	0,2033
1,104499	-0,0558
1,105368	-0,3116
1,106237	-0,5292
1,107106	-0,6894
1,107975	-0,8054
1,108844	-0,8832
1,109713	-0,9101
1,110582	-0,8625
1,111451	-0,7321
1,112320	-0,5359
1,113189	-0,3131
1,114058	-0,0882
1,114927	0,1306
1,115796	0,3641
1,116665	0,5887
1,117534	0,7556
1,118403	0,8524
1,119272	0,8710
1,120141	0,8322
1,121010	0,7572
1,121879	0,6299
1,122748	0,4389
1,123617	0,1996
1,124486	-0,0632
1,125355	-0,3092
1,126224	-0,5161
1,127093	-0,6793
1,127962	-0,8087
1,128831	-0,9012
1,129700	-0,9253
1,130569	-0,8533
1,131438	-0,7135
1,132307	-0,5347
1,133176	-0,3247
1,134045	-0,1071
1,134914	0,1239
1,135783	0,3732
1,136652	0,6003
1,137521	0,7498
1,138390	0,8344
1,139259	0,8563
1,140128	0,8356
1,140997	0,7739
1,141866	0,6360
1,142735	0,4279
1,143604	0,1788
1,144473	-0,0696
1,145342	-0,2893
1,146211	-0,4947
1,147080	-0,6800
1,147949	-0,8274
1,148818	-0,9116
1,149687	-0,9137
1,150556	-0,8264
1,151425	-0,7031
1,152294	-0,5438
1,153163	-0,3479
1,154032	-0,1144
1,154901	0,1431
1,155770	0,3937
1,156639	0,5896
1,157508	0,7242
1,158377	0,8142
1,159246	0,8670
1,160115	0,8667
1,160984	0,7849
1,161853	0,6207
1,162722	0,4028
1,163591	0,1749
1,164460	-0,0427
1,165329	-0,2692
1,166198	-0,5075
1,167067	-0,7096
1,167936	-0,8405
1,168805	-0,8908
1,169674	-0,8759
1,170543	-0,8231
1,171412	-0,7239
1,172281	-0,5652
1,173150	-0,3388
1,174019	-0,0800
1,174888	0,1617
1,175757	0,3711
1,176626	0,5628
1,177495	0,7248
1,178364	0,8435
1,179233	0,8988
1,180102	0,8521
1,180971	0,7416
1,181840	0,5985
1,182709	0,4227
1,183578	0,2066
1,184447	-0,0406
1,185316	-0,3009
1,186185	-0,5286
1,187054	-0,6870
1,187923	-0,7999
1,188792	-0,8747
1,189661	-0,9037
1,190530	-0,8554
1,191399	-0,7175
1,192268	-0,5338
1,193137	-0,3168
1,194006	-0,1007
1,194875	0,1230
1,195744	0,3677
1,196613	0,5921
1,197482	0,7437
1,198351	0,8271
1,199220	0,8490
1,200089	0,8380
1,200958	0,7739
1,201827	0,6323
1,202696	0,4209
1,203565	0,1724
1,204434	-0,0616
1,205303	-0,2725
1,206172	-0,4880
1,207041	-0,6864
1,207910	-0,8335
1,208779	-0,9000
1,209648	-0,8811
1,210517	-0,8127
1,211386	-0,7202
1,212255	-0,5652
1,213124	-0,3525
1,213993	-0,0952
1,214862	0,1578
1,215731	0,3726
1,216600	0,5576
1,217469	0,7126
1,218338	0,8307
1,219207	0,8918
1,220076	0,8472
1,220945	0,7370
1,221814	0,5948
1,222683	0,4233
1,223552	0,2094
1,224421	-0,0397
1,225290	-0,2994
1,226159	-0,5197
1,227028	-0,6793
1,227897	-0,7956
1,228766	-0,8792
1,229635	-0,9134
1,230504	-0,8509
1,231373	-0,7071
1,232242	-0,5283
1,233111	-0,3296
1,233980	-0,1141
1,234849	0,1212
1,235718	0,3742
1,236587	0,5887
1,237456	0,7257
1,238325	0,8057
1,239194	0,8506
1,240063	0,8521
1,240932	0,7828
1,241801	0,6189
1,242670	0,4016
1,243539	0,1785
1,244408	-0,0348
1,245277	-0,2618
1,246146	-0,5045
1,247015	-0,7022
1,247884	-0,8194
1,248753	-0,8683
1,249622	-0,8686
1,250491	-0,8362
1,251360	-0,7364
1,252229	-0,5597
1,253098	-0,3232
1,253967	-0,0839
1,254836	0,1297
1,255705	0,3470
1,256574	0,5695
1,257443	0,7398
1,258312	0,8353
1,259181	0,8521
1,260050	0,8237
1,260919	0,7605
1,261788	0,6330
1,262657	0,4291
1,263526	0,1794
1,264395	-0,0626
1,265264	-0,2734
1,266133	-0,4816
1,267002	-0,6784
1,267871	-0,8255
1,268740	-0,8936
1,269609	-0,8783
1,270478	-0,8051
1,271347	-0,7135
1,272216	-0,5600
1,273085	-0,3436
1,273954	-0,0839
1,274823	0,1511
1,275692	0,3562
1,276561	0,5484
1,277430	0,7233
1,278299	0,8393
1,279168	0,8744
1,280037	0,8255
1,280906	0,7373
1,281775	0,6168
1,282644	0,4355
1,283513	0,1975
1,284382	-0,0613
1,285251	-0,2887
1,286120	-0,4852
1,286989	-0,6644
1,287858	-0,8133
1,288727	-0,9000
1,289596	-0,8966
1,290465	-0,8072
1,291334	-0,6998
1,292203	-0,5576
1,293072	-0,3507
1,293941	-0,0967
1,294810	0,1544
1,295679	0,3647
1,296548	0,5506
1,297417	0,7105
1,298286	0,8307
1,299155	0,8789
1,300024	0,8292
1,300893	0,7327
1,301762	0,6006
1,302631	0,4343
1,303500	0,2026
1,304369	-0,0577
1,305238	-0,2933
1,306107	-0,4871
1,306976	-0,6598
1,307845	-0,8042
1,308714	-0,8945
1,309583	-0,8933
1,310452	-0,8048
1,311321	-0,6949
1,312190	-0,5509
1,313059	-0,3510
1,313928	-0,0964
1,314797	0,1547
1,315666	0,3647
1,316535	0,5466
1,317404	0,7083
1,318273	0,8274
1,319142	0,8722
1,320011	0,8261
1,320880	0,7288
1,321749	0,6125
1,322618	0,4300
1,323487	0,1990
1,324356	-0,0620
1,325225	-0,2893
1,326094	-0,4825
1,326963	-0,6613
1,327832	-0,8112
1,328701	-0,8936
1,329570	-0,8808
1,330439	-0,7984
1,331308	-0,7047
1,332177	-0,5597
1,333046	-0,3485
1,333915	-0,0894
1,334784	0,1505
1,335653	0,3510
1,336522	0,5438
1,337391	0,7154
1,338260	0,8313
1,339129	0,8600
1,339998	0,8103
1,340867	0,7355
1,341736	0,6165
1,342605	0,4300
1,343474	0,1843
1,344343	-0,0604
1,345212	-0,2686
1,346081	-0,4740
1,346950	-0,6723
1,347819	-0,8170
1,348688	-0,8777
1,349557	-0,8570
1,350426	-0,8087
1,351295	-0,7245
1,352164	-0,5585
1,353033	-0,3284
1,353902	-0,0839
1,354771	0,1257
1,355640	0,3375
1,356509	0,5557
1,357378	0,7270
1,358247	0,8167
1,359116	0,8310
1,359985	0,8133
1,360854	0,7639
1,361723	0,6204
1,362592	0,4056
1,363461	0,1740
1,364330	-0,0360
1,365199	-0,2530
1,366068	-0,4959
1,366937	-0,6870
1,367806	-0,7987
1,368675	-0,8472
1,369544	-0,8686
1,370413	-0,8429
1,371282	-0,7135
1,372151	-0,5289
1,373020	-0,3192
1,373889	-0,1123
1,374758	0,1135
1,375627	0,3635
1,376496	0,5744
1,377365	0,7013
1,378234	0,7889
1,379103	0,8475
1,379972	0,8478
1,380841	0,7465
1,381710	0,5878
1,382579	0,4096
1,383448	0,2075
1,384317	-0,0296
1,385186	-0,2863
1,386055	-0,4993
1,386924	-0,6522
1,387793	-0,7807
1,388662	-0,8713
1,389531	-0,8942
1,390400	-0,8036
1,391269	-0,6845
1,392138	-0,5432
1,393007	-0,3516
1,393876	-0,1050
1,394745	0,1465
1,395614	0,3534
1,396483	0,5341
1,397352	0,6983
1,398221	0,8206
1,399090	0,8551
1,399959	0,8032
1,400828	0,7346
1,401697	0,6204
1,402566	0,4273
1,403435	0,1804
1,404304	-0,0558
1,405173	-0,2576
1,406042	-0,4718
1,406911	-0,6732
1,407780	-0,8078
1,408649	-0,8551
1,409518	-0,8484
1,410387	-0,8158
1,411256	-0,7221
1,412125	-0,5344
1,412994	-0,3125
1,413863	-0,1016
1,414732	0,1111
1,415601	0,3525
1,416470	0,5725
1,417339	0,7050
1,418208	0,7819
1,419077	0,8353
1,419946	0,8444
1,420815	0,7486
1,421684	0,5869
1,422553	0,4022
1,423422	0,2072
1,424291	-0,0305
1,425160	-0,2857
1,426029	-0,4962
1,426898	-0,6455
1,427767	-0,7804
1,428636	-0,8692
1,429505	-0,8817
1,430374	-0,7959
1,431243	-0,6848
1,432112	-0,5512
1,432981	-0,3464
1,433850	-0,0903
1,434719	0,1444
1,435588	0,3403
1,436457	0,5374
1,437326	0,7132
1,438195	0,8139
1,439064	0,8261
1,439933	0,7971
1,440802	0,7477
1,441671	0,6195
1,442540	0,4044
1,443409	0,1740
1,444278	-0,0333
1,445147	-0,2521
1,446016	-0,4950
1,446885	-0,6763
1,447754	-0,7761
1,448623	-0,8374
1,449492	-0,8716
1,450361	-0,8255
1,451230	-0,6864
1,452099	-0,5185
1,452968	-0,3357
1,453837	-0,1175
1,454706	0,1386
1,455575	0,3677
1,456444	0,5402
1,457313	0,6848
1,458182	0,8032
1,459051	0,8521
1,459920	0,8005
1,460789	0,7141
1,461658	0,6070
1,462527	0,4230
1,463396	0,1798
1,464265	-0,0574
1,465134	-0,2557
1,466003	-0,4706
1,466872	-0,6735
1,467741	-0,7968
1,468610	-0,8383
1,469479	-0,8444
1,470348	-0,8206
1,471217	-0,7068
1,472086	-0,5173
1,472955	-0,3156
1,473824	-0,1141
1,474693	0,1175
1,475562	0,3665
1,476431	0,5545
1,477300	0,6809
1,478169	0,7843
1,479038	0,8502
1,479907	0,8161
1,480776	0,7093
1,481645	0,5893
1,482514	0,4254
1,483383	0,1938
1,484252	-0,0598
1,485121	-0,2646
1,485990	-0,4602
1,486859	-0,6558
1,487728	-0,7981
1,488597	-0,8432
1,489466	-0,8362
1,490335	-0,8051
1,491204	-0,7068
1,492073	-0,5210
1,492942	-0,3107
1,493811	-0,1108
1,494680	0,1102
1,495549	0,3604
1,496418	0,5564
1,497287	0,6775
1,498156	0,7770
1,499025	0,8460
1,499894	0,8158
1,500763	0,7099
1,501632	0,5887
1,502501	0,4263
1,503370	0,1953
1,504239	-0,0568
1,505108	-0,2631
1,505977	-0,4572
1,506846	-0,6558
1,507715	-0,7929
1,508584	-0,8414
1,509453	-0,8353
1,510322	-0,8069
1,511191	-0,7062
1,512060	-0,5213
1,512929	-0,3146
1,513798	-0,1154
1,514667	0,1141
1,515536	0,3616
1,516405	0,5478
1,517274	0,6723
1,518143	0,7852
1,519012	0,8472
1,519881	0,8017
1,520750	0,7038
1,521619	0,5930
1,522488	0,4227
1,523357	0,1816
1,524226	-0,0568
1,525095	-0,2521
1,525964	-0,4648
1,526833	-0,6665
1,527702	-0,7837
1,528571	-0,8234
1,529440	-0,8451
1,530309	-0,8115
1,531178	-0,6815
1,532047	-0,5042
1,532916	-0,3259
1,533785	-0,1169
1,534654	0,1364
1,535523	0,3595
1,536392	0,5271
1,537261	0,6775
1,538130	0,7993
1,538999	0,8274
1,539868	0,7761
1,540737	0,7212
1,541606	0,6058
1,542475	0,3983
1,543344	0,1663
1,544213	-0,0336
1,545082	-0,2496
1,545951	-0,4889
1,546820	-0,6586
1,547689	-0,7538
1,548558	-0,8329
1,549427	-0,8655
1,550296	-0,7917
1,551165	-0,6604
1,552034	-0,5237
1,552903	-0,3397
1,553772	-0,0897
1,554641	0,1422
1,555510	0,3290
1,556379	0,5301
1,557248	0,7019
1,558117	0,7813
1,558986	0,7956
1,559855	0,8002
1,560724	0,7361
1,561593	0,5789
1,562462	0,3830
1,563331	0,1965
1,564200	-0,0317
1,565069	-0,2814
1,565938	-0,4755
1,566807	-0,6275
1,567676	-0,7715
1,568545	-0,8487
1,569414	-0,8301
1,570283	-0,7675
1,571152	-0,6909
1,572021	-0,5335
1,572890	-0,3024
1,573759	-0,0925
1,574628	0,1099
1,575497	0,3482
1,576366	0,5521
1,577235	0,6690
1,578104	0,7627
1,578973	0,8295
1,579842	0,8011
1,580711	0,6986
1,581580	0,5774
1,582449	0,4132
1,583318	0,1749
1,584187	-0,0580
1,585056	-0,2478
1,585925	-0,4648
1,586794	-0,6601
1,587663	-0,7645
1,588532	-0,8118
1,589401	-0,8481
1,590270	-0,7984
1,591139	-0,6684
1,592008	-0,5109
1,592877	-0,3345
1,593746	-0,0974
1,594615	0,1440
1,595484	0,3317
1,596353	0,5191
1,597222	0,6909
1,598091	0,7801
1,598960	0,7889
1,599829	0,7892
1,600698	0,7263
1,601567	0,5679
1,602436	0,3778
1,603305	0,1932
1,604174	-0,0363
1,605043	-0,2786
1,605912	-0,4639
1,606781	-0,6232
1,607650	-0,7697
1,608519	-0,8374
1,609388	-0,8148
1,610257	-0,7739
1,611126	-0,6894
1,611995	-0,5109
1,612864	-0,2997
1,613733	-0,1065
1,614602	0,1175
1,615471	0,3571
1,616340	0,5286
1,617209	0,6604
1,618078	0,7767
1,618947	0,8216
1,619816	0,7617
1,620685	0,6977
1,621554	0,5908
1,622423	0,3891
1,623292	0,1639
1,624161	-0,0287
1,625030	-0,2518
1,625899	-0,4837
1,626768	-0,6308
1,627637	-0,7398
1,628506	-0,8313
1,629375	-0,8417
1,630244	-0,7538
1,631113	-0,6662
1,631982	-0,5286
1,632851	-0,3070
1,633720	-0,0800
1,634589	0,1093
1,635458	0,3354
1,636327	0,5466
1,637196	0,6644
1,638065	0,7492
1,638934	0,8155
1,639803	0,7862
1,640672	0,6803
1,641541	0,5756
1,642410	0,4028
1,643279	0,1642
1,644148	-0,0485
1,645017	-0,2390
1,645886	-0,4721
1,646755	-0,6476
1,647624	-0,7370
1,648493	-0,8078
1,649362	-0,8423
1,650231	-0,7581
1,651100	-0,6409
1,651969	-0,5191
1,652838	-0,3183
1,653707	-0,0729
1,654576	0,1199
1,655445	0,3241
1,656314	0,5414
1,657183	0,6720
1,658052	0,7431
1,658921	0,8029
1,659790	0,7904
1,660659	0,6833
1,661528	0,5618
1,662397	0,4028
1,663266	0,1691
1,664135	-0,0565
1,665004	-0,2420
1,665873	-0,4627
1,666742	-0,6488
1,667611	-0,7352
1,668480	-0,8036
1,669349	-0,8374
1,670218	-0,7620
1,671087	-0,6412
1,671956	-0,5161
1,672825	-0,3140
1,673694	-0,0708
1,674563	0,1196
1,675432	0,3250
1,676301	0,5411
1,677170	0,6638
1,678039	0,7364
1,678908	0,8026
1,679777	0,7794
1,680646	0,6677
1,681515	0,5640
1,682384	0,3940
1,683253	0,1566
1,684122	-0,0510
1,684991	-0,2411
1,685860	-0,4727
1,686729	-0,6372
1,687598	-0,7297
1,688467	-0,8106
1,689336	-0,8329
1,690205	-0,7398
1,691074	-0,6461
1,691943	-0,5106
1,692812	-0,2966
1,693681	-0,0751
1,694550	0,1099
1,695419	0,3388
1,696288	0,5356
1,697157	0,6479
1,698026	0,7468
1,698895	0,8057
1,699764	0,7495
1,700633	0,6735
1,701502	0,5646
1,702371	0,3717
1,703240	0,1532
1,704109	-0,0336
1,704978	-0,2585
1,705847	-0,4773
1,706716	-0,6128
1,707585	-0,7331
1,708454	-0,8200
1,709323	-0,8005
1,710192	-0,7398
1,711061	-0,6674
1,711930	-0,4971
1,712799	-0,2866
1,713668	-0,1007
1,714537	0,1251
1,715406	0,3504
1,716275	0,5051
1,717144	0,6510
1,718013	0,7633
1,718882	0,7691
1,719751	0,7462
1,720620	0,6964
1,721489	0,5460
1,722358	0,3574
1,723227	0,1810
1,724096	-0,0494
1,724965	-0,2759
1,725834	-0,4440
1,726703	-0,6207
1,727572	-0,7535
1,728441	-0,7849
1,729310	-0,7938
1,730179	-0,7636
1,731048	-0,6354
1,731917	-0,4776
1,732786	-0,3150
1,733655	-0,0812
1,734524	0,1404
1,735393	0,3131
1,736262	0,5155
1,737131	0,6647
1,738000	0,7245
1,738869	0,7715
1,739738	0,7657
1,740607	0,6534
1,741476	0,5402
1,742345	0,3879
1,743214	0,1520
1,744083	-0,0552
1,744952	-0,2396
1,745821	-0,4651
1,746690	-0,6223
1,747559	-0,7126
1,748428	-0,8002
1,749297	-0,8042
1,750166	-0,7187
1,751035	-0,6439
1,751904	-0,4923
1,752773	-0,2747
1,753642	-0,0867
1,754511	0,1209
1,755380	0,3500
1,756249	0,5084
1,757118	0,6412
1,757987	0,7523
1,758856	0,7599
1,759725	0,7361
1,760594	0,6858
1,761463	0,5374
1,762332	0,3546
1,763201	0,1782
1,764070	-0,0571
1,764939	-0,2701
1,765808	-0,4352
1,766677	-0,6232
1,767546	-0,7358
1,768415	-0,7678
1,769284	-0,7926
1,770153	-0,7453
1,771022	-0,6088
1,771891	-0,4877
1,772760	-0,2997
1,773629	-0,0601
1,774498	0,1227
1,775367	0,3217
1,776236	0,5264
1,777105	0,6333
1,777974	0,7212
1,778843	0,7788
1,779712	0,7224
1,780581	0,6513
1,781450	0,5524
1,782319	0,3497
1,783188	0,1505
1,784057	-0,0360
1,784926	-0,2710
1,785795	-0,4529
1,786664	-0,5936
1,787533	-0,7337
1,788402	-0,7828
1,789271	-0,7608
1,790140	-0,7434
1,791009	-0,6223
1,791878	-0,4633
1,792747	-0,3009
1,793616	-0,0751
1,794485	0,1431
1,795354	0,3107
1,796223	0,5133
1,797092	0,6491
1,797961	0,7053
1,798830	0,7630
1,799699	0,7358
1,800568	0,6320
1,801437	0,5332
1,802306	0,3571
1,803175	0,1349
1,804044	-0,0433
1,804913	-0,2606
1,805782	-0,4642
1,806651	-0,5930
1,807520	-0,7212
1,808389	-0,7846
1,809258	-0,7559
1,810127	-0,7248
1,810996	-0,6214
1,811865	-0,4495
1,812734	-0,2902
1,813603	-0,0748
1,814472	0,1483
1,815341	0,3113
1,816210	0,5087
1,817079	0,6467
1,817948	0,6995
1,818817	0,7508
1,819686	0,7358
1,820555	0,6211
1,821424	0,5261
1,822293	0,3504
1,823162	0,1312
1,824031	-0,0446
1,824900	-0,2625
1,825769	-0,4566
1,826638	-0,5841
1,827507	-0,7169
1,828376	-0,7712
1,829245	-0,7456
1,830114	-0,7212
1,830983	-0,6058
1,831852	-0,4505
1,832721	-0,2899
1,833590	-0,0635
1,834459	0,1428
1,835328	0,3101
1,836197	0,5145
1,837066	0,6314
1,837935	0,6964
1,838804	0,7550
1,839673	0,7114
1,840542	0,6278
1,841411	0,5286
1,842280	0,3351
1,843149	0,1428
1,844018	-0,0446
1,844887	-0,2722
1,845756	-0,4358
1,846625	-0,5954
1,847494	-0,7196
1,848363	-0,7459
1,849232	-0,7538
1,850101	-0,7181
1,850970	-0,5786
1,851839	-0,4578
1,852708	-0,2774
1,853577	-0,0485
1,854446	0,1227
1,855315	0,3275
1,856184	0,5097
1,857053	0,6104
1,857922	0,7123
1,858791	0,7367
1,859660	0,6882
1,860529	0,6412
1,861398	0,4987
1,862267	0,3256
1,863136	0,1556
1,864005	-0,0757
1,864874	-0,2585
1,865743	-0,4300
1,866612	-0,6095
1,867481	-0,6885
1,868350	-0,7431
1,869219	-0,7654
1,870088	-0,6760
1,870957	-0,5963
1,871826	-0,4532
1,872695	-0,2484
1,873564	-0,0766
1,874433	0,1389
1,875302	0,3308
1,876171	0,4736
1,877040	0,6284
1,877909	0,6937
1,878778	0,7050
1,879647	0,7126
1,880516	0,6024
1,881385	0,4855
1,882254	0,3400
1,883123	0,1151
1,883992	-0,0598
1,884861	-0,2576
1,885730	-0,4541
1,886599	-0,5799
1,887468	-0,6958
1,888337	-0,7468
1,889206	-0,7202
1,890075	-0,6964
1,890944	-0,5719
1,891813	-0,4285
1,892682	-0,2710
1,893551	-0,0400
1,894420	0,1346
1,895289	0,3198
1,896158	0,5081
1,897027	0,5969
1,897896	0,6943
1,898765	0,7196
1,899634	0,6702
1,900503	0,6284
1,901372	0,4819
1,902241	0,3146
1,903110	0,1456
1,903979	-0,0842
1,904848	-0,2493
1,905717	-0,4297
1,906586	-0,5972
1,907455	-0,6677
1,908324	-0,7379
1,909193	-0,7324
1,910062	-0,6513
1,910931	-0,5841
1,911800	-0,4190
1,912669	-0,2472
1,913538	-0,0684
1,914407	0,1553
1,915276	0,3095
1,916145	0,4852
1,917014	0,6211
1,917883	0,6623
1,918752	0,7138
1,919621	0,6723
1,920490	0,5881
1,921359	0,4852
1,922228	0,2960
1,923097	0,1276
1,923966	-0,0684
1,924835	-0,2747
1,925704	-0,4190
1,926573	-0,5887
1,927442	-0,6781
1,928311	-0,7099
1,929180	-0,7349
1,930049	-0,6464
1,930918	-0,5609
1,931787	-0,4266
1,932656	-0,2274
1,933525	-0,0629
1,934394	0,1483
1,935263	0,3232
1,936132	0,4700
1,937001	0,6146
1,937870	0,6574
1,938739	0,6891
1,939608	0,6726
1,940477	0,5686
1,941346	0,4749
1,942215	0,2988
1,943084	0,1105
1,943953	-0,0632
1,944822	-0,2756
1,945691	-0,4184
1,946560	-0,5750
1,947429	-0,6671
1,948298	-0,6925
1,949167	-0,7212
1,950036	-0,6369
1,950905	-0,5441
1,951774	-0,4147
1,952643	-0,2176
1,953512	-0,0552
1,954381	0,1511
1,955250	0,3223
1,956119	0,4648
1,956988	0,6064
1,957857	0,6482
1,958726	0,6836
1,959595	0,6571
1,960464	0,5573
1,961333	0,4691
1,962202	0,2902
1,963071	0,1138
1,963940	-0,0690
1,964809	-0,2722
1,965678	-0,4108
1,966547	-0,5777
1,967416	-0,6583
1,968285	-0,6900
1,969154	-0,7102
1,970023	-0,6220
1,970892	-0,5469
1,971761	-0,4050
1,972630	-0,2225
1,973499	-0,0574
1,974368	0,1569
1,975237	0,3034
1,976106	0,4678
1,976975	0,5844
1,977844	0,6333
1,978713	0,6800
1,979582	0,6262
1,980451	0,5652
1,981320	0,4535
1,982189	0,2713
1,983058	0,1215
1,983927	-0,0906
1,984796	-0,2512
1,985665	-0,4151
1,986534	-0,5695
1,987403	-0,6314
1,988272	-0,6977
1,989141	-0,6708
1,990010	-0,6189
1,990879	-0,5329
1,991748	-0,3739
1,992617	-0,2338
1,993486	-0,0250
1,994355	0,1459
1,995224	0,3092
1,996093	0,4767
1,996962	0,5612
1,997831	0,6513
1,998700	0,6507
1,999569	0,6232
2,000438	0,5585
2,001307	0,4187
2,002176	0,2936
2,003045	0,0909
2,003914	-0,0839
2,004783	-0,2506
2,005652	-0,4300
2,006521	-0,5374
2,007390	-0,6455
2,008259	-0,6705
2,009128	-0,6656
2,009997	-0,6256
2,010866	-0,5014
2,011735	-0,3946
2,012604	-0,2033
2,013473	-0,0348
2,014342	0,1431
2,015211	0,3207
2,016080	0,4419
2,016949	0,5765
2,017818	0,6165
2,018687	0,6418
2,019556	0,6165
2,020425	0,5188
2,021294	0,4349
2,022163	0,2521
2,023032	0,0992
2,023901	-0,0897
2,024770	-0,2609
2,025639	-0,4031
2,026508	-0,5570
2,027377	-0,6137
2,028246	-0,6708
2,029115	-0,6473
2,029984	-0,5908
2,030853	-0,5072
2,031722	-0,3534
2,032591	-0,2176
2,033460	-0,0131
2,034329	0,1425
2,035198	0,3079
2,036067	0,4563
2,036936	0,5417
2,037805	0,6220
2,038674	0,6116
2,039543	0,6040
2,040412	0,5182
2,041281	0,4050
2,042150	0,2676
2,043019	0,0723
2,043888	-0,0748
2,044757	-0,2655
2,045626	-0,3992
2,046495	-0,5341
2,047364	-0,6204
2,048233	-0,6342
2,049102	-0,6491
2,049971	-0,5643
2,050840	-0,4932
2,051709	-0,3497
2,052578	-0,1926
2,053447	-0,0253
2,054316	0,1605
2,055185	0,2905
2,056054	0,4550
2,056923	0,5310
2,057792	0,6015
2,058661	0,6101
2,059530	0,5710
2,060399	0,5106
2,061268	0,3778
2,062137	0,2509
2,063006	0,0644
2,063875	-0,0882
2,064744	-0,2567
2,065613	-0,4080
2,066482	-0,5191
2,067351	-0,6122
2,068220	-0,6174
2,069089	-0,6314
2,069958	-0,5576
2,070827	-0,4721
2,071696	-0,3427
2,072565	-0,1758
2,073434	-0,0247
2,074303	0,1651
2,075172	0,2887
2,076041	0,4477
2,076910	0,5267
2,077779	0,5905
2,078648	0,5997
2,079517	0,5564
2,080386	0,5005
2,081255	0,3671
2,082124	0,2506
2,082993	0,0595
2,083862	-0,0906
2,084731	-0,2551
2,085600	-0,3977
2,086469	-0,5084
2,087338	-0,5988
2,088207	-0,6037
2,089076	-0,6168
2,089945	-0,5362
2,090814	-0,4596
2,091683	-0,3265
2,092552	-0,1761
2,093421	-0,0156
2,094290	0,1584
2,095159	0,2841
2,096028	0,4376
2,096897	0,5033
2,097766	0,5744
2,098635	0,5661
2,099504	0,5445
2,100373	0,4694
2,101242	0,3543
2,102111	0,2329
2,102980	0,0473
2,103849	-0,0888
2,104718	-0,2634
2,105587	-0,3757
2,106456	-0,5081
2,107325	-0,5686
2,108194	-0,5957
2,109063	-0,5857
2,109932	-0,5152
2,110801	-0,4459
2,111670	-0,3003
2,112539	-0,1746
2,113408	0,0110
2,114277	0,1434
2,115146	0,3000
2,116015	0,4157
2,116884	0,5051
2,117753	0,5560
2,118622	0,5502
2,119491	0,5374
2,120360	0,4425
2,121229	0,3574
2,122098	0,1990
2,122967	0,0629
2,123836	-0,1102
2,124705	-0,2469
2,125574	-0,3815
2,126443	-0,4971
2,127312	-0,5493
2,128181	-0,5963
2,129050	-0,5545
2,129919	-0,5228
2,130788	-0,4074
2,131657	-0,3156
2,132526	-0,1486
2,133395	-0,0058
2,134264	0,1526
2,135133	0,2866
2,136002	0,4010
2,136871	0,4962
2,137740	0,5240
2,138609	0,5518
2,139478	0,4917
2,140347	0,4437
2,141216	0,3180
2,142085	0,2057
2,142954	0,0424
2,143823	-0,0970
2,144692	-0,2432
2,145561	-0,3696
2,146430	-0,4694
2,147299	-0,5445
2,148168	-0,5527
2,149037	-0,5573
2,149906	-0,4770
2,150775	-0,4123
2,151644	-0,2725
2,152513	-0,1563
2,153382	0,0153
2,154251	0,1413
2,155120	0,2835
2,155989	0,3909
2,156858	0,4736
2,157727	0,5206
2,158596	0,5081
2,159465	0,4898
2,160334	0,4044
2,161203	0,3262
2,162072	0,1733
2,162941	0,0525
2,163810	-0,1202
2,164679	-0,2310
2,165548	-0,3723
2,166417	-0,4575
2,167286	-0,5277
2,168155	-0,5429
2,169024	-0,5231
2,169893	-0,4733
2,170762	-0,3772
2,171631	-0,2780
2,172500	-0,1276
2,173369	-0,0003
2,174238	0,1605
2,175107	0,2640
2,175976	0,3970
2,176845	0,4514
2,177714	0,5100
2,178583	0,4895
2,179452	0,4733
2,180321	0,3949
2,181190	0,3067
2,182059	0,1727
2,182928	0,0351
2,183797	-0,1065
2,184666	-0,2377
2,185535	-0,3470
2,186404	-0,4553
2,187273	-0,4956
2,188142	-0,5325
2,189011	-0,4913
2,189880	-0,4605
2,190749	-0,3555
2,191618	-0,2683
2,192487	-0,1181
2,193356	-0,0015
2,194225	0,1541
2,195094	0,2536
2,195963	0,3745
2,196832	0,4340
2,197701	0,4798
2,198570	0,4703
2,199439	0,4474
2,200308	0,3739
2,201177	0,2808
2,202046	0,1666
2,202915	0,0235
2,203784	-0,1028
2,204653	-0,2365
2,205522	-0,3333
2,206391	-0,4434
2,207260	-0,4733
2,208129	-0,5094
2,208998	-0,4730
2,209867	-0,4419
2,210736	-0,3363
2,211605	-0,2539
2,212474	-0,1074
2,213343	0,0061
2,214212	0,1535
2,215081	0,2478
2,215950	0,3647
2,216819	0,4196
2,217688	0,4648
2,218557	0,4505
2,219426	0,4239
2,220295	0,3522
2,221164	0,2673
2,222033	0,1489
2,222902	0,0204
2,223771	-0,1080
2,224640	-0,2277
2,225509	-0,3259
2,226378	-0,4209
2,227247	-0,4608
2,228116	-0,4889
2,228985	-0,4526
2,229854	-0,4123
2,230723	-0,3247
2,231592	-0,2383
2,232461	-0,1032
2,233330	0,0076
2,234199	0,1477
2,235068	0,2359
2,235937	0,3497
2,236806	0,3943
2,237675	0,4450
2,238544	0,4230
2,239413	0,4126
2,240282	0,3232
2,241151	0,2585
2,242020	0,1334
2,242889	0,0272
2,243758	-0,1160
2,244627	-0,2075
2,245496	-0,3256
2,246365	-0,3894
2,247234	-0,4532
2,248103	-0,4492
2,248972	-0,4447
2,249841	-0,3830
2,250710	-0,3183
2,251579	-0,2106
2,252448	-0,1074
2,253317	0,0275
2,254186	0,1325
2,255055	0,2429
2,255924	0,3250
2,256793	0,3949
2,257662	0,4147
2,258531	0,4163
2,259400	0,3809
2,260269	0,3238
2,261138	0,2374
2,262007	0,1349
2,262876	0,0116
2,263745	-0,1062
2,264614	-0,2124
2,265483	-0,3058
2,266352	-0,3912
2,267221	-0,4303
2,268090	-0,4389
2,268959	-0,4190
2,269828	-0,3684
2,270697	-0,3034
2,271566	-0,2045
2,272435	-0,1004
2,273304	0,0229
2,274173	0,1303
2,275042	0,2301
2,275911	0,3113
2,276780	0,3745
2,277649	0,3949
2,278518	0,3940
2,279387	0,3601
2,280256	0,3079
2,281125	0,2240
2,281994	0,1297
2,282863	0,0085
2,283732	-0,0992
2,284601	-0,2036
2,285470	-0,2887
2,286339	-0,3681
2,287208	-0,4044
2,288077	-0,4169
2,288946	-0,3958
2,289815	-0,3528
2,290684	-0,2811
2,291553	-0,1993
2,292422	-0,0916
2,293291	0,0204
2,294160	0,1282
2,295029	0,2167
2,295898	0,2997
2,296767	0,3494
2,297636	0,3757
2,298505	0,3699
2,299374	0,3406
2,300243	0,2814
2,301112	0,2112
2,301981	0,1169
2,302850	0,0046
2,303719	-0,1010
2,304588	-0,1987
2,305457	-0,2808
2,306326	-0,3568
2,307195	-0,3885
2,308064	-0,3998
2,308933	-0,3793
2,309802	-0,3339
2,310671	-0,2698
2,311540	-0,1868
2,312409	-0,0812
2,313278	0,0204
2,314147	0,1276
2,315016	0,2036
2,315885	0,2893
2,316754	0,3327
2,317623	0,3632
2,318492	0,3455
2,319361	0,3308
2,320230	0,2652
2,321099	0,2063
2,321968	0,1035
2,322837	0,0116
2,323706	-0,1044
2,324575	-0,1791
2,325444	-0,2728
2,326313	-0,3287
2,327182	-0,3735
2,328051	-0,3693
2,328920	-0,3687
2,329789	-0,3067
2,330658	-0,2612
2,331527	-0,1642
2,332396	-0,0888
2,333265	0,0287
2,334134	0,1074
2,335003	0,2033
2,335872	0,2606
2,336741	0,3247
2,337610	0,3293
2,338479	0,3363
2,339348	0,2982
2,340217	0,2561
2,341086	0,1810
2,341955	0,1028
2,342824	-0,0034
2,343693	-0,0922
2,344562	-0,1822
2,345431	-0,2536
2,346300	-0,3232
2,347169	-0,3513
2,348038	-0,3592
2,348907	-0,3439
2,349776	-0,3052
2,350645	-0,2469
2,351514	-0,1666
2,352383	-0,0772
2,353252	0,0232
2,354121	0,1059
2,354990	0,1910
2,355859	0,2509
2,356728	0,3092
2,357597	0,3153
2,358466	0,3214
2,359335	0,2844
2,360204	0,2506
2,361073	0,1715
2,361942	0,1004
2,362811	-0,0027
2,363680	-0,0833
2,364549	-0,1776
2,365418	-0,2356
2,366287	-0,3095
2,367156	-0,3287
2,368025	-0,3500
2,368894	-0,3207
2,369763	-0,2915
2,370632	-0,2258
2,371501	-0,1648
2,372370	-0,0732
2,373239	0,0140
2,374108	0,1032
2,374977	0,1743
2,375846	0,2390
2,376715	0,2893
2,377584	0,3024
2,378453	0,3012
2,379322	0,2698
2,380191	0,2350
2,381060	0,1669
2,381929	0,0961
2,382798	-0,0031
2,383667	-0,0821
2,384536	-0,1694
2,385405	-0,2252
2,386274	-0,2963
2,387143	-0,3122
2,388012	-0,3317
2,388881	-0,3037
2,389750	-0,2792
2,390619	-0,2139
2,391488	-0,1553
2,392357	-0,0668
2,393226	0,0122
2,394095	0,1025
2,394964	0,1654
2,395833	0,2329
2,396702	0,2744
2,397571	0,2911
2,398440	0,2857
2,399309	0,2631
2,400178	0,2237
2,401047	0,1569
2,401916	0,0909
2,402785	-0,0018
2,403654	-0,0787
2,404523	-0,1617
2,405392	-0,2145
2,406261	-0,2808
2,407130	-0,3015
2,407999	-0,3168
2,408868	-0,2911
2,409737	-0,2673
2,410606	-0,2036
2,411475	-0,1559
2,412344	-0,0678
2,413213	0,0076
2,414082	0,0913
2,414951	0,1523
2,415820	0,2145
2,416689	0,2548
2,417558	0,2719
2,418427	0,2704
2,419296	0,2457
2,420165	0,2087
2,421034	0,1447
2,421903	0,0851
2,422772	-0,0027
2,423641	-0,0732
2,424510	-0,1532
2,425379	-0,2039
2,426248	-0,2704
2,427117	-0,2847
2,427986	-0,3040
2,428855	-0,2777
2,429724	-0,2561
2,430593	-0,1993
2,431462	-0,1444
2,432331	-0,0653
2,433200	0,0122
2,434069	0,0876
2,434938	0,1517
2,435807	0,2069
2,436676	0,2466
2,437545	0,2588
2,438414	0,2643
2,439283	0,2353
2,440152	0,2075
2,441021	0,1474
2,441890	0,0858
2,442759	-0,0034
2,443628	-0,0726
2,444497	-0,1498
2,445366	-0,1990
2,446235	-0,2606
2,447104	-0,2841
2,447973	-0,2954
2,448842	-0,2728
2,449711	-0,2432
2,450580	-0,1935
2,451449	-0,1373
2,452318	-0,0699
2,453187	0,0128
2,454056	0,0778
2,454925	0,1450
2,455794	0,1889
2,456663	0,2365
2,457532	0,2417
2,458401	0,2521
2,459270	0,2219
2,460139	0,1978
2,461008	0,1343
2,461877	0,0855
2,462746	0,0003
2,463615	-0,0668
2,464484	-0,1355
2,465353	-0,1898
2,466222	-0,2417
2,467091	-0,2722
2,467960	-0,2728
2,468829	-0,2655
2,469698	-0,2295
2,470567	-0,1907
2,471436	-0,1257
2,472305	-0,0714
2,473174	0,0143
2,474043	0,0720
2,474912	0,1413
2,475781	0,1840
2,476650	0,2338
2,477519	0,2405
2,478388	0,2411
2,479257	0,2197
2,480126	0,1880
2,480995	0,1389
2,481864	0,0714
2,482733	0,0031
2,483602	-0,0754
2,484471	-0,1297
2,485340	-0,1938
2,486209	-0,2332
2,487078	-0,2725
2,487947	-0,2695
2,488816	-0,2649
2,489685	-0,2246
2,490554	-0,1907
2,491423	-0,1288
2,492292	-0,0687
2,493161	0,0107
2,494030	0,0732
2,494899	0,1297
2,495768	0,1822
2,496637	0,2161
2,497506	0,2347
2,498375	0,2252
2,499244	0,2170
2,500113	0,1819
2,500982	0,1422
2,501851	0,0699
2,502720	0,0107
2,503589	-0,0690
2,504458	-0,1199
2,505327	-0,1810
2,506196	-0,2249
2,507065	-0,2539
2,507934	-0,2554
2,508803	-0,2475
2,509672	-0,2203
2,510541	-0,1785
2,511410	-0,1315
2,512279	-0,0601
2,513148	-0,0015
2,514017	0,0757
2,514886	0,1178
2,515755	0,1791
2,516624	0,2075
2,517493	0,2286
2,518362	0,2164
2,519231	0,2109
2,520100	0,1724
2,520969	0,1358
2,521838	0,0732
2,522707	0,0040
2,523576	-0,0632
2,524445	-0,1260
2,525314	-0,1724
2,526183	-0,2295
2,527052	-0,2466
2,527921	-0,2649
2,528790	-0,2405
2,529659	-0,2219
2,530528	-0,1721
2,531397	-0,1325
2,532266	-0,0604
2,533135	-0,0006
2,534004	0,0714
2,534873	0,1202
2,535742	0,1703
2,536611	0,2094
2,537480	0,2182
2,538349	0,2185
2,539218	0,1968
2,540087	0,1758
2,540956	0,1239
2,541825	0,0790
2,542694	0,0024
2,543563	-0,0519
2,544432	-0,1175
2,545301	-0,1621
2,546170	-0,2152
2,547039	-0,2371
2,547908	-0,2463
2,548777	-0,2362
2,549646	-0,2127
2,550515	-0,1779
2,551384	-0,1205
2,552253	-0,0705
2,553122	0,0046
2,553991	0,0571
2,554860	0,1184
2,555729	0,1575
2,556598	0,2057
2,557467	0,2103
2,558336	0,2152
2,559205	0,1941
2,560074	0,1651
2,560943	0,1297
2,561812	0,0745
2,562681	0,0079
2,563550	-0,0629
2,564419	-0,1120
2,565288	-0,1703
2,566157	-0,2084
2,567026	-0,2457
2,567895	-0,2396
2,568764	-0,2399
2,569633	-0,2081
2,570502	-0,1776
2,571371	-0,1181
2,572240	-0,0726
2,573109	0,0009
2,573978	0,0638
2,574847	0,1138
2,575716	0,1636
2,576585	0,1959
2,577454	0,2161
2,578323	0,2045
2,579192	0,2008
2,580061	0,1602
2,580930	0,1321
2,581799	0,0702
2,582668	0,0122
2,583537	-0,0574
2,584406	-0,1080
2,585275	-0,1596
2,586144	-0,2048
2,587013	-0,2301
2,587882	-0,2420
2,588751	-0,2316
2,589620	-0,2115
2,590489	-0,1691
2,591358	-0,1276
2,592227	-0,0604
2,593096	-0,0085
2,593965	0,0613
2,594834	0,1035
2,595703	0,1581
2,596572	0,1901
2,597441	0,2066
2,598310	0,2029
2,599179	0,1898
2,600048	0,1672
2,600917	0,1242
2,601786	0,0800
2,602655	0,0031
2,603524	-0,0516
2,604393	-0,1147
2,605262	-0,1538
2,606131	-0,2091
2,607000	-0,2258
2,607869	-0,2396
2,608738	-0,2240
2,609607	-0,2091
2,610476	-0,1663
2,611345	-0,1224
2,612214	-0,0702
2,613083	-0,0009
2,613952	0,0537
2,614821	0,1102
2,615690	0,1486
2,616559	0,1950
2,617428	0,1984
2,618297	0,2081
2,619166	0,1843
2,620035	0,1608
2,620904	0,1205
2,621773	0,0729
2,622642	0,0110
2,623511	-0,0522
2,624380	-0,1010
2,625249	-0,1535
2,626118	-0,1910
2,626987	-0,2255
2,627856	-0,2243
2,628725	-0,2237
2,629594	-0,1968
2,630463	-0,1721
2,631332	-0,1257
2,632201	-0,0754
2,633070	-0,0058
2,633939	0,0510
2,634808	0,0992
2,635677	0,1474
2,636546	0,1816
2,637415	0,2014
2,638284	0,1938
2,639153	0,1883
2,640022	0,1575
2,640891	0,1294
2,641760	0,0674
2,642629	0,0146
2,643498	-0,0568
2,644367	-0,1028
2,645236	-0,1550
2,646105	-0,1984
2,646974	-0,2243
2,647843	-0,2332
2,648712	-0,2182
2,649581	-0,2042
2,650450	-0,1621
2,651319	-0,1288
2,652188	-0,0635
2,653057	-0,0092
2,653926	0,0607
2,654795	0,1001
2,655664	0,1529
2,656533	0,1843
2,657402	0,2014
2,658271	0,1965
2,659140	0,1874
2,660009	0,1617
2,660878	0,1184
2,661747	0,0790
2,662616	0,0082
2,663485	-0,0455
2,664354	-0,1074
2,665223	-0,1447
2,666092	-0,1975
2,666961	-0,2167
2,667830	-0,2326
2,668699	-0,2185
2,669568	-0,1999
2,670437	-0,1630
2,671306	-0,1218
2,672175	-0,0726
2,673044	-0,0067
2,673913	0,0436
2,674782	0,0998
2,675651	0,1370
2,676520	0,1843
2,677389	0,1910
2,678258	0,1987
2,679127	0,1791
2,679996	0,1587
2,680865	0,1190
2,681734	0,0705
2,682603	0,0122
2,683472	-0,0522
2,684341	-0,0998
2,685210	-0,1532
2,686079	-0,1898
2,686948	-0,2246
2,687817	-0,2228
2,688686	-0,2243
2,689555	-0,1968
2,690424	-0,1700
2,691293	-0,1184
2,692162	-0,0708
2,693031	-0,0049
2,693900	0,0534
2,694769	0,0998
2,695638	0,1486
2,696507	0,1770
2,697376	0,2020
2,698245	0,1932
2,699114	0,1852
2,699983	0,1535
2,700852	0,1248
2,701721	0,0693
2,702590	0,0156
2,703459	-0,0519
2,704328	-0,0992
2,705197	-0,1474
2,706066	-0,1914
2,706935	-0,2139
2,707804	-0,2268
2,708673	-0,2127
2,709542	-0,1999
2,710411	-0,1569
2,711280	-0,1331
2,712149	-0,0656
2,713018	-0,0171
2,713887	0,0470
2,714756	0,0885
2,715625	0,1373
2,716494	0,1743
2,717363	0,1877
2,718232	0,1914
2,719101	0,1740
2,719970	0,1593
2,720839	0,1096
2,721708	0,0845
2,722577	0,0104
2,723446	-0,0409
2,724315	-0,1016
2,725184	-0,1404
2,726053	-0,1923
2,726922	-0,2133
2,727791	-0,2246
2,728660	-0,2167
2,729529	-0,1959
2,730398	-0,1654
2,731267	-0,1193
2,732136	-0,0739
2,733005	-0,0055
2,733874	0,0452
2,734743	0,1016
2,735612	0,1379
2,736481	0,1825
2,737350	0,1910
2,738219	0,1968
2,739088	0,1804
2,739957	0,1611
2,740826	0,1196
2,741695	0,0723
2,742564	0,0146
2,743433	-0,0519
2,744302	-0,0970
2,745171	-0,1508
2,746040	-0,1868
2,746909	-0,2252
2,747778	-0,2210
2,748647	-0,2219
2,749516	-0,1938
2,750385	-0,1645
2,751254	-0,1209
2,752123	-0,0699
2,752992	-0,0137
2,753861	0,0482
2,754730	0,0873
2,755599	0,1401
2,756468	0,1712
2,757337	0,1938
2,758206	0,1880
2,759075	0,1831
2,759944	0,1526
2,760813	0,1279
2,761682	0,0769
2,762551	0,0180
2,763420	-0,0430
2,764289	-0,0980
2,765158	-0,1395
