0,000869	-0,0156
0,001738	-0,0159
0,002607	-0,0159
0,003476	-0,0146
0,004345	-0,0153
0,005214	-0,0140
0,006083	-0,0153
0,006952	-0,0143
0,007821	-0,0140
0,008690	-0,0131
0,009559	-0,0153
0,010428	-0,0107
0,011297	-0,0113
0,012166	-0,0140
0,013035	-0,0153
0,013904	-0,0159
0,014773	-0,0153
0,015642	-0,0171
0,016511	-0,0146
0,017380	-0,0128
0,018249	-0,0119
0,019118	-0,0128
0,019987	-0,0156
0,020856	-0,0137
0,021725	-0,0150
0,022594	-0,0153
0,023463	-0,0153
0,024332	-0,0146
0,025201	-0,0143
0,026070	-0,0153
0,026939	-0,0156
0,027808	-0,0137
0,028677	-0,0128
0,029546	-0,0150
0,030415	-0,0168
0,031284	-0,0156
0,032153	-0,0150
0,033022	-0,0150
0,033891	-0,0146
0,034760	-0,0150
0,035629	-0,0177
0,036498	-0,0146
0,037367	-0,0156
0,038236	-0,0140
0,039105	-0,0156
0,039974	-0,0159
0,040843	-0,0214
0,041712	-0,0156
0,042581	-0,0159
0,043450	-0,0146
0,044319	-0,0146
0,045188	-0,0150
0,046057	-0,0159
0,046926	-0,0150
0,047795	-0,0156
0,048664	-0,0159
0,049533	-0,0131
0,050402	-0,0189
0,051271	-0,0177
0,052140	-0,0150
0,053009	-0,0143
0,053878	-0,0153
0,054747	-0,0156
0,055616	-0,0180
0,056485	-0,0150
0,057354	-0,0150
0,058223	-0,0156
0,059092	-0,0131
0,059961	-0,0119
0,060830	-0,0104
0,061699	-0,0159
0,062568	-0,0150
0,063437	-0,0150
0,064306	-0,0143
0,065175	-0,0146
0,066044	-0,0150
0,066913	-0,0162
0,067782	-0,0165
0,068651	-0,0159
0,069520	-0,0128
0,070389	-0,0150
0,071258	-0,0153
0,072127	-0,0150
0,072996	-0,0150
0,073865	-0,0137
0,074734	-0,0153
0,075603	-0,0177
0,076472	-0,0143
0,077341	-0,0140
0,078210	-0,0153
0,079079	-0,0140
0,079948	-0,0165
0,080817	-0,0156
0,081686	-0,0153
0,082555	-0,0159
0,083424	-0,0156
0,084293	-0,0156
0,085162	-0,0150
0,086031	-0,0137
0,086900	-0,0162
0,087769	-0,0150
0,088638	-0,0156
0,089507	-0,0128
0,090376	-0,0189
0,091245	-0,0119
0,092114	-0,0150
0,092983	-0,0156
0,093852	-0,0159
0,094721	-0,0153
0,095590	-0,0208
0,096459	-0,0156
0,097328	-0,0156
0,098197	-0,0143
0,099066	-0,0156
0,099935	-0,0107
0,100804	-0,0162
0,101673	-0,0156
0,102542	-0,0150
0,103411	-0,0153
0,104280	-0,0150
0,105149	-0,0146
0,106018	-0,0168
0,106887	-0,0119
0,107756	-0,0159
0,108625	-0,0125
0,109494	-0,0186
0,110363	-0,0150
0,111232	-0,0162
0,112101	-0,0150
0,112970	-0,0150
0,113839	-0,0146
0,114708	-0,0146
0,115577	-0,0195
0,116446	-0,0150
0,117315	-0,0116
0,118184	-0,0150
0,119053	-0,0134
0,119922	-0,0143
0,120791	-0,0143
0,121660	-0,0159
0,122529	-0,0153
0,123398	-0,0150
0,124267	-0,0150
0,125136	-0,0153
0,126005	-0,0156
0,126874	-0,0137
0,127743	-0,0168
0,128612	-0,0153
0,129481	-0,0125
0,130350	-0,0150
0,131219	-0,0150
0,132088	-0,0162
0,132957	-0,0153
0,133826	-0,0150
0,134695	-0,0159
0,135564	-0,0171
0,136433	-0,0143
0,137302	-0,0153
0,138171	-0,0128
0,139040	-0,0140
0,139909	-0,0146
0,140778	-0,0165
0,141647	-0,0153
0,142516	-0,0153
0,143385	-0,0150
0,144254	-0,0150
0,145123	-0,0146
0,145992	-0,0150
0,146861	-0,0159
0,147730	-0,0140
0,148599	-0,0159
0,149468	-0,0122
0,150337	-0,0174
0,151206	-0,0119
0,152075	-0,0153
0,152944	-0,0150
0,153813	-0,0153
0,154682	-0,0150
0,155551	-0,0171
0,156420	-0,0146
0,157289	-0,0156
0,158158	-0,0143
0,159027	-0,0150
0,159896	-0,0189
0,160765	-0,0125
0,161634	-0,0162
0,162503	-0,0159
0,163372	-0,0143
0,164241	-0,0153
0,165110	-0,0150
0,165979	-0,0146
0,166848	-0,0150
0,167717	-0,0150
0,168586	-0,0140
0,169455	-0,0156
0,170324	-0,0171
0,171193	-0,0143
0,172062	-0,0156
0,172931	-0,0153
0,173800	-0,0159
0,174669	-0,0159
0,175538	-0,0162
0,176407	-0,0143
0,177276	-0,0153
0,178145	-0,0143
0,179014	-0,0165
0,179883	-0,0140
0,180752	-0,0150
0,181621	-0,0159
0,182490	-0,0146
0,183359	-0,0153
0,184228	-0,0153
0,185097	-0,0143
0,185966	-0,0143
0,186835	-0,0150
0,187704	-0,0162
0,188573	-0,0156
0,189442	-0,0146
0,190311	-0,0146
0,191180	-0,0162
0,192049	-0,0159
0,192918	-0,0153
0,193787	-0,0153
0,194656	-0,0153
0,195525	-0,0156
0,196394	-0,0156
0,197263	-0,0140
0,198132	-0,0137
0,199001	-0,0131
0,199870	-0,0150
0,200739	-0,0180
0,201608	-0,0156
0,202477	-0,0159
0,203346	-0,0153
0,204215	-0,0153
0,205084	-0,0159
0,205953	-0,0156
0,206822	-0,0146
0,207691	-0,0150
0,208560	-0,0156
0,209429	-0,0162
0,210298	-0,0122
0,211167	-0,0156
0,212036	-0,0150
0,212905	-0,0146
0,213774	-0,0156
0,214643	-0,0162
0,215512	-0,0177
0,216381	-0,0150
0,217250	-0,0183
0,218119	-0,0150
0,218988	-0,0150
0,219857	-0,0140
0,220726	-0,0122
0,221595	-0,0146
0,222464	-0,0153
0,223333	-0,0150
0,224202	-0,0153
0,225071	-0,0143
0,225940	-0,0143
0,226809	-0,0156
0,227678	-0,0153
0,228547	-0,0177
0,229416	-0,0131
0,230285	-0,0082
0,231154	-0,0137
0,232023	-0,0153
0,232892	-0,0156
0,233761	-0,0140
0,234630	-0,0143
0,235499	-0,0180
0,236368	-0,0134
0,237237	-0,0174
0,238106	-0,0143
0,238975	-0,0150
0,239844	-0,0128
0,240713	-0,0159
0,241582	-0,0153
0,242451	-0,0153
0,243320	-0,0143
0,244189	-0,0146
0,245058	-0,0143
0,245927	-0,0146
0,246796	-0,0153
0,247665	-0,0122
0,248534	-0,0153
0,249403	-0,0195
0,250272	-0,0146
0,251141	-0,0122
0,252010	-0,0150
0,252879	-0,0153
0,253748	-0,0153
0,254617	-0,0156
0,255486	-0,0174
0,256355	-0,0134
0,257224	-0,0140
0,258093	-0,0122
0,258962	-0,0186
0,259831	-0,0131
0,260700	-0,0192
0,261569	-0,0159
0,262438	-0,0150
0,263307	-0,0150
0,264176	-0,0150
0,265045	-0,0146
0,265914	-0,0146
0,266783	-0,0156
0,267652	-0,0156
0,268521	-0,0159
0,269390	-0,0119
0,270259	-0,0208
0,271128	-0,0125
0,271997	-0,0153
0,272866	-0,0150
0,273735	-0,0150
0,274604	-0,0153
0,275473	-0,0153
0,276342	-0,0137
0,277211	-0,0159
0,278080	-0,0177
0,278949	-0,0183
0,279818	-0,0186
0,280687	-0,0195
0,281556	-0,0153
0,282425	-0,0159
0,283294	-0,0156
0,284163	-0,0153
0,285032	-0,0146
0,285901	-0,0153
0,286770	-0,0153
0,287639	-0,0156
0,288508	-0,0150
0,289377	-0,0168
0,290246	-0,0168
0,291115	-0,0180
0,291984	-0,0153
0,292853	-0,0146
0,293722	-0,0146
0,294591	-0,0150
0,295460	-0,0165
0,296329	-0,0125
0,297198	-0,0156
0,298067	-0,0140
0,298936	-0,0131
0,299805	-0,0146
0,300674	-0,0150
0,301543	-0,0140
0,302412	-0,0146
0,303281	-0,0150
0,304150	-0,0150
0,305019	-0,0150
0,305888	-0,0156
0,306757	-0,0153
0,307626	-0,0165
0,308495	-0,0159
0,309364	-0,0143
0,310233	-0,0150
0,311102	-0,0150
0,311971	-0,0159
0,312840	-0,0146
0,313709	-0,0146
0,314578	-0,0146
0,315447	-0,0201
0,316316	-0,0171
0,317185	-0,0159
0,318054	-0,0156
0,318923	-0,0095
0,319792	-0,0143
0,320661	-0,0125
0,321530	-0,0159
0,322399	-0,0156
0,323268	-0,0153
0,324137	-0,0153
0,325006	-0,0143
0,325875	-0,0116
0,326744	-0,0165
0,327613	-0,0150
0,328482	-0,0153
0,329351	-0,0174
0,330220	-0,0125
0,331089	-0,0140
0,331958	-0,0174
0,332827	-0,0153
0,333696	-0,0156
0,334565	-0,0159
0,335434	-0,0189
0,336303	-0,0153
0,337172	-0,0143
0,338041	-0,0150
0,338910	-0,0140
0,339779	-0,0159
0,340648	-0,0198
0,341517	-0,0150
0,342386	-0,0153
0,343255	-0,0156
0,344124	-0,0153
0,344993	-0,0143
0,345862	-0,0165
0,346731	-0,0183
0,347600	-0,0150
0,348469	-0,0159
0,349338	-0,0140
0,350207	-0,0159
0,351076	-0,0165
0,351945	-0,0137
0,352814	-0,0143
0,353683	-0,0150
0,354552	-0,0146
0,355421	-0,0177
0,356290	-0,0137
0,357159	-0,0165
0,358028	-0,0159
0,358897	-0,0140
0,359766	-0,0156
0,360635	-0,0177
0,361504	-0,0156
0,362373	-0,0153
0,363242	-0,0153
0,364111	-0,0153
0,364980	-0,0143
0,365849	-0,0146
0,366718	-0,0122
0,367587	-0,0165
0,368456	-0,0156
0,369325	-0,0186
0,370194	-0,0137
0,371063	-0,0171
0,371932	-0,0153
0,372801	-0,0150
0,373670	-0,0162
0,374539	-0,0150
0,375408	-0,0168
0,376277	-0,0171
0,377146	-0,0156
0,378015	-0,0128
0,378884	-0,0162
0,379753	-0,0162
0,380622	-0,0122
0,381491	-0,0131
0,382360	-0,0150
0,383229	-0,0150
0,384098	-0,0153
0,384967	-0,0140
0,385836	-0,0146
0,386705	-0,0153
0,387574	-0,0177
0,388443	-0,0153
0,389312	-0,0201
0,390181	-0,0165
0,391050	-0,0146
0,391919	-0,0143
0,392788	-0,0156
0,393657	-0,0153
0,394526	-0,0153
0,395395	-0,0171
0,396264	-0,0143
0,397133	-0,0162
0,398002	-0,0162
0,398871	-0,0140
0,399740	-0,0113
0,400609	-0,0107
0,401478	-0,0153
0,402347	-0,0153
0,403216	-0,0153
0,404085	-0,0150
0,404954	-0,0150
0,405823	-0,0153
0,406692	-0,0153
0,407561	-0,0150
0,408430	-0,0128
0,409299	-0,0131
0,410168	-0,0150
0,411037	-0,0095
0,411906	-0,0150
0,412775	-0,0153
0,413644	-0,0156
0,414513	-0,0153
0,415382	-0,0150
0,416251	-0,0143
0,417120	-0,0128
0,417989	-0,0159
0,418858	-0,0162
0,419727	-0,0137
0,420596	-0,0146
0,421465	-0,0156
0,422334	-0,0150
0,423203	-0,0150
0,424072	-0,0156
0,424941	-0,0150
0,425810	-0,0125
0,426679	-0,0162
0,427548	-0,0156
0,428417	-0,0156
0,429286	-0,0192
0,430155	-0,0153
0,431024	-0,0122
0,431893	-0,0146
0,432762	-0,0140
0,433631	-0,0146
0,434500	-0,0143
0,435369	-0,0159
0,436238	-0,0159
0,437107	-0,0140
0,437976	-0,0156
0,438845	-0,0177
0,439714	-0,0153
0,440583	-0,0143
0,441452	-0,0168
0,442321	-0,0156
0,443190	-0,0150
0,444059	-0,0146
0,444928	-0,0150
0,445797	-0,0134
0,446666	-0,0140
0,447535	-0,0146
0,448404	-0,0153
0,449273	-0,0140
0,450142	-0,0131
0,451011	-0,0140
0,451880	-0,0134
0,452749	-0,0150
0,453618	-0,0150
0,454487	-0,0153
0,455356	-0,0174
0,456225	-0,0177
0,457094	-0,0140
0,457963	-0,0146
0,458832	-0,0146
0,459701	-0,0162
0,460570	-0,0162
0,461439	-0,0125
0,462308	-0,0153
0,463177	-0,0146
0,464046	-0,0146
0,464915	-0,0146
0,465784	-0,0165
0,466653	-0,0162
0,467522	-0,0168
0,468391	-0,0156
0,469260	-0,0162
0,470129	-0,0168
0,470998	-0,0165
0,471867	-0,0146
0,472736	-0,0150
0,473605	-0,0156
0,474474	-0,0153
0,475343	-0,0153
0,476212	-0,0189
0,477081	-0,0171
0,477950	-0,0128
0,478819	-0,0128
0,479688	-0,0128
0,480557	-0,0171
0,481426	-0,0159
0,482295	-0,0159
0,483164	-0,0150
0,484033	-0,0150
0,484902	-0,0156
0,485771	-0,0131
0,486640	-0,0150
0,487509	-0,0156
0,488378	-0,0146
0,489247	-0,0134
0,490116	-0,0140
0,490985	-0,0146
0,491854	-0,0153
0,492723	-0,0159
0,493592	-0,0153
0,494461	-0,0159
0,495330	-0,0162
0,496199	-0,0153
0,497068	-0,0122
0,497937	-0,0134
0,498806	-0,0095
0,499675	-0,0110
0,500544	-0,0146
0,501413	-0,0150
0,502282	-0,0150
0,503151	-0,0146
0,504020	-0,0153
0,504889	-0,0153
0,505758	-0,0128
0,506627	-0,0156
0,507496	-0,0156
0,508365	-0,0159
0,509234	-0,0150
0,510103	-0,0098
0,510972	-0,0165
0,511841	-0,0159
0,512710	-0,0150
0,513579	-0,0153
0,514448	-0,0150
0,515317	-0,0143
0,516186	-0,0159
0,517055	-0,0153
0,517924	-0,0143
0,518793	-0,0159
0,519662	-0,0122
0,520531	-0,0146
0,521400	-0,0128
0,522269	-0,0162
0,523138	-0,0150
0,524007	-0,0153
0,524876	-0,0143
0,525745	-0,0122
0,526614	-0,0140
0,527483	-0,0137
0,528352	-0,0159
0,529221	-0,0150
0,530090	-0,0134
0,530959	-0,0137
0,531828	-0,0146
0,532697	-0,0153
0,533566	-0,0156
0,534435	-0,0159
0,535304	-0,0156
0,536173	-0,0153
0,537042	-0,0159
0,537911	-0,0137
0,538780	-0,0153
0,539649	-0,0174
0,540518	-0,0162
0,541387	-0,0153
0,542256	-0,0146
0,543125	-0,0153
0,543994	-0,0156
0,544863	-0,0153
0,545732	-0,0134
0,546601	-0,0162
0,547470	-0,0153
0,548339	-0,0162
0,549208	-0,0183
0,550077	-0,0107
0,550946	-0,0156
0,551815	-0,0150
0,552684	-0,0150
0,553553	-0,0150
0,554422	-0,0159
0,555291	-0,0134
0,556160	-0,0137
0,557029	-0,0156
0,557898	-0,0140
0,558767	-0,0159
0,559636	-0,0134
0,560505	-0,0101
0,561374	-0,0168
0,562243	-0,0156
0,563112	-0,0162
0,563981	-0,0156
0,564850	-0,0150
0,565719	-0,0153
0,566588	-0,0150
0,567457	-0,0143
0,568326	-0,0143
0,569195	-0,0131
0,570064	-0,0192
0,570933	-0,0131
0,571802	-0,0156
0,572671	-0,0156
0,573540	-0,0153
0,574409	-0,0156
0,575278	-0,0168
0,576147	-0,0159
0,577016	-0,0140
0,577885	-0,0131
0,578754	-0,0146
0,579623	-0,0162
0,580492	-0,0156
0,581361	-0,0140
0,582230	-0,0150
0,583099	-0,0146
0,583968	-0,0153
0,584837	-0,0140
0,585706	-0,0128
0,586575	-0,0162
0,587444	-0,0153
0,588313	-0,0156
0,589182	-0,0134
0,590051	-0,0150
0,590920	-0,0162
0,591789	-0,0137
0,592658	-0,0156
0,593527	-0,0150
0,594396	-0,0153
0,595265	-0,0156
0,596134	-0,0125
0,597003	-0,0134
0,597872	-0,0153
0,598741	-0,0153
0,599610	-0,0140
0,600479	-0,0159
0,601348	-0,0143
0,602217	-0,0162
0,603086	-0,0153
0,603955	-0,0150
0,604824	-0,0143
0,605693	-0,0137
0,606562	-0,0137
0,607431	-0,0146
0,608300	-0,0150
0,609169	-0,0162
0,610038	-0,0217
0,610907	-0,0168
0,611776	-0,0146
0,612645	-0,0140
0,613514	-0,0153
0,614383	-0,0150
0,615252	-0,0159
0,616121	-0,0162
0,616990	-0,0159
0,617859	-0,0146
0,618728	-0,0146
0,619597	-0,0165
0,620466	-0,0143
0,621335	-0,0168
0,622204	-0,0150
0,623073	-0,0143
0,623942	-0,0153
0,624811	-0,0153
0,625680	-0,0119
0,626549	-0,0137
0,627418	-0,0174
0,628287	-0,0159
0,629156	-0,0159
0,630025	-0,0134
0,630894	-0,0113
0,631763	-0,0153
0,632632	-0,0140
0,633501	-0,0150
0,634370	-0,0150
0,635239	-0,0153
0,636108	-0,0140
0,636977	-0,0150
0,637846	-0,0125
0,638715	-0,0128
0,639584	-0,0134
0,640453	-0,0168
0,641322	-0,0220
0,642191	-0,0159
0,643060	-0,0146
0,643929	-0,0153
0,644798	-0,0146
0,645667	-0,0134
0,646536	-0,0165
0,647405	-0,0159
0,648274	-0,0180
0,649143	-0,0153
0,650012	-0,0137
0,650881	-0,0119
0,651750	-0,0153
0,652619	-0,0153
0,653488	-0,0156
0,654357	-0,0156
0,655226	-0,0159
0,656095	-0,0150
0,656964	-0,0134
0,657833	-0,0143
0,658702	-0,0195
0,659571	-0,0137
0,660440	-0,0128
0,661309	-0,0186
0,662178	-0,0150
0,663047	-0,0143
0,663916	-0,0150
0,664785	-0,0146
0,665654	-0,0137
0,666523	-0,0143
0,667392	-0,0168
0,668261	-0,0143
0,669130	-0,0140
0,669999	-0,0128
0,670868	-0,0177
0,671737	-0,0146
0,672606	-0,0150
0,673475	-0,0153
0,674344	-0,0153
0,675213	-0,0150
0,676082	-0,0159
0,676951	-0,0143
0,677820	-0,0134
0,678689	-0,0180
0,679558	-0,0177
0,680427	-0,0146
0,681296	-0,0116
0,682165	-0,0168
0,683034	-0,0150
0,683903	-0,0156
0,684772	-0,0150
0,685641	-0,0113
0,686510	-0,0150
0,687379	-0,0140
0,688248	-0,0153
0,689117	-0,0162
0,689986	-0,0211
0,690855	-0,0125
0,691724	-0,0165
0,692593	-0,0143
0,693462	-0,0153
0,694331	-0,0159
0,695200	-0,0159
0,696069	-0,0204
0,696938	-0,0137
0,697807	-0,0140
0,698676	-0,0140
0,699545	-0,0192
0,700414	-0,0146
0,701283	-0,0204
0,702152	-0,0153
0,703021	-0,0140
0,703890	-0,0150
0,704759	-0,0153
0,705628	-0,0116
0,706497	-0,0177
0,707366	-0,0143
0,708235	-0,0159
0,709104	-0,0146
0,709973	-0,0186
0,710842	-0,0137
0,711711	-0,0150
0,712580	-0,0159
0,713449	-0,0153
0,714318	-0,0150
0,715187	-0,0150
0,716056	-0,0159
0,716925	-0,0162
0,717794	-0,0146
0,718663	-0,0156
0,719532	-0,0137
0,720401	-0,0165
0,721270	-0,0131
0,722139	-0,0156
0,723008	-0,0162
0,723877	-0,0156
0,724746	-0,0146
0,725615	-0,0137
0,726484	-0,0168
0,727353	-0,0159
0,728222	-0,0153
0,729091	-0,0143
0,729960	-0,0165
0,730829	-0,0131
0,731698	-0,0146
0,732567	-0,0159
0,733436	-0,0162
0,734305	-0,0153
0,735174	-0,0162
0,736043	-0,0156
0,736912	-0,0153
0,737781	-0,0137
0,738650	-0,0150
0,739519	-0,0137
0,740388	-0,0156
0,741257	-0,0150
0,742126	-0,0146
0,742995	-0,0143
0,743864	-0,0159
0,744733	-0,0146
0,745602	-0,0131
0,746471	-0,0162
0,747340	-0,0168
0,748209	-0,0162
0,749078	-0,0165
0,749947	-0,0156
0,750816	-0,0162
0,751685	-0,0156
0,752554	-0,0150
0,753423	-0,0146
0,754292	-0,0162
0,755161	-0,0143
0,756030	-0,0153
0,756899	-0,0137
0,757768	-0,0140
0,758637	-0,0150
0,759506	-0,0137
0,760375	-0,0153
0,761244	-0,0122
0,762113	-0,0156
0,762982	-0,0153
0,763851	-0,0153
0,764720	-0,0153
0,765589	-0,0140
0,766458	-0,0156
0,767327	-0,0143
0,768196	-0,0153
0,769065	-0,0134
0,769934	-0,0137
0,770803	-0,0146
0,771672	-0,0146
0,772541	-0,0146
0,773410	-0,0156
0,774279	-0,0159
0,775148	-0,0156
0,776017	-0,0168
0,776886	-0,0159
0,777755	-0,0159
0,778624	-0,0131
0,779493	-0,0180
0,780362	-0,0156
0,781231	-0,0122
0,782100	-0,0150
0,782969	-0,0153
0,783838	-0,0153
0,784707	-0,0146
0,785576	-0,0143
0,786445	-0,0156
0,787314	-0,0159
0,788183	-0,0101
0,789052	-0,0174
0,789921	-0,0159
0,790790	-0,0150
0,791659	-0,0146
0,792528	-0,0156
0,793397	-0,0150
0,794266	-0,0153
0,795135	-0,0137
0,796004	-0,0137
0,796873	-0,0140
0,797742	-0,0137
0,798611	-0,0159
0,799480	-0,0146
0,800349	-0,0153
0,801218	-0,0165
0,802087	-0,0156
0,802956	-0,0159
0,803825	-0,0156
0,804694	-0,0150
0,805563	-0,0116
0,806432	-0,0146
0,807301	-0,0153
0,808170	-0,0165
0,809039	-0,0162
0,809908	-0,0183
0,810777	-0,0119
0,811646	-0,0204
0,812515	-0,0150
0,813384	-0,0165
0,814253	-0,0159
0,815122	-0,0159
0,815991	-0,0128
0,816860	-0,0128
0,817729	-0,0153
0,818598	-0,0140
0,819467	-0,0125
0,820336	-0,0134
0,821205	-0,0125
0,822074	-0,0150
0,822943	-0,0150
0,823812	-0,0153
0,824681	-0,0156
0,825550	-0,0119
0,826419	-0,0165
0,827288	-0,0174
0,828157	-0,0159
0,829026	-0,0189
0,829895	-0,0134
0,830764	-0,0119
0,831633	-0,0156
0,832502	-0,0146
0,833371	-0,0153
0,834240	-0,0146
0,835109	-0,0153
0,835978	-0,0131
0,836847	-0,0174
0,837716	-0,0146
0,838585	-0,0134
0,839454	-0,0125
0,840323	-0,0143
0,841192	-0,0177
0,842061	-0,0165
0,842930	-0,0150
0,843799	-0,0153
0,844668	-0,0153
0,845537	-0,0140
0,846406	-0,0137
0,847275	-0,0156
0,848144	-0,0153
0,849013	-0,0134
0,849882	-0,0162
0,850751	-0,0198
0,851620	-0,0143
0,852489	-0,0153
0,853358	-0,0159
0,854227	-0,0156
0,855096	-0,0156
0,855965	-0,0146
0,856834	-0,0156
0,857703	-0,0140
0,858572	-0,0150
0,859441	-0,0208
0,860310	-0,0146
0,861179	-0,0162
0,862048	-0,0153
0,862917	-0,0150
0,863786	-0,0143
0,864655	-0,0153
0,865524	-0,0134
0,866393	-0,0153
0,867262	-0,0156
0,868131	-0,0162
0,869000	-0,0201
0,869869	-0,0183
0,870738	-0,0177
0,871607	-0,0140
0,872476	-0,0156
0,873345	-0,0153
0,874214	-0,0153
0,875083	-0,0153
0,875952	-0,0162
0,876821	-0,0159
0,877690	-0,0137
0,878559	-0,0140
0,879428	-0,0122
0,880297	-0,0159
0,881166	-0,0201
0,882035	-0,0162
0,882904	-0,0153
0,883773	-0,0153
0,884642	-0,0153
0,885511	-0,0140
0,886380	-0,0128
0,887249	-0,0153
0,888118	-0,0156
0,888987	-0,0162
0,889856	-0,0156
0,890725	-0,0113
0,891594	-0,0153
0,892463	-0,0150
0,893332	-0,0156
0,894201	-0,0156
0,895070	-0,0156
0,895939	-0,0150
0,896808	-0,0146
0,897677	-0,0168
0,898546	-0,0156
0,899415	-0,0140
0,900284	-0,0140
0,901153	-0,0165
0,902022	-0,0146
0,902891	-0,0150
0,903760	-0,0150
0,904629	-0,0143
0,905498	-0,0140
0,906367	-0,0150
0,907236	-0,0153
0,908105	-0,0125
0,908974	-0,0189
0,909843	-0,0214
0,910712	-0,0153
0,911581	-0,0168
0,912450	-0,0153
0,913319	-0,0146
0,914188	-0,0143
0,915057	-0,0143
0,915926	-0,0171
0,916795	-0,0146
0,917664	-0,0177
0,918533	-0,0146
0,919402	-0,0159
0,920271	-0,0153
0,921140	-0,0159
0,922009	-0,0156
0,922878	-0,0153
0,923747	-0,0153
0,924616	-0,0150
0,925485	-0,0113
0,926354	-0,0162
0,927223	-0,0153
0,928092	-0,0140
0,928961	-0,0153
0,929830	-0,0174
0,930699	-0,0104
0,931568	-0,0146
0,932437	-0,0153
0,933306	-0,0150
0,934175	-0,0153
0,935044	-0,0156
0,935913	-0,0156
0,936782	-0,0165
0,937651	-0,0156
0,938520	-0,0156
0,939389	-0,0113
0,940258	-0,0171
0,941127	-0,0177
0,941996	-0,0150
0,942865	-0,0150
0,943734	-0,0156
0,944603	-0,0153
0,945472	-0,0174
0,946341	-0,0153
0,947210	-0,0150
0,948079	-0,0162
0,948948	-0,0150
0,949817	-0,0171
0,950686	-0,0128
0,951555	-0,0165
0,952424	-0,0143
0,953293	-0,0146
0,954162	-0,0153
0,955031	-0,0153
0,955900	-0,0159
0,956769	-0,0131
0,957638	-0,0146
0,958507	-0,0143
0,959376	-0,0140
0,960245	-0,0171
0,961114	-0,0128
0,961983	-0,0150
0,962852	-0,0150
0,963721	-0,0146
0,964590	-0,0150
0,965459	-0,0140
0,966328	-0,0143
0,967197	-0,0162
0,968066	-0,0150
0,968935	-0,0162
0,969804	-0,0162
0,970673	-0,0153
0,971542	-0,0153
0,972411	-0,0153
0,973280	-0,0156
0,974149	-0,0156
0,975018	-0,0150
0,975887	-0,0168
0,976756	-0,0143
0,977625	-0,0134
0,978494	-0,0143
0,979363	-0,0137
0,980232	-0,0101
0,981101	-0,0165
0,981970	-0,0143
0,982839	-0,0146
0,983708	-0,0156
0,984577	-0,0150
0,985446	-0,0150
0,986315	-0,0150
0,987184	-0,0125
0,988053	-0,0150
0,988922	-0,0159
0,989791	-0,0153
0,990660	-0,0168
0,991529	-0,0113
0,992398	-0,0156
0,993267	-0,0140
0,994136	-0,0150
0,995005	-0,0146
0,995874	-0,0177
0,996743	-0,0150
0,997612	-0,0116
0,998481	-0,0153
0,999350	-0,0137
1,000219	-0,0143
1,001088	-0,0128
1,001957	-0,0162
1,002826	-0,0150
1,003695	-0,0150
1,004564	-0,0150
1,005433	-0,0146
1,006302	-0,0150
1,007171	-0,0119
1,008040	-0,0162
1,008909	-0,0159
1,009778	-0,0153
1,010647	-0,0159
1,011516	-0,0137
1,012385	-0,0143
1,013254	-0,0153
1,014123	-0,0165
1,014992	-0,0159
1,015861	-0,0168
1,016730	-0,0159
1,017599	-0,0143
1,018468	-0,0134
1,019337	-0,0146
1,020206	-0,0113
1,021075	-0,0128
1,021944	-0,0150
1,022813	-0,0146
1,023682	-0,0153
1,024551	-0,0159
1,025420	-0,0143
1,026289	-0,0150
1,027158	-0,0165
1,028027	-0,0165
1,028896	-0,0162
1,029765	-0,0171
1,030634	-0,0067
1,031503	-0,0143
1,032372	-0,0146
1,033241	-0,0140
1,034110	-0,0153
1,034979	-0,0153
1,035848	-0,0171
1,036717	-0,0156
1,037586	-0,0159
1,038455	-0,0134
1,039324	-0,0131
1,040193	-0,0168
1,041062	-0,0143
1,041931	-0,0156
1,042800	-0,0153
1,043669	-0,0143
1,044538	-0,0150
1,045407	-0,0153
1,046276	-0,0153
1,047145	-0,0146
1,048014	-0,0131
1,048883	-0,0165
1,049752	-0,0153
1,050621	-0,0110
1,051490	-0,0162
1,052359	-0,0150
1,053228	-0,0153
1,054097	-0,0156
1,054966	-0,0146
1,055835	-0,0177
1,056704	-0,0153
1,057573	-0,0140
1,058442	-0,0165
1,059311	-0,0146
1,060180	-0,0159
1,061049	-0,0143
1,061918	-0,0153
1,062787	-0,0153
1,063656	-0,0146
1,064525	-0,0150
1,065394	-0,0146
1,066263	-0,0150
1,067132	-0,0156
1,068001	-0,0171
1,068870	-0,0134
1,069739	-0,0113
1,070608	-0,0150
1,071477	-0,0146
1,072346	-0,0150
1,073215	-0,0143
1,074084	-0,0150
1,074953	-0,0153
1,075822	-0,0211
1,076691	-0,0143
1,077560	-0,0143
1,078429	-0,0162
1,079298	-0,0119
1,080167	-0,0146
1,081036	-0,0165
1,081905	-0,0162
1,082774	-0,0165
1,083643	-0,0153
1,084512	-0,0153
1,085381	-0,0150
1,086250	-0,0174
1,087119	-0,0137
1,087988	-0,0137
1,088857	-0,0153
1,089726	-0,0162
1,090595	-0,0174
1,091464	-0,0174
1,092333	-0,0143
1,093202	-0,0153
1,094071	-0,0156
1,094940	-0,0162
1,095809	-0,0208
1,096678	-0,0159
1,097547	-0,0146
1,098416	-0,0150
1,099285	-0,0156
1,100154	-0,0150
1,101023	-0,0143
1,101892	-0,0134
1,102761	-0,0150
1,103630	-0,0150
1,104499	-0,0140
1,105368	-0,0153
1,106237	-0,0137
1,107106	-0,0128
1,107975	-0,0162
1,108844	-0,0134
1,109713	-0,0140
1,110582	-0,0150
1,111451	-0,0134
1,112320	-0,0153
1,113189	-0,0153
1,114058	-0,0153
1,114927	-0,0150
1,115796	-0,0165
1,116665	-0,0143
1,117534	-0,0122
1,118403	-0,0162
1,119272	-0,0183
1,120141	-0,0186
1,121010	-0,0143
1,121879	-0,0156
1,122748	-0,0153
1,123617	-0,0146
1,124486	-0,0140
1,125355	-0,0140
1,126224	-0,0143
1,127093	-0,0159
1,127962	-0,0153
1,128831	-0,0137
1,129700	-0,0150
1,130569	-0,0140
1,131438	-0,0156
1,132307	-0,0153
1,133176	-0,0153
1,134045	-0,0159
1,134914	-0,0153
1,135783	-0,0162
1,136652	-0,0186
1,137521	-0,0168
1,138390	-0,0162
1,139259	-0,0113
1,140128	-0,0168
1,140997	-0,0162
1,141866	-0,0140
1,142735	-0,0150
1,143604	-0,0143
1,144473	-0,0150
1,145342	-0,0153
1,146211	-0,0156
1,147080	-0,0165
1,147949	-0,0125
1,148818	-0,0162
1,149687	-0,0159
1,150556	-0,0171
1,151425	-0,0131
1,152294	-0,0143
1,153163	-0,0150
1,154032	-0,0156
1,154901	-0,0153
1,155770	-0,0140
1,156639	-0,0143
1,157508	-0,0159
1,158377	-0,0159
1,159246	-0,0204
1,160115	-0,0140
1,160984	-0,0183
1,161853	-0,0156
1,162722	-0,0156
1,163591	-0,0150
1,164460	-0,0156
1,165329	-0,0156
1,166198	-0,0150
1,167067	-0,0156
1,167936	-0,0153
1,168805	-0,0153
1,169674	-0,0143
1,170543	-0,0140
1,171412	-0,0137
1,172281	-0,0146
1,173150	-0,0150
1,174019	-0,0153
1,174888	-0,0143
1,175757	-0,0150
1,176626	-0,0156
1,177495	-0,0153
1,178364	-0,0162
1,179233	-0,0137
1,180102	-0,0131
1,180971	-0,0168
1,181840	-0,0150
1,182709	-0,0153
1,183578	-0,0153
1,184447	-0,0150
1,185316	-0,0146
1,186185	-0,0143
1,187054	-0,0159
1,187923	-0,0159
1,188792	-0,0165
1,189661	-0,0174
1,190530	-0,0171
1,191399	-0,0146
1,192268	-0,0150
1,193137	-0,0150
1,194006	-0,0156
1,194875	-0,0150
1,195744	-0,0159
1,196613	-0,0140
1,197482	-0,0143
1,198351	-0,0140
1,199220	-0,0137
1,200089	-0,0195
1,200958	-0,0204
1,201827	-0,0153
1,202696	-0,0153
1,203565	-0,0150
1,204434	-0,0150
1,205303	-0,0153
1,206172	-0,0137
1,207041	-0,0137
1,207910	-0,0156
1,208779	-0,0156
1,209648	-0,0168
1,210517	-0,0156
1,211386	-0,0162
1,212255	-0,0150
1,213124	-0,0153
1,213993	-0,0159
1,214862	-0,0159
1,215731	-0,0159
1,216600	-0,0146
1,217469	-0,0137
1,218338	-0,0162
1,219207	-0,0153
1,220076	-0,0156
1,220945	-0,0150
1,221814	-0,0146
1,222683	-0,0150
1,223552	-0,0150
1,224421	-0,0153
1,225290	-0,0150
1,226159	-0,0119
1,227028	-0,0153
1,227897	-0,0159
1,228766	-0,0159
1,229635	-0,0208
1,230504	-0,0168
1,231373	-0,0162
1,232242	-0,0153
1,233111	-0,0150
1,233980	-0,0146
1,234849	-0,0153
1,235718	-0,0156
1,236587	-0,0134
1,237456	-0,0122
1,238325	-0,0153
1,239194	-0,0180
1,240063	-0,0183
1,240932	-0,0177
1,241801	-0,0156
1,242670	-0,0146
1,243539	-0,0150
1,244408	-0,0150
1,245277	-0,0153
1,246146	-0,0159
1,247015	-0,0143
1,247884	-0,0156
1,248753	-0,0153
1,249622	-0,0140
1,250491	-0,0116
1,251360	-0,0125
1,252229	-0,0150
1,253098	-0,0156
1,253967	-0,0162
1,254836	-0,0156
1,255705	-0,0165
1,256574	-0,0162
1,257443	-0,0140
1,258312	-0,0116
1,259181	-0,0131
1,260050	-0,0143
1,260919	-0,0156
1,261788	-0,0150
1,262657	-0,0150
1,263526	-0,0153
1,264395	-0,0153
1,265264	-0,0140
1,266133	-0,0143
1,267002	-0,0131
1,267871	-0,0162
1,268740	-0,0159
1,269609	-0,0131
1,270478	-0,0165
1,271347	-0,0137
1,272216	-0,0150
1,273085	-0,0153
1,273954	-0,0153
1,274823	-0,0143
1,275692	-0,0153
1,276561	-0,0134
1,277430	-0,0177
1,278299	-0,0162
1,279168	-0,0125
1,280037	-0,0168
1,280906	-0,0146
1,281775	-0,0146
1,282644	-0,0146
1,283513	-0,0153
1,284382	-0,0153
1,285251	-0,0150
1,286120	-0,0146
1,286989	-0,0150
1,287858	-0,0134
1,288727	-0,0153
1,289596	-0,0162
1,290465	-0,0122
1,291334	-0,0174
1,292203	-0,0143
1,293072	-0,0150
1,293941	-0,0159
1,294810	-0,0159
1,295679	-0,0159
1,296548	-0,0146
1,297417	-0,0113
1,298286	-0,0192
1,299155	-0,0150
1,300024	-0,0150
1,300893	-0,0131
1,301762	-0,0183
1,302631	-0,0156
1,303500	-0,0146
1,304369	-0,0156
1,305238	-0,0143
1,306107	-0,0150
1,306976	-0,0156
1,307845	-0,0150
1,308714	-0,0143
1,309583	-0,0140
1,310452	-0,0140
1,311321	-0,0153
1,312190	-0,0146
1,313059	-0,0156
1,313928	-0,0146
1,314797	-0,0153
1,315666	-0,0174
1,316535	-0,0146
1,317404	-0,0162
1,318273	-0,0162
1,319142	-0,0143
1,320011	-0,0134
1,320880	-0,0159
1,321749	-0,0159
1,322618	-0,0153
1,323487	-0,0153
1,324356	-0,0143
1,325225	-0,0153
1,326094	-0,0162
1,326963	-0,0159
1,327832	-0,0153
1,328701	-0,0143
1,329570	-0,0128
1,330439	-0,0156
1,331308	-0,0119
1,332177	-0,0153
1,333046	-0,0153
1,333915	-0,0159
1,334784	-0,0156
1,335653	-0,0162
1,336522	-0,0143
1,337391	-0,0150
1,338260	-0,0131
1,339129	-0,0171
1,339998	-0,0159
1,340867	-0,0140
1,341736	-0,0156
1,342605	-0,0153
1,343474	-0,0153
1,344343	-0,0153
1,345212	-0,0153
1,346081	-0,0146
1,346950	-0,0153
1,347819	-0,0171
1,348688	-0,0162
1,349557	-0,0214
1,350426	-0,0168
1,351295	-0,0140
1,352164	-0,0153
1,353033	-0,0153
1,353902	-0,0150
1,354771	-0,0146
1,355640	-0,0140
1,356509	-0,0153
1,357378	-0,0140
1,358247	-0,0162
1,359116	-0,0192
1,359985	-0,0150
1,360854	-0,0174
1,361723	-0,0146
1,362592	-0,0153
1,363461	-0,0150
1,364330	-0,0153
1,365199	-0,0153
1,366068	-0,0177
1,366937	-0,0131
1,367806	-0,0156
1,368675	-0,0150
1,369544	-0,0137
1,370413	-0,0153
1,371282	-0,0204
1,372151	-0,0165
1,373020	-0,0159
1,373889	-0,0159
1,374758	-0,0159
1,375627	-0,0174
1,376496	-0,0159
1,377365	-0,0140
1,378234	-0,0134
1,379103	-0,0137
1,379972	-0,0153
1,380841	-0,0165
1,381710	-0,0134
1,382579	-0,0143
1,383448	-0,0140
1,384317	-0,0146
1,385186	-0,0146
1,386055	-0,0137
1,386924	-0,0143
1,387793	-0,0156
1,388662	-0,0153
1,389531	-0,0171
1,390400	-0,0180
1,391269	-0,0119
1,392138	-0,0076
1,393007	-0,0821
1,393876	-0,1224
1,394745	-0,0153
1,395614	0,1706
1,396483	0,4114
1,397352	0,6629
1,398221	0,9207
1,399090	1,1533
1,399959	1,3196
1,400828	1,4124
1,401697	1,4212
1,402566	1,3553
1,403435	1,1985
1,404304	0,9650
1,405173	0,6613
1,406042	0,3265
1,406911	-0,0189
1,407780	-0,3461
1,408649	-0,6537
1,409518	-0,9067
1,410387	-1,0801
1,411256	-1,1731
1,412125	-1,1859
1,412994	-1,1136
1,413863	-0,9531
1,414732	-0,7141
1,415601	-0,4199
1,416470	-0,0961
1,417339	0,2182
1,418208	0,5274
1,419077	0,8075
1,419946	1,0346
1,420815	1,1756
1,421684	1,2314
1,422553	1,1982
1,423422	1,0736
1,424291	0,8692
1,425160	0,6024
1,426029	0,3021
1,426898	-0,0131
1,427767	-0,3241
1,428636	-0,6278
1,429505	-0,8856
1,430374	-1,0620
1,431243	-1,1585
1,432112	-1,1744
1,432981	-1,1008
1,433850	-0,9470
1,434719	-0,7215
1,435588	-0,4431
1,436457	-0,1303
1,437326	0,1917
1,438195	0,4959
1,439064	0,7709
1,439933	0,9845
1,440802	1,1130
1,441671	1,1588
1,442540	1,1328
1,443409	1,0208
1,444278	0,8341
1,445147	0,5777
1,446016	0,2777
1,446885	-0,0433
1,447754	-0,3577
1,448623	-0,6510
1,449492	-0,8948
1,450361	-1,0630
1,451230	-1,1560
1,452099	-1,1734
1,452968	-1,1020
1,453837	-0,9430
1,454706	-0,7093
1,455575	-0,4245
1,456444	-0,1154
1,457313	0,1962
1,458182	0,5014
1,459051	0,7852
1,459920	1,0080
1,460789	1,1444
1,461658	1,1939
1,462527	1,1634
1,463396	1,0459
1,464265	0,8560
1,465134	0,6027
1,466003	0,3052
1,466872	-0,0134
1,467741	-0,3339
1,468610	-0,6363
1,469479	-0,8808
1,470348	-1,0544
1,471217	-1,1490
1,472086	-1,1579
1,472955	-1,0913
1,473824	-0,9363
1,474693	-0,7010
1,475562	-0,4117
1,476431	-0,0986
1,477300	0,2121
1,478169	0,5176
1,479038	0,8011
1,479907	1,0276
1,480776	1,1640
1,481645	1,2140
1,482514	1,1789
1,483383	1,0599
1,484252	0,8707
1,485121	0,6149
1,485990	0,3134
1,486859	-0,0034
1,487728	-0,3235
1,488597	-0,6269
1,489466	-0,8753
1,490335	-1,0486
1,491204	-1,1396
1,492073	-1,1646
1,492942	-1,0974
1,493811	-0,9400
1,494680	-0,7016
1,495549	-0,4117
1,496418	-0,0946
1,497287	0,2182
1,498156	0,5304
1,499025	0,8164
1,499894	1,0376
1,500763	1,1789
1,501632	1,2226
1,502501	1,1957
1,503370	1,0822
1,504239	0,8951
1,505108	0,6351
1,505977	0,3302
1,506846	0,0061
1,507715	-0,3092
1,508584	-0,6052
1,509453	-0,8506
1,510322	-1,0324
1,511191	-1,1371
1,512060	-1,1582
1,512929	-1,0807
1,513798	-0,9177
1,514667	-0,6873
1,515536	-0,4056
1,516405	-0,0900
1,517274	0,2313
1,518143	0,5405
1,519012	0,8264
1,519881	1,0440
1,520750	1,1859
1,521619	1,2470
1,522488	1,2268
1,523357	1,1106
1,524226	0,9085
1,525095	0,6436
1,525964	0,3464
1,526833	0,0336
1,527702	-0,2808
1,528571	-0,5896
1,529440	-0,8527
1,530309	-1,0425
1,531178	-1,1298
1,532047	-1,1512
1,532916	-1,0990
1,533785	-0,9586
1,534654	-0,7361
1,535523	-0,4492
1,536392	-0,1392
1,537261	0,1715
1,538130	0,4746
1,538999	0,7578
1,539868	0,9851
1,540737	1,1270
1,541606	1,1884
1,542475	1,1695
1,543344	1,0666
1,544213	0,8921
1,545082	0,6394
1,545951	0,3442
1,546820	0,0284
1,547689	-0,2774
1,548558	-0,5695
1,549427	-0,8167
1,550296	-0,9970
1,551165	-1,0984
1,552034	-1,1185
1,552903	-1,0480
1,553772	-0,9024
1,554641	-0,6906
1,555510	-0,4184
1,556379	-0,1086
1,557248	0,2020
1,558117	0,4968
1,558986	0,7639
1,559855	0,9784
1,560724	1,1145
1,561593	1,1682
1,562462	1,1368
1,563331	1,0202
1,564200	0,8356
1,565069	0,5881
1,565938	0,2982
1,566807	-0,0131
1,567676	-0,3259
1,568545	-0,6113
1,569414	-0,8557
1,570283	-1,0337
1,571152	-1,1258
1,572021	-1,1411
1,572890	-1,0669
1,573759	-0,9146
1,574628	-0,6967
1,575497	-0,4230
1,576366	-0,1126
1,577235	0,1932
1,578104	0,4913
1,578973	0,7578
1,579842	0,9702
1,580711	1,1112
1,581580	1,1576
1,582449	1,1228
1,583318	1,0074
1,584187	0,8304
1,585056	0,5899
1,585925	0,2985
1,586794	-0,0128
1,587663	-0,3150
1,588532	-0,6024
1,589401	-0,8521
1,590270	-1,0422
1,591139	-1,1481
1,592008	-1,1676
1,592877	-1,1087
1,593746	-0,9793
1,594615	-0,7743
1,595484	-0,4999
1,596353	-0,1944
1,597222	0,1056
1,598091	0,4004
1,598960	0,6888
1,599829	0,9143
1,600698	1,0724
1,601567	1,1368
1,602436	1,1274
1,603305	1,0410
1,604174	0,8676
1,605043	0,6085
1,605912	0,3110
1,606781	-0,0027
1,607650	-0,3207
1,608519	-0,6357
1,609388	-0,9058
1,610257	-1,0971
1,611126	-1,2027
1,611995	-1,2308
1,612864	-1,1740
1,613733	-1,0199
1,614602	-0,7859
1,615471	-0,5057
1,616340	-0,1993
1,617209	0,1215
1,618078	0,4358
1,618947	0,7184
1,619816	0,9247
1,620685	1,0630
1,621554	1,1118
1,622423	1,0819
1,623292	0,9561
1,624161	0,7688
1,625030	0,5231
1,625899	0,2316
1,626768	-0,0775
1,627637	-0,3754
1,628506	-0,6522
1,629375	-0,8930
1,630244	-1,0746
1,631113	-1,1713
1,631982	-1,1927
1,632851	-1,1338
1,633720	-1,0038
1,634589	-0,8017
1,635458	-0,5286
1,636327	-0,2210
1,637196	0,0818
1,638065	0,3845
1,638934	0,6693
1,639803	0,9030
1,640672	1,0636
1,641541	1,1301
1,642410	1,1231
1,643279	1,0306
1,644148	0,8429
1,645017	0,5762
1,645886	0,2786
1,646755	-0,0424
1,647624	-0,3693
1,648493	-0,6732
1,649362	-0,9272
1,650231	-1,1011
1,651100	-1,2052
1,651969	-1,2146
1,652838	-1,1341
1,653707	-0,9824
1,654576	-0,7688
1,655445	-0,5011
1,656314	-0,1999
1,657183	0,0952
1,658052	0,3784
1,658921	0,6519
1,659790	0,8747
1,660659	1,0364
1,661528	1,0990
1,662397	1,0981
1,663266	1,0205
1,664135	0,8545
1,665004	0,6024
1,665873	0,3110
1,666742	-0,0015
1,667611	-0,3201
1,668480	-0,6339
1,669349	-0,8921
1,670218	-1,0709
1,671087	-1,1649
1,671956	-1,1768
1,672825	-1,0938
1,673694	-0,9348
1,674563	-0,7193
1,675432	-0,4508
1,676301	-0,1541
1,677170	0,1382
1,678039	0,4175
1,678908	0,6830
1,679777	0,9119
1,680646	1,0733
1,681515	1,1396
1,682384	1,1353
1,683253	1,0562
1,684122	0,8814
1,684991	0,6198
1,685860	0,3235
1,686729	0,0031
1,687598	-0,3214
1,688467	-0,6287
1,689336	-0,8765
1,690205	-1,0550
1,691074	-1,1469
1,691943	-1,1518
1,692812	-1,0736
1,693681	-0,9290
1,694550	-0,7327
1,695419	-0,4755
1,696288	-0,1813
1,697157	0,1102
1,698026	0,4035
1,698895	0,6973
1,699764	0,9387
1,700633	1,1017
1,701502	1,1789
1,702371	1,1811
1,703240	1,0739
1,704109	0,8695
1,704978	0,6113
1,705847	0,3153
1,706716	0,0006
1,707585	-0,2976
1,708454	-0,5679
1,709323	-0,8011
1,710192	-0,9735
1,711061	-1,0852
1,711930	-1,1103
1,712799	-1,0721
1,713668	-0,9601
1,714537	-0,7547
1,715406	-0,4810
1,716275	-0,1782
1,717144	0,1422
1,718013	0,4654
1,718882	0,7578
1,719751	0,9656
1,720620	1,0904
1,721489	1,1380
1,722358	1,0974
1,723227	0,9891
1,724096	0,8310
1,724965	0,6107
1,725834	0,3336
1,726703	0,0354
1,727572	-0,2731
1,728441	-0,5792
1,729310	-0,8579
1,730179	-1,0550
1,731048	-1,1625
1,731917	-1,1908
1,732786	-1,1115
1,733655	-0,9394
1,734524	-0,7245
1,735393	-0,4636
1,736262	-0,1733
1,737131	0,1129
1,738000	0,3888
1,738869	0,6681
1,739738	0,9055
1,740607	1,0727
1,741476	1,1554
1,742345	1,1591
1,743214	1,0504
1,744083	0,8426
1,744952	0,5887
1,745821	0,2933
1,746690	-0,0146
1,747559	-0,2994
1,748428	-0,5600
1,749297	-0,8023
1,750166	-1,0025
1,751035	-1,1249
1,751904	-1,1637
1,752773	-1,1322
1,753642	-0,9897
1,754511	-0,7562
1,755380	-0,4758
1,756249	-0,1642
1,757118	0,1459
1,757987	0,4233
1,758856	0,6677
1,759725	0,8722
1,760594	1,0245
1,761463	1,0993
1,762332	1,1081
1,763201	1,0370
1,764070	0,8554
1,764939	0,5893
1,765808	0,2875
1,766677	-0,0372
1,767546	-0,3412
1,768415	-0,6055
1,769284	-0,8335
1,770153	-1,0154
1,771022	-1,1231
1,771891	-1,1667
1,772760	-1,1484
1,773629	-1,0324
1,774498	-0,7996
1,775367	-0,5121
1,776236	-0,1920
1,777105	0,1260
1,777974	0,4111
1,778843	0,6546
1,779712	0,8588
1,780581	1,0105
1,781450	1,0883
1,782319	1,1014
1,783188	1,0315
1,784057	0,8502
1,784926	0,5930
1,785795	0,2924
1,786664	-0,0259
1,787533	-0,3168
1,788402	-0,5725
1,789271	-0,7974
1,790140	-0,9900
1,791009	-1,1151
1,791878	-1,1649
1,792747	-1,1350
1,793616	-0,9888
1,794485	-0,7471
1,795354	-0,4633
1,796223	-0,1556
1,797092	0,1389
1,797961	0,4016
1,798830	0,6598
1,799699	0,8860
1,800568	1,0596
1,801437	1,1441
1,802306	1,1493
1,803175	1,0312
1,804044	0,8213
1,804913	0,5753
1,805782	0,2954
1,806651	0,0180
1,807520	-0,2512
1,808389	-0,5362
1,809258	-0,8133
1,810127	-1,0273
1,810996	-1,1408
1,811865	-1,1686
1,812734	-1,0828
1,813603	-0,9244
1,814472	-0,7300
1,815341	-0,4874
1,816210	-0,2100
1,817079	0,0754
1,817948	0,3897
1,818817	0,6986
1,819686	0,9281
1,820555	1,0572
1,821424	1,0974
1,822293	1,0559
1,823162	0,9653
1,824031	0,8298
1,824900	0,6165
1,825769	0,3385
1,826638	0,0180
1,827507	-0,3128
1,828376	-0,6076
1,829245	-0,8341
1,830114	-0,9946
1,830983	-1,0828
1,831852	-1,1176
1,832721	-1,1002
1,833590	-0,9967
1,834459	-0,7706
1,835328	-0,4837
1,836197	-0,1627
1,837066	0,1334
1,837935	0,3943
1,838804	0,6400
1,839673	0,8673
1,840542	1,0422
1,841411	1,1328
1,842280	1,1356
1,843149	1,0080
1,844018	0,8075
1,844887	0,5771
1,845756	0,3143
1,846625	0,0381
1,847494	-0,2445
1,848363	-0,5539
1,849232	-0,8377
1,850101	-1,0224
1,850970	-1,1060
1,851839	-1,1023
1,852708	-1,0385
1,853577	-0,9357
1,854446	-0,7657
1,855315	-0,5045
1,856184	-0,1984
1,857053	0,1343
1,857922	0,4376
1,858791	0,6772
1,859660	0,8698
1,860529	1,0123
1,861398	1,0956
1,862267	1,1170
1,863136	1,0349
1,864005	0,8252
1,864874	0,5707
1,865743	0,2924
1,866612	0,0146
1,867481	-0,2478
1,868350	-0,5377
1,869219	-0,8234
1,870088	-1,0260
1,870957	-1,1246
1,871826	-1,1237
1,872695	-1,0443
1,873564	-0,9336
1,874433	-0,7697
1,875302	-0,5155
1,876171	-0,2142
1,877040	0,1199
1,877909	0,4263
1,878778	0,6574
1,879647	0,8420
1,880516	0,9925
1,881385	1,0871
1,882254	1,1045
1,883123	1,0096
1,883992	0,7987
1,884861	0,5530
1,885730	0,2866
1,886599	0,0165
1,887468	-0,2554
1,888337	-0,5606
1,889206	-0,8475
1,890075	-1,0221
1,890944	-1,1106
1,891813	-1,1005
1,892682	-1,0514
1,893551	-0,9671
1,894420	-0,7846
1,895289	-0,5075
1,896158	-0,1892
1,897027	0,1267
1,897896	0,3827
1,898765	0,6223
1,899634	0,8441
1,900503	1,0263
1,901372	1,1151
1,902241	1,0910
1,903110	0,9494
1,903979	0,7834
1,904848	0,5847
1,905717	0,3308
1,906586	0,0418
1,907455	-0,2853
1,908324	-0,5850
1,909193	-0,8054
1,910062	-0,9610
1,910931	-1,0675
1,911800	-1,1219
1,912669	-1,1084
1,913538	-0,9503
1,914407	-0,7129
1,915276	-0,4563
1,916145	-0,1935
1,917014	0,0751
1,917883	0,3711
1,918752	0,6815
1,919621	0,8969
1,920490	1,0205
1,921359	1,0523
1,922228	1,0501
1,923097	1,0068
1,923966	0,8506
1,924835	0,5899
1,925704	0,2921
1,926573	0,0058
1,927442	-0,2454
1,928311	-0,5136
1,929180	-0,7993
1,930049	-1,0056
1,930918	-1,0877
1,931787	-1,0788
1,932656	-1,0211
1,933525	-0,9372
1,934394	-0,7605
1,935263	-0,4846
1,936132	-0,1663
1,937001	0,1349
1,937870	0,3772
1,938739	0,6253
1,939608	0,8719
1,940477	1,0416
1,941346	1,1057
1,942215	1,0453
1,943084	0,9372
1,943953	0,8213
1,944822	0,6143
1,945691	0,3290
1,946560	0,0009
1,947429	-0,2896
1,948298	-0,5216
1,949167	-0,7590
1,950036	-0,9729
1,950905	-1,1029
1,951774	-1,1161
1,952643	-1,0187
1,953512	-0,8966
1,954381	-0,7428
1,955250	-0,4975
1,956119	-0,1947
1,956988	0,1309
1,957857	0,3916
1,958726	0,6134
1,959595	0,8390
1,960464	1,0260
1,961333	1,1002
1,962202	1,0523
1,963071	0,9229
1,963940	0,7981
1,964809	0,6046
1,965678	0,3250
1,966547	-0,0012
1,967416	-0,2927
1,968285	-0,5234
1,969154	-0,7581
1,970023	-0,9729
1,970892	-1,1005
1,971761	-1,1142
1,972630	-1,0144
1,973499	-0,9082
1,974368	-0,7547
1,975237	-0,4978
1,976106	-0,1874
1,976975	0,1321
1,977844	0,3674
1,978713	0,6034
1,979582	0,8536
1,980451	1,0273
1,981320	1,0733
1,982189	1,0135
1,983058	0,9314
1,983927	0,8231
1,984796	0,5896
1,985665	0,2899
1,986534	-0,0168
1,987403	-0,2594
1,988272	-0,5103
1,989141	-0,7910
1,990010	-0,9876
1,990879	-1,0736
1,991748	-1,0636
1,992617	-1,0318
1,993486	-0,9549
1,994355	-0,7355
1,995224	-0,4559
1,996093	-0,1730
1,996962	0,0769
1,997831	0,3485
1,998700	0,6558
1,999569	0,8582
2,000438	0,9674
2,001307	1,0211
2,002176	1,0453
2,003045	0,9848
2,003914	0,7752
2,004783	0,5393
2,005652	0,3003
2,006521	0,0385
2,007390	-0,2704
2,008259	-0,5704
2,009128	-0,7730
2,009997	-0,9241
2,010866	-1,0532
2,011735	-1,1130
2,012604	-1,0480
2,013473	-0,8765
2,014342	-0,7129
2,015211	-0,4935
2,016080	-0,2008
2,016949	0,1297
2,017818	0,3830
2,018687	0,5954
2,019556	0,8316
2,020425	1,0050
2,021294	1,0538
2,022163	0,9922
2,023032	0,9229
2,023901	0,8103
2,024770	0,5686
2,025639	0,2704
2,026508	-0,0034
2,027377	-0,2426
2,028246	-0,5274
2,029115	-0,8069
2,029984	-0,9525
2,030853	-1,0160
2,031722	-1,0575
2,032591	-1,0623
2,033460	-0,9003
2,034329	-0,6806
2,035198	-0,4587
2,036067	-0,2112
2,036936	0,0983
2,037805	0,4086
2,038674	0,6195
2,039543	0,8072
2,040412	0,9775
2,041281	1,0630
2,042150	1,0068
2,043019	0,8957
2,043888	0,7892
2,044757	0,5777
2,045626	0,2795
2,046495	-0,0162
2,047364	-0,2475
2,048233	-0,5103
2,049102	-0,7947
2,049971	-0,9479
2,050840	-1,0138
2,051709	-1,0398
2,052578	-1,0489
2,053447	-0,8908
2,054316	-0,6723
2,055185	-0,4547
2,056054	-0,2054
2,056923	0,1102
2,057792	0,4025
2,058661	0,6055
2,059530	0,8057
2,060399	0,9824
2,061268	1,0492
2,062137	0,9796
2,063006	0,9052
2,063875	0,7953
2,064744	0,5533
2,065613	0,2612
2,066482	0,0061
2,067351	-0,2374
2,068220	-0,5417
2,069089	-0,7788
2,069958	-0,9076
2,070827	-1,0077
2,071696	-1,0739
2,072565	-1,0178
2,073434	-0,8432
2,074303	-0,6909
2,075172	-0,4706
2,076041	-0,1709
2,076910	0,1349
2,077779	0,3494
2,078648	0,6009
2,079517	0,8515
2,080386	0,9644
2,081255	0,9818
2,082124	1,0019
2,082993	0,9491
2,083862	0,7370
2,084731	0,5246
2,085600	0,3034
2,086469	0,0201
2,087338	-0,2933
2,088207	-0,5121
2,089076	-0,7172
2,089945	-0,9296
2,090814	-1,0340
2,091683	-1,0050
2,092552	-0,9687
2,093421	-0,8954
2,094290	-0,6702
2,095159	-0,4129
2,096028	-0,1752
2,096897	0,0916
2,097766	0,4038
2,098635	0,6125
2,099504	0,7843
2,100373	0,9616
2,101242	1,0364
2,102111	0,9607
2,102980	0,8875
2,103849	0,7788
2,104718	0,5289
2,105587	0,2548
2,106456	0,0229
2,107325	-0,2441
2,108194	-0,5429
2,109063	-0,7315
2,109932	-0,8780
2,110801	-1,0135
2,111670	-1,0404
2,112539	-0,9354
2,113408	-0,8506
2,114277	-0,6876
2,115146	-0,4169
2,116015	-0,1431
2,116884	0,0851
2,117753	0,3729
2,118622	0,6363
2,119491	0,7791
2,120360	0,9223
2,121229	1,0251
2,122098	0,9720
2,122967	0,8530
2,123836	0,7590
2,124705	0,5316
2,125574	0,2448
2,126443	0,0092
2,127312	-0,2353
2,128181	-0,5390
2,129050	-0,7337
2,129919	-0,8716
2,130788	-1,0053
2,131657	-1,0321
2,132526	-0,9223
2,133395	-0,8423
2,134264	-0,6745
2,135133	-0,4059
2,136002	-0,1529
2,136871	0,0784
2,137740	0,3787
2,138609	0,6058
2,139478	0,7581
2,140347	0,9174
2,141216	1,0004
2,142085	0,9217
2,142954	0,8560
2,143823	0,7370
2,144692	0,4889
2,145561	0,2393
2,146430	0,0134
2,147299	-0,2863
2,148168	-0,5347
2,149037	-0,7123
2,149906	-0,9085
2,150775	-1,0102
2,151644	-0,9763
2,152513	-0,9543
2,153382	-0,8631
2,154251	-0,6320
2,155120	-0,4196
2,155989	-0,1852
2,156858	0,1224
2,157727	0,3504
2,158596	0,5533
2,159465	0,7846
2,160334	0,9018
2,161203	0,9061
2,162072	0,9357
2,162941	0,8484
2,163810	0,6571
2,164679	0,4923
2,165548	0,2496
2,166417	-0,0583
2,167286	-0,2704
2,168155	-0,5008
2,169024	-0,7636
2,169893	-0,8756
2,170762	-0,9577
2,171631	-1,0273
2,172500	-0,9183
2,173369	-0,8023
2,174238	-0,6665
2,175107	-0,3995
2,175976	-0,1382
2,176845	0,0784
2,177714	0,3766
2,178583	0,5881
2,179452	0,7401
2,180321	0,9073
2,181190	0,9491
2,182059	0,8838
2,182928	0,8502
2,183797	0,6763
2,184666	0,4605
2,185535	0,2582
2,186404	-0,0171
2,187273	-0,2887
2,188142	-0,4715
2,189011	-0,7187
2,189880	-0,8679
2,190749	-0,9085
2,191618	-0,9586
2,192487	-0,9125
2,193356	-0,7471
2,194225	-0,6168
2,195094	-0,3800
2,195963	-0,0964
2,196832	0,1144
2,197701	0,3867
2,198570	0,6095
2,199439	0,7495
2,200308	0,9082
2,201177	0,9638
2,202046	0,8856
2,202915	0,8579
2,203784	0,6781
2,204653	0,4654
2,205522	0,2667
2,206391	-0,0165
2,207260	-0,2649
2,208129	-0,4508
2,208998	-0,7056
2,209867	-0,8329
2,210736	-0,8878
2,211605	-0,9522
2,212474	-0,8554
2,213343	-0,7398
2,214212	-0,6009
2,215081	-0,3470
2,215950	-0,1151
2,216819	0,1108
2,217688	0,3897
2,218557	0,5548
2,219426	0,7404
2,220295	0,8832
2,221164	0,8722
2,222033	0,8792
2,222902	0,7941
2,223771	0,6091
2,224640	0,4556
2,225509	0,1999
2,226378	-0,0681
2,227247	-0,2591
2,228116	-0,5356
2,228985	-0,6977
2,229854	-0,8329
2,230723	-0,9546
2,231592	-0,9119
2,232461	-0,8826
2,233330	-0,7810
2,234199	-0,5686
2,235068	-0,3937
2,235937	-0,1346
2,236806	0,1276
2,237675	0,3043
2,238544	0,5618
2,239413	0,7044
2,240282	0,8002
2,241151	0,8850
2,242020	0,8054
2,242889	0,7462
2,243758	0,6110
2,244627	0,3943
2,245496	0,2063
2,246365	-0,0577
2,247234	-0,2905
2,248103	-0,4678
2,248972	-0,7022
2,249841	-0,7999
2,250710	-0,8673
2,251579	-0,9119
2,252448	-0,7920
2,253317	-0,7242
2,254186	-0,5353
2,255055	-0,3067
2,255924	-0,1068
2,256793	0,1801
2,257662	0,3638
2,258531	0,5713
2,259400	0,7593
2,260269	0,8179
2,261138	0,8997
2,262007	0,8487
2,262876	0,7437
2,263745	0,6406
2,264614	0,4114
2,265483	0,2161
2,266352	-0,0226
2,267221	-0,2713
2,268090	-0,4379
2,268959	-0,6751
2,269828	-0,7691
2,270697	-0,8420
2,271566	-0,8731
2,272435	-0,7700
2,273304	-0,7117
2,274173	-0,5176
2,275042	-0,3201
2,275911	-0,1154
2,276780	0,1517
2,277649	0,3104
2,278518	0,5341
2,279387	0,6738
2,280256	0,7471
2,281125	0,8225
2,281994	0,7385
2,282863	0,6925
2,283732	0,5316
2,284601	0,3421
2,285470	0,1584
2,286339	-0,1102
2,287208	-0,2753
2,288077	-0,5048
2,288946	-0,6723
2,289815	-0,7678
2,290684	-0,8771
2,291553	-0,8155
2,292422	-0,7993
2,293291	-0,6574
2,294160	-0,4947
2,295029	-0,3165
2,295898	-0,0476
2,296767	0,1297
2,297636	0,3702
2,298505	0,5329
2,299374	0,6851
2,300243	0,8020
2,301112	0,7843
2,301981	0,8103
2,302850	0,6723
2,303719	0,5658
2,304588	0,3882
2,305457	0,1584
2,306326	-0,0177
2,307195	-0,2719
2,308064	-0,4151
2,308933	-0,6198
2,309802	-0,7245
2,310671	-0,7660
2,311540	-0,7932
2,312409	-0,6986
2,313278	-0,6381
2,314147	-0,4517
2,315016	-0,2811
2,315885	-0,0696
2,316754	0,1559
2,317623	0,3101
2,318492	0,5152
2,319361	0,6122
2,320230	0,7245
2,321099	0,7285
2,321968	0,6928
2,322837	0,6183
2,323706	0,4581
2,324575	0,3232
2,325444	0,0867
2,326313	-0,0827
2,327182	-0,3067
2,328051	-0,4636
2,328920	-0,6214
2,329789	-0,7462
2,330658	-0,7498
2,331527	-0,7898
2,332396	-0,6775
2,333265	-0,6079
2,334134	-0,4273
2,335003	-0,2509
2,335872	-0,0418
2,336741	0,1749
2,337610	0,3262
2,338479	0,5271
2,339348	0,6229
2,340217	0,7416
2,341086	0,7169
2,341955	0,7178
2,342824	0,6082
2,343693	0,4880
2,344562	0,3348
2,345431	0,1187
2,346300	-0,0476
2,347169	-0,2756
2,348038	-0,3998
2,348907	-0,5896
2,349776	-0,6601
2,350645	-0,7355
2,351514	-0,7093
2,352383	-0,6613
2,353252	-0,5609
2,354121	-0,4108
2,354990	-0,2618
2,355859	-0,0406
2,356728	0,1083
2,357597	0,3125
2,358466	0,4270
2,359335	0,5750
2,360204	0,6247
2,361073	0,6534
2,361942	0,6101
2,362811	0,5304
2,363680	0,4224
2,364549	0,2536
2,365418	0,1016
2,366287	-0,1108
2,367156	-0,2402
2,368025	-0,4245
2,368894	-0,5228
2,369763	-0,6400
2,370632	-0,6540
2,371501	-0,6555
2,372370	-0,5789
2,373239	-0,4819
2,374108	-0,3516
2,374977	-0,1764
2,375846	-0,0119
2,376715	0,1880
2,377584	0,3116
2,378453	0,4746
2,379322	0,5469
2,380191	0,6418
2,381060	0,6085
2,381929	0,6067
2,382798	0,4862
2,383667	0,3943
2,384536	0,2228
2,385405	0,0702
2,386274	-0,1205
2,387143	-0,2664
2,388012	-0,4178
2,388881	-0,5402
2,389750	-0,6168
2,390619	-0,6638
2,391488	-0,6256
2,392357	-0,5878
2,393226	-0,4669
2,394095	-0,3595
2,394964	-0,1743
2,395833	-0,0357
2,396702	0,1642
2,397571	0,2756
2,398440	0,4407
2,399309	0,5097
2,400178	0,6027
2,401047	0,5716
2,401916	0,5747
2,402785	0,4639
2,403654	0,3839
2,404523	0,2261
2,405392	0,0919
2,406261	-0,0943
2,407130	-0,2203
2,407999	-0,3687
2,408868	-0,4633
2,409737	-0,5573
2,410606	-0,5811
2,411475	-0,5768
2,412344	-0,5167
2,413213	-0,4410
2,414082	-0,3192
2,414951	-0,1840
2,415820	-0,0302
2,416689	0,1181
2,417558	0,2506
2,418427	0,3632
2,419296	0,4523
2,420165	0,5078
2,421034	0,5081
2,421903	0,4822
2,422772	0,4086
2,423641	0,3165
2,424510	0,1917
2,425379	0,0638
2,426248	-0,0851
2,427117	-0,2026
2,427986	-0,3241
2,428855	-0,4169
2,429724	-0,4904
2,430593	-0,5005
2,431462	-0,4926
2,432331	-0,4404
2,433200	-0,3723
2,434069	-0,2594
2,434938	-0,1422
2,435807	0,0034
2,436676	0,1209
2,437545	0,2387
2,438414	0,3302
2,439283	0,4193
2,440152	0,4495
2,441021	0,4605
2,441890	0,4147
2,442759	0,3528
2,443628	0,2567
2,444497	0,1529
2,445366	0,0214
2,446235	-0,1050
2,447104	-0,2203
2,447973	-0,3159
2,448842	-0,4041
2,449711	-0,4593
2,450580	-0,4791
2,451449	-0,4572
2,452318	-0,4019
2,453187	-0,3302
2,454056	-0,2264
2,454925	-0,1181
2,455794	0,0223
2,456663	0,1328
2,457532	0,2426
2,458401	0,3171
2,459270	0,4038
2,460139	0,4257
2,461008	0,4401
2,461877	0,3830
2,462746	0,3394
2,463615	0,2298
2,464484	0,1489
2,465353	0,0095
2,466222	-0,0855
2,467091	-0,2179
2,467960	-0,2841
2,468829	-0,3885
2,469698	-0,4144
2,470567	-0,4526
2,471436	-0,4172
2,472305	-0,3916
2,473174	-0,3055
2,474043	-0,2286
2,474912	-0,1120
2,475781	-0,0027
2,476650	0,1111
2,477519	0,1993
2,478388	0,2826
2,479257	0,3510
2,480126	0,3864
2,480995	0,3897
2,481864	0,3491
2,482733	0,3110
2,483602	0,2170
2,484471	0,1459
2,485340	0,0217
2,486209	-0,0641
2,487078	-0,1794
2,487947	-0,2402
2,488816	-0,3357
2,489685	-0,3668
2,490554	-0,4038
2,491423	-0,3717
2,492292	-0,3510
2,493161	-0,2823
2,494030	-0,2139
2,494899	-0,1160
2,495768	-0,0119
2,496637	0,0833
2,497506	0,1715
2,498375	0,2356
2,499244	0,3076
2,500113	0,3278
2,500982	0,3500
2,501851	0,3058
2,502720	0,2811
2,503589	0,1978
2,504458	0,1382
2,505327	0,0278
2,506196	-0,0485
2,507065	-0,1459
2,507934	-0,2075
2,508803	-0,2850
2,509672	-0,3253
2,510541	-0,3415
2,511410	-0,3385
2,512279	-0,3049
2,513148	-0,2652
2,514017	-0,1898
2,514886	-0,1233
2,515755	-0,0159
2,516624	0,0522
2,517493	0,1370
2,518362	0,1859
2,519231	0,2591
2,520100	0,2808
2,520969	0,2966
2,521838	0,2704
2,522707	0,2377
2,523576	0,1843
2,524445	0,1190
2,525314	0,0452
2,526183	-0,0458
2,527052	-0,1090
2,527921	-0,1822
2,528790	-0,2313
2,529659	-0,2908
2,530528	-0,2921
2,531397	-0,3040
2,532266	-0,2661
2,533135	-0,2350
2,534004	-0,1746
2,534873	-0,1114
2,535742	-0,0269
2,536611	0,0522
2,537480	0,1083
2,538349	0,1712
2,539218	0,2139
2,540087	0,2622
2,540956	0,2503
2,541825	0,2496
2,542694	0,2026
2,543563	0,1669
2,544432	0,0995
2,545301	0,0394
2,546170	-0,0385
2,547039	-0,1062
2,547908	-0,1608
2,548777	-0,2216
2,549646	-0,2548
2,550515	-0,2826
2,551384	-0,2655
2,552253	-0,2539
2,553122	-0,2039
2,553991	-0,1679
2,554860	-0,0964
2,555729	-0,0336
2,556598	0,0406
2,557467	0,0928
2,558336	0,1483
2,559205	0,1990
2,560074	0,2197
2,560943	0,2344
2,561812	0,2103
2,562681	0,1965
2,563550	0,1410
2,564419	0,1028
2,565288	0,0296
2,566157	-0,0266
2,567026	-0,0986
2,567895	-0,1392
2,568764	-0,1968
2,569633	-0,2332
2,570502	-0,2472
2,571371	-0,2515
2,572240	-0,2261
2,573109	-0,2017
2,573978	-0,1453
2,574847	-0,0998
2,575716	-0,0220
2,576585	0,0317
2,577454	0,0925
2,578323	0,1343
2,579192	0,1871
2,580061	0,2112
2,580930	0,2130
2,581799	0,2087
2,582668	0,1706
2,583537	0,1410
2,584406	0,0815
2,585275	0,0330
2,586144	-0,0415
2,587013	-0,0894
2,587882	-0,1434
2,588751	-0,1895
2,589620	-0,2274
2,590489	-0,2414
2,591358	-0,2313
2,592227	-0,2228
2,593096	-0,1816
2,593965	-0,1480
2,594834	-0,0845
2,595703	-0,0296
2,596572	0,0372
2,597441	0,0806
2,598310	0,1300
2,599179	0,1712
2,600048	0,1981
2,600917	0,2057
2,601786	0,1862
2,602655	0,1730
2,603524	0,1248
2,604393	0,0922
2,605262	0,0272
2,606131	-0,0241
2,607000	-0,0842
2,607869	-0,1218
2,608738	-0,1776
2,609607	-0,2161
2,610476	-0,2304
2,611345	-0,2292
2,612214	-0,2045
2,613083	-0,1871
2,613952	-0,1361
2,614821	-0,0952
2,615690	-0,0232
2,616559	0,0259
2,617428	0,0739
2,618297	0,1178
2,619166	0,1666
2,620035	0,1856
2,620904	0,1929
2,621773	0,1914
2,622642	0,1566
2,623511	0,1294
2,624380	0,0781
2,625249	0,0323
2,626118	-0,0348
2,626987	-0,0815
2,627856	-0,1273
2,628725	-0,1740
2,629594	-0,2081
2,630463	-0,2280
2,631332	-0,2167
2,632201	-0,2100
2,633070	-0,1712
2,633939	-0,1431
2,634808	-0,0861
2,635677	-0,0317
2,636546	0,0311
2,637415	0,0720
2,638284	0,1157
2,639153	0,1587
2,640022	0,1840
2,640891	0,1947
2,641760	0,1779
2,642629	0,1642
2,643498	0,1209
2,644367	0,0913
2,645236	0,0330
2,646105	-0,0189
2,646974	-0,0720
2,647843	-0,1135
2,648712	-0,1556
2,649581	-0,2011
2,650450	-0,2106
2,651319	-0,2173
2,652188	-0,1959
2,653057	-0,1801
2,653926	-0,1361
2,654795	-0,0961
2,655664	-0,0330
2,656533	0,0217
2,657402	0,0647
2,658271	0,1035
2,659140	0,1440
2,660009	0,1843
2,660878	0,1816
2,661747	0,1801
2,662616	0,1502
2,663485	0,1263
2,664354	0,0812
2,665223	0,0351
2,666092	-0,0241
2,666961	-0,0772
2,667830	-0,1120
2,668699	-0,1636
2,669568	-0,1926
2,670437	-0,2185
2,671306	-0,2060
2,672175	-0,2057
2,673044	-0,1709
2,673913	-0,1410
2,674782	-0,0937
2,675651	-0,0339
2,676520	0,0180
2,677389	0,0668
2,678258	0,1004
2,679127	0,1538
2,679996	0,1688
2,680865	0,1914
2,681734	0,1700
2,682603	0,1584
2,683472	0,1236
2,684341	0,0888
2,685210	0,0436
2,686079	-0,0180
2,686948	-0,0595
2,687817	-0,1059
2,688686	-0,1431
2,689555	-0,1932
2,690424	-0,2026
2,691293	-0,2115
2,692162	-0,1950
2,693031	-0,1755
2,693900	-0,1434
2,694769	-0,0967
2,695638	-0,0449
2,696507	0,0153
2,697376	0,0513
2,698245	0,1013
2,699114	0,1386
2,699983	0,1746
2,700852	0,1740
2,701721	0,1749
2,702590	0,1532
2,703459	0,1218
2,704328	0,0900
2,705197	0,0348
2,706066	-0,0104
2,706935	-0,0726
2,707804	-0,1022
2,708673	-0,1575
2,709542	-0,1807
2,710411	-0,2097
2,711280	-0,2075
2,712149	-0,1965
2,713018	-0,1770
2,713887	-0,1373
2,714756	-0,1016
2,715625	-0,0369
2,716494	0,0092
2,717363	0,0595
2,718232	0,0928
2,719101	0,1437
2,719970	0,1651
2,720839	0,1761
2,721708	0,1746
2,722577	0,1523
2,723446	0,1300
2,724315	0,0885
2,725184	0,0501
2,726053	-0,0107
2,726922	-0,0543
2,727791	-0,0967
2,728660	-0,1401
2,729529	-0,1798
2,730398	-0,2033
2,731267	-0,2011
2,732136	-0,1990
2,733005	-0,1715
2,733874	-0,1492
2,734743	-0,0998
2,735612	-0,0516
2,736481	0,0104
2,737350	0,0501
2,738219	0,0870
2,739088	0,1349
2,739957	0,1621
2,740826	0,1801
2,741695	0,1648
2,742564	0,1578
2,743433	0,1199
2,744302	0,0940
2,745171	0,0418
2,746040	-0,0070
2,746909	-0,0601
2,747778	-0,1004
2,748647	-0,1437
2,749516	-0,1874
2,750385	-0,2002
2,751254	-0,2103
2,752123	-0,1920
2,752992	-0,1819
2,753861	-0,1410
2,754730	-0,1047
2,755599	-0,0461
2,756468	0,0095
2,757337	0,0458
2,758206	0,0946
2,759075	0,1309
2,759944	0,1654
2,760813	0,1730
2,761682	0,1755
2,762551	0,1520
2,763420	0,1303
2,764289	0,0940
2,765158	0,0497
2,766027	0,0012
2,766896	-0,0565
2,767765	-0,0894
2,768634	-0,1398
2,769503	-0,1712
2,770372	-0,2042
2,771241	-0,1941
2,772110	-0,1959
2,772979	-0,1758
2,773848	-0,1480
2,774717	-0,1108
2,775586	-0,0504
2,776455	-0,0046
2,777324	0,0467
2,778193	0,0784
2,779062	0,1352
2,779931	0,1529
2,780800	0,1779
2,781669	0,1645
2,782538	0,1535
2,783407	0,1270
2,784276	0,0919
2,785145	0,0519
2,786014	-0,0092
2,786883	-0,0491
2,787752	-0,0964
2,788621	-0,1364
2,789490	-0,1819
2,790359	-0,1981
2,791228	-0,2005
2,792097	-0,1965
2,792966	-0,1749
2,793835	-0,1483
2,794704	-0,1013
2,795573	-0,0552
2,796442	0,0082
2,797311	0,0439
2,798180	0,0894
2,799049	0,1270
2,799918	0,1590
2,800787	0,1718
2,801656	0,1685
2,802525	0,1581
2,803394	0,1251
2,804263	0,1001
2,805132	0,0482
2,806001	0,0027
2,806870	-0,0510
2,807739	-0,0845
2,808608	-0,1352
2,809477	-0,1715
2,810346	-0,1932
2,811215	-0,2057
2,812084	-0,1886
2,812953	-0,1816
2,813822	-0,1447
2,814691	-0,1154
2,815560	-0,0534
2,816429	-0,0070
2,817298	0,0415
2,818167	0,0800
2,819036	0,1276
2,819905	0,1547
2,820774	0,1660
2,821643	0,1743
2,822512	0,1492
2,823381	0,1312
2,824250	0,0913
2,825119	0,0552
2,825988	-0,0015
2,826857	-0,0516
2,827726	-0,0894
2,828595	-0,1382
2,829464	-0,1752
2,830333	-0,2072
2,831202	-0,1965
2,832071	-0,2005
2,832940	-0,1724
2,833809	-0,1502
2,834678	-0,1056
2,835547	-0,0555
2,836416	0,0031
2,837285	0,0430
2,838154	0,0815
2,839023	0,1312
2,839892	0,1514
2,840761	0,1819
2,841630	0,1636
2,842499	0,1590
2,843368	0,1248
2,844237	0,0998
2,845106	0,0537
2,845975	0,0018
2,846844	-0,0467
2,847713	-0,0879
2,848582	-0,1254
2,849451	-0,1743
2,850320	-0,1877
2,851189	-0,2011
2,852058	-0,1889
2,852927	-0,1785
2,853796	-0,1492
2,854665	-0,1120
2,855534	-0,0613
2,856403	-0,0061
2,857272	0,0342
2,858141	0,0824
2,859010	0,1190
2,859879	0,1584
2,860748	0,1621
2,861617	0,1682
2,862486	0,1514
2,863355	0,1257
2,864224	0,0970
2,865093	0,0519
2,865962	0,0015
2,866831	-0,0525
2,867700	-0,0839
2,868569	-0,1370
2,869438	-0,1697
2,870307	-0,1981
2,871176	-0,1971
2,872045	-0,1950
2,872914	-0,1752
2,873783	-0,1437
2,874652	-0,1099
2,875521	-0,0501
2,876390	-0,0003
2,877259	0,0510
2,878128	0,0781
2,878997	0,1306
2,879866	0,1559
2,880735	0,1752
2,881604	0,1666
2,882473	0,1514
2,883342	0,1288
2,884211	0,0909
2,885080	0,0562
2,885949	-0,0009
2,886818	-0,0461
2,887687	-0,0888
2,888556	-0,1276
2,889425	-0,1752
2,890294	-0,1892
2,891163	-0,1978
2,892032	-0,1895
2,892901	-0,1703
2,893770	-0,1498
2,894639	-0,1065
2,895508	-0,0635
2,896377	-0,0024
2,897246	0,0348
2,898115	0,0806
2,898984	0,1205
2,899853	0,1511
2,900722	0,1691
2,901591	0,1666
2,902460	0,1569
2,903329	0,1212
2,904198	0,0977
2,905067	0,0473
2,905936	0,0024
2,906805	-0,0516
2,907674	-0,0867
2,908543	-0,1325
2,909412	-0,1709
2,910281	-0,1898
2,911150	-0,2039
2,912019	-0,1868
2,912888	-0,1788
2,913757	-0,1392
2,914626	-0,1090
2,915495	-0,0491
2,916364	-0,0012
2,917233	0,0501
2,918102	0,0858
2,918971	0,1245
2,919840	0,1587
2,920709	0,1694
2,921578	0,1752
2,922447	0,1486
2,923316	0,1300
2,924185	0,0888
2,925054	0,0528
2,925923	-0,0015
2,926792	-0,0513
2,927661	-0,0888
2,928530	-0,1318
2,929399	-0,1669
2,930268	-0,2023
2,931137	-0,1923
2,932006	-0,1965
2,932875	-0,1697
2,933744	-0,1483
2,934613	-0,1071
2,935482	-0,0580
2,936351	-0,0046
2,937220	0,0418
2,938089	0,0760
2,938958	0,1273
2,939827	0,1550
2,940696	0,1721
2,941565	0,1614
2,942434	0,1559
2,943303	0,1218
2,944172	0,0934
2,945041	0,0516
2,945910	-0,0006
2,946779	-0,0497
2,947648	-0,0928
2,948517	-0,1282
2,949386	-0,1773
2,950255	-0,1910
2,951124	-0,1990
2,951993	-0,1852
2,952862	-0,1746
2,953731	-0,1425
2,954600	-0,1041
2,955469	-0,0519
2,956338	0,0058
2,957207	0,0421
2,958076	0,0894
2,958945	0,1260
2,959814	0,1657
2,960683	0,1685
2,961552	0,1740
2,962421	0,1526
2,963290	0,1257
2,964159	0,0940
2,965028	0,0467
2,965897	-0,0006
2,966766	-0,0577
2,967635	-0,0845
2,968504	-0,1364
2,969373	-0,1709
2,970242	-0,1965
2,971111	-0,1962
2,971980	-0,1917
2,972849	-0,1761
2,973718	-0,1440
2,974587	-0,1129
2,975456	-0,0534
2,976325	-0,0095
2,977194	0,0458
2,978063	0,0739
2,978932	0,1273
2,979801	0,1547
2,980670	0,1727
2,981539	0,1675
2,982408	0,1520
2,983277	0,1294
2,984146	0,0906
2,985015	0,0555
2,985884	-0,0064
2,986753	-0,0467
2,987622	-0,0916
2,988491	-0,1282
2,989360	-0,1758
2,990229	-0,1965
2,991098	-0,1999
2,991967	-0,1926
2,992836	-0,1712
2,993705	-0,1489
2,994574	-0,1013
2,995443	-0,0571
2,996312	0,0046
2,997181	0,0418
2,998050	0,0891
2,998919	0,1288
2,999788	0,1617
3,000657	0,1752
3,001526	0,1651
3,002395	0,1584
3,003264	0,1230
3,004133	0,0995
3,005002	0,0482
3,005871	0,0009
3,006740	-0,0552
3,007609	-0,0900
3,008478	-0,1325
3,009347	-0,1779
3,010216	-0,1935
3,011085	-0,2051
3,011954	-0,1889
3,012823	-0,1813
3,013692	-0,1447
3,014561	-0,1154
3,015430	-0,0589
3,016299	-0,0095
3,017168	0,0385
3,018037	0,0781
3,018906	0,1181
3,019775	0,1596
3,020644	0,1688
3,021513	0,1737
3,022382	0,1508
3,023251	0,1325
3,024120	0,0937
3,024989	0,0574
3,025858	0,0021
3,026727	-0,0504
3,027596	-0,0903
3,028465	-0,1312
3,029334	-0,1688
3,030203	-0,2011
3,031072	-0,1981
3,031941	-0,1971
3,032810	-0,1724
3,033679	-0,1483
3,034548	-0,1093
3,035417	-0,0568
3,036286	-0,0067
3,037155	0,0476
3,038024	0,0800
3,038893	0,1309
3,039762	0,1550
3,040631	0,1788
3,041500	0,1675
3,042369	0,1602
3,043238	0,1282
3,044107	0,0980
3,044976	0,0571
3,045845	-0,0006
3,046714	-0,0473
3,047583	-0,0903
3,048452	-0,1254
3,049321	-0,1776
3,050190	-0,1917
3,051059	-0,2118
3,051928	-0,1914
3,052797	-0,1798
3,053666	-0,1529
3,054535	-0,1129
3,055404	-0,0687
3,056273	-0,0082
3,057142	0,0287
3,058011	0,0790
3,058880	0,1147
3,059749	0,1535
3,060618	0,1675
3,061487	0,1697
3,062356	0,1575
3,063225	0,1309
3,064094	0,1044
3,064963	0,0568
3,065832	0,0119
3,066701	-0,0488
3,067570	-0,0793
3,068439	-0,1300
3,069308	-0,1651
3,070177	-0,1968
3,071046	-0,2005
3,071915	-0,1926
3,072784	-0,1819
3,073653	-0,1462
3,074522	-0,1169
3,075391	-0,0574
3,076260	-0,0122
3,077129	0,0430
3,077998	0,0748
3,078867	0,1273
3,079736	0,1559
3,080605	0,1776
3,081474	0,1712
3,082343	0,1559
3,083212	0,1376
3,084081	0,0970
3,084950	0,0653
3,085819	0,0034
3,086688	-0,0433
3,087557	-0,0861
3,088426	-0,1260
3,089295	-0,1709
3,090164	-0,1959
3,091033	-0,2014
3,091902	-0,2008
3,092771	-0,1776
3,093640	-0,1599
3,094509	-0,1160
3,095378	-0,0726
3,096247	-0,0153
3,097116	0,0314
3,097985	0,0699
3,098854	0,1172
3,099723	0,1425
3,100592	0,1733
3,101461	0,1651
3,102330	0,1636
3,103199	0,1309
3,104068	0,1071
3,104937	0,0638
3,105806	0,0128
3,106675	-0,0375
3,107544	-0,0803
3,108413	-0,1181
3,109282	-0,1688
3,110151	-0,1883
3,111020	-0,2063
3,111889	-0,1914
3,112758	-0,1834
3,113627	-0,1505
3,114496	-0,1187
3,115365	-0,0684
3,116234	-0,0186
3,117103	0,0320
3,117972	0,0769
3,118841	0,1132
3,119710	0,1566
3,120579	0,1679
3,121448	0,1752
3,122317	0,1575
3,123186	0,1373
3,124055	0,1038
3,124924	0,0635
3,125793	0,0137
3,126662	-0,0467
3,127531	-0,0766
3,128400	-0,1260
3,129269	-0,1624
3,130138	-0,2002
3,131007	-0,1990
3,131876	-0,2017
3,132745	-0,1825
3,133614	-0,1572
3,134483	-0,1254
3,135352	-0,0699
3,136221	-0,0284
3,137090	0,0314
3,137959	0,0604
3,138828	0,1151
3,139697	0,1447
3,140566	0,1703
3,141435	0,1715
3,142304	0,1590
3,143173	0,1401
3,144042	0,1050
3,144911	0,0732
3,145780	0,0131
3,146649	-0,0336
3,147518	-0,0772
3,148387	-0,1135
3,149256	-0,1654
3,150125	-0,1843
3,150994	-0,1971
3,151863	-0,1959
3,152732	-0,1798
3,153601	-0,1602
3,154470	-0,1166
3,155339	-0,0760
3,156208	-0,0131
3,157077	0,0269
3,157946	0,0690
3,158815	0,1132
3,159684	0,1520
3,160553	0,1691
3,161422	0,1694
3,162291	0,1651
3,163160	0,1340
3,164029	0,1108
3,164898	0,0629
3,165767	0,0180
3,166636	-0,0406
3,167505	-0,0742
3,168374	-0,1190
3,169243	-0,1648
3,170112	-0,1938
3,170981	-0,2039
3,171850	-0,1935
3,172719	-0,1889
3,173588	-0,1569
3,174457	-0,1285
3,175326	-0,0742
3,176195	-0,0262
3,177064	0,0244
3,177933	0,0604
3,178802	0,1071
3,179671	0,1498
3,180540	0,1553
3,181409	0,1737
3,182278	0,1547
3,183147	0,1425
3,184016	0,1074
3,184885	0,0745
3,185754	0,0204
3,186623	-0,0317
3,187492	-0,0690
3,188361	-0,1157
3,189230	-0,1563
3,190099	-0,1907
3,190968	-0,1917
3,191837	-0,2033
3,192706	-0,1788
3,193575	-0,1596
3,194444	-0,1221
3,195313	-0,0751
3,196182	-0,0229
3,197051	0,0293
3,197920	0,0598
3,198789	0,1160
3,199658	0,1447
3,200527	0,1715
3,201396	0,1621
3,202265	0,1636
3,203134	0,1355
3,204003	0,1093
3,204872	0,0705
3,205741	0,0150
3,206610	-0,0327
3,207479	-0,0815
3,208348	-0,1129
3,209217	-0,1672
3,210086	-0,1846
3,210955	-0,2020
3,211824	-0,1950
3,212693	-0,1837
3,213562	-0,1596
3,214431	-0,1239
3,215300	-0,0806
3,216169	-0,0189
3,217038	0,0201
3,217907	0,0641
3,218776	0,1004
3,219645	0,1489
3,220514	0,1614
3,221383	0,1697
3,222252	0,1590
3,223121	0,1361
3,223990	0,1129
3,224859	0,0705
3,225728	0,0256
3,226597	-0,0339
3,227466	-0,0650
3,228335	-0,1135
3,229204	-0,1544
3,230073	-0,1886
3,230942	-0,1968
3,231811	-0,1904
3,232680	-0,1837
3,233549	-0,1529
3,234418	-0,1273
3,235287	-0,0726
3,236156	-0,0272
3,237025	0,0305
3,237894	0,0613
3,238763	0,1108
3,239632	0,1489
3,240501	0,1651
3,241370	0,1721
3,242239	0,1566
3,243108	0,1413
3,243977	0,1022
3,244846	0,0735
3,245715	0,0128
3,246584	-0,0333
3,247453	-0,0793
3,248322	-0,1144
3,249191	-0,1614
3,250060	-0,1917
3,250929	-0,1929
3,251798	-0,1984
3,252667	-0,1773
3,253536	-0,1605
3,254405	-0,1196
3,255274	-0,0809
3,256143	-0,0180
3,257012	0,0247
3,257881	0,0638
3,258750	0,1080
3,259619	0,1404
3,260488	0,1657
3,261357	0,1663
3,262226	0,1633
3,263095	0,1325
3,263964	0,1114
3,264833	0,0696
3,265702	0,0247
3,266571	-0,0302
3,267440	-0,0708
3,268309	-0,1083
3,269178	-0,1587
3,270047	-0,1816
3,270916	-0,1999
3,271785	-0,1877
3,272654	-0,1843
3,273523	-0,1511
3,274392	-0,1242
3,275261	-0,0745
3,276130	-0,0232
3,276999	0,0287
3,277868	0,0674
3,278737	0,1028
3,279606	0,1431
3,280475	0,1611
3,281344	0,1770
3,282213	0,1550
3,283082	0,1376
3,283951	0,1028
3,284820	0,0687
3,285689	0,0165
3,286558	-0,0418
3,287427	-0,0735
3,288296	-0,1209
3,289165	-0,1590
3,290034	-0,1990
3,290903	-0,1926
3,291772	-0,1962
3,292641	-0,1785
3,293510	-0,1563
3,294379	-0,1212
3,295248	-0,0723
3,296117	-0,0223
3,296986	0,0320
3,297855	0,0607
3,298724	0,1120
3,299593	0,1398
3,300462	0,1675
3,301331	0,1614
3,302200	0,1593
3,303069	0,1364
3,303938	0,1047
3,304807	0,0726
3,305676	0,0165
3,306545	-0,0266
3,307414	-0,0742
3,308283	-0,1090
3,309152	-0,1621
3,310021	-0,1837
3,310890	-0,1965
3,311759	-0,1920
3,312628	-0,1788
3,313497	-0,1566
3,314366	-0,1175
3,315235	-0,0784
3,316104	-0,0171
3,316973	0,0235
3,317842	0,0693
3,318711	0,1041
3,319580	0,1474
3,320449	0,1633
3,321318	0,1675
3,322187	0,1584
3,323056	0,1331
3,323925	0,1077
3,324794	0,0613
3,325663	0,0177
3,326532	-0,0424
3,327401	-0,0772
3,328270	-0,1209
3,329139	-0,1617
3,330008	-0,1947
3,330877	-0,1975
3,331746	-0,1993
3,332615	-0,1849
3,333484	-0,1508
3,334353	-0,1245
3,335222	-0,0690
3,336091	-0,0211
3,336960	0,0327
3,337829	0,0638
3,338698	0,1123
3,339567	0,1471
3,340436	0,1654
3,341305	0,1651
3,342174	0,1559
3,343043	0,1407
3,343912	0,1019
3,344781	0,0739
3,345650	0,0168
3,346519	-0,0290
3,347388	-0,0742
3,348257	-0,1080
3,349126	-0,1575
3,349995	-0,1898
3,350864	-0,1926
3,351733	-0,1959
3,352602	-0,1770
3,353471	-0,1599
3,354340	-0,1190
3,355209	-0,0778
3,356078	-0,0189
3,356947	0,0284
3,357816	0,0647
3,358685	0,1093
3,359554	0,1425
3,360423	0,1718
3,361292	0,1663
3,362161	0,1621
3,363030	0,1312
3,363899	0,1086
3,364768	0,0650
3,365637	0,0165
3,366506	-0,0378
3,367375	-0,0806
3,368244	-0,1163
3,369113	-0,1682
3,369982	-0,1914
3,370851	-0,2033
3,371720	-0,1932
3,372589	-0,1874
3,373458	-0,1535
3,374327	-0,1236
3,375196	-0,0754
3,376065	-0,0165
3,376934	0,0284
3,377803	0,0729
3,378672	0,1062
3,379541	0,1492
3,380410	0,1642
3,381279	0,1770
3,382148	0,1575
3,383017	0,1404
3,383886	0,1077
3,384755	0,0723
3,385624	0,0235
3,386493	-0,0336
3,387362	-0,0668
3,388231	-0,1147
3,389100	-0,1520
3,389969	-0,1923
3,390838	-0,1932
3,391707	-0,1965
3,392576	-0,1810
3,393445	-0,1566
3,394314	-0,1254
3,395183	-0,0769
3,396052	-0,0281
3,396921	0,0317
3,397790	0,0598
3,398659	0,1065
3,399528	0,1407
3,400397	0,1657
3,401266	0,1669
3,402135	0,1599
3,403004	0,1392
3,403873	0,1050
3,404742	0,0742
3,405611	0,0156
3,406480	-0,0305
3,407349	-0,0809
3,408218	-0,1135
3,409087	-0,1651
3,409956	-0,1920
3,410825	-0,2045
3,411694	-0,2002
3,412563	-0,1840
3,413432	-0,1633
3,414301	-0,1218
3,415170	-0,0830
3,416039	-0,0192
3,416908	0,0214
3,417777	0,0705
3,418646	0,1035
3,419515	0,1462
3,420384	0,1639
3,421253	0,1749
3,422122	0,1633
3,422991	0,1382
3,423860	0,1154
3,424729	0,0720
3,425598	0,0293
3,426467	-0,0287
3,427336	-0,0681
3,428205	-0,1083
3,429074	-0,1550
3,429943	-0,1846
3,430812	-0,2026
3,431681	-0,1938
3,432550	-0,1898
3,433419	-0,1566
3,434288	-0,1321
3,435157	-0,0806
3,436026	-0,0351
3,436895	0,0232
3,437764	0,0607
3,438633	0,1019
3,439502	0,1440
3,440371	0,1605
3,441240	0,1749
3,442109	0,1556
3,442978	0,1447
3,443847	0,1062
3,444716	0,0772
3,445585	0,0220
3,446454	-0,0302
3,447323	-0,0711
3,448192	-0,1141
3,449061	-0,1556
3,449930	-0,1917
3,450799	-0,2005
3,451668	-0,2066
3,452537	-0,1843
3,453406	-0,1663
3,454275	-0,1260
3,455144	-0,0845
3,456013	-0,0278
3,456882	0,0269
3,457751	0,0601
3,458620	0,1080
3,459489	0,1416
3,460358	0,1715
3,461227	0,1691
3,462096	0,1685
3,462965	0,1413
3,463834	0,1157
3,464703	0,0809
3,465572	0,0284
3,466441	-0,0156
3,467310	-0,0684
3,468179	-0,0989
3,469048	-0,1538
3,469917	-0,1767
3,470786	-0,2029
3,471655	-0,1932
3,472524	-0,1898
3,473393	-0,1648
3,474262	-0,1306
3,475131	-0,0897
3,476000	-0,0305
3,476869	0,0104
3,477738	0,0595
3,478607	0,0946
3,479476	0,1450
3,480345	0,1547
3,481214	0,1697
3,482083	0,1611
3,482952	0,1410
3,483821	0,1166
3,484690	0,0757
3,485559	0,0339
3,486428	-0,0250
3,487297	-0,0616
3,488166	-0,1117
3,489035	-0,1523
3,489904	-0,1917
3,490773	-0,1990
3,491642	-0,2026
3,492511	-0,1923
3,493380	-0,1617
3,494249	-0,1370
3,495118	-0,0833
3,495987	-0,0360
3,496856	0,0214
3,497725	0,0549
3,498594	0,1041
3,499463	0,1413
3,500332	0,1599
3,501201	0,1727
3,502070	0,1633
3,502939	0,1508
3,503808	0,1126
3,504677	0,0867
3,505546	0,0305
3,506415	-0,0134
3,507284	-0,0641
3,508153	-0,0989
3,509022	-0,1474
3,509891	-0,1840
3,510760	-0,1932
3,511629	-0,2017
3,512498	-0,1849
3,513367	-0,1718
3,514236	-0,1325
3,515105	-0,0958
3,515974	-0,0378
3,516843	0,0128
3,517712	0,0482
3,518581	0,0897
3,519450	0,1325
3,520319	0,1666
3,521188	0,1654
3,522057	0,1660
3,522926	0,1404
3,523795	0,1193
3,524664	0,0803
3,525533	0,0351
3,526402	-0,0168
3,527271	-0,0653
3,528140	-0,1013
3,529009	-0,1541
3,529878	-0,1755
3,530747	-0,2066
3,531616	-0,1962
3,532485	-0,1938
3,533354	-0,1651
3,534223	-0,1379
3,535092	-0,0916
3,535961	-0,0357
3,536830	0,0143
3,537699	0,0577
3,538568	0,0934
3,539437	0,1459
3,540306	0,1581
3,541175	0,1755
3,542044	0,1599
3,542913	0,1477
3,543782	0,1190
3,544651	0,0855
3,545520	0,0400
3,546389	-0,0156
3,547258	-0,0543
3,548127	-0,1001
3,548996	-0,1395
3,549865	-0,1831
3,550734	-0,1923
3,551603	-0,2005
3,552472	-0,1886
3,553341	-0,1685
3,554210	-0,1425
3,555079	-0,0934
3,555948	-0,0464
3,556817	0,0137
3,557686	0,0436
3,558555	0,0909
3,559424	0,1318
3,560293	0,1666
3,561162	0,1703
3,562031	0,1645
3,562900	0,1474
3,563769	0,1160
3,564638	0,0873
3,565507	0,0330
3,566376	-0,0107
3,567245	-0,0641
3,568114	-0,0961
3,568983	-0,1505
3,569852	-0,1807
3,570721	-0,2039
3,571590	-0,1987
3,572459	-0,1874
3,573328	-0,1721
3,574197	-0,1334
3,575066	-0,0970
3,575935	-0,0339
3,576804	0,0113
3,577673	0,0549
3,578542	0,0934
3,579411	0,1376
3,580280	0,1599
3,581149	0,1682
3,582018	0,1694
3,582887	0,1422
3,583756	0,1242
3,584625	0,0830
3,585494	0,0430
3,586363	-0,0134
3,587232	-0,0549
3,588101	-0,0952
3,588970	-0,1419
3,589839	-0,1755
3,590708	-0,1962
3,591577	-0,1907
3,592446	-0,1938
3,593315	-0,1642
3,594184	-0,1428
3,595053	-0,0958
3,595922	-0,0449
3,596791	0,0067
3,597660	0,0476
3,598529	0,0858
3,599398	0,1349
3,600267	0,1581
3,601136	0,1733
3,602005	0,1575
3,602874	0,1495
3,603743	0,1141
3,604612	0,0876
3,605481	0,0372
3,606350	-0,0134
3,607219	-0,0583
3,608088	-0,1004
3,608957	-0,1407
3,609826	-0,1834
3,610695	-0,1975
3,611564	-0,2048
3,612433	-0,1846
3,613302	-0,1703
3,614171	-0,1349
3,615040	-0,0955
3,615909	-0,0400
3,616778	0,0168
3,617647	0,0491
3,618516	0,0970
3,619385	0,1337
3,620254	0,1657
3,621123	0,1660
3,621992	0,1672
3,622861	0,1434
3,623730	0,1184
3,624599	0,0855
3,625468	0,0372
3,626337	-0,0107
3,627206	-0,0665
3,628075	-0,0916
3,628944	-0,1453
3,629813	-0,1660
3,630682	-0,1959
3,631551	-0,1907
3,632420	-0,1886
3,633289	-0,1675
3,634158	-0,1373
3,635027	-0,1004
3,635896	-0,0415
3,636765	0,0055
3,637634	0,0528
3,638503	0,0821
3,639372	0,1309
3,640241	0,1529
3,641110	0,1743
3,641979	0,1611
3,642848	0,1431
3,643717	0,1199
3,644586	0,0809
3,645455	0,0421
3,646324	-0,0171
3,647193	-0,0537
3,648062	-0,1022
3,648931	-0,1404
3,649800	-0,1840
3,650669	-0,1947
3,651538	-0,1999
3,652407	-0,1895
3,653276	-0,1636
3,654145	-0,1382
3,655014	-0,0885
3,655883	-0,0424
3,656752	0,0198
3,657621	0,0516
3,658490	0,0980
3,659359	0,1352
3,660228	0,1593
3,661097	0,1685
3,661966	0,1636
3,662835	0,1486
3,663704	0,1117
3,664573	0,0867
3,665442	0,0320
3,666311	-0,0104
3,667180	-0,0650
3,668049	-0,0943
3,668918	-0,1459
3,669787	-0,1764
3,670656	-0,1941
3,671525	-0,1944
3,672394	-0,1834
3,673263	-0,1712
3,674132	-0,1325
3,675001	-0,0989
3,675870	-0,0403
3,676739	0,0055
3,677608	0,0470
3,678477	0,0903
3,679346	0,1288
3,680215	0,1614
3,681084	0,1651
3,681953	0,1679
3,682822	0,1389
3,683691	0,1199
3,684560	0,0797
3,685429	0,0391
3,686298	-0,0168
3,687167	-0,0592
3,688036	-0,0992
3,688905	-0,1483
3,689774	-0,1758
3,690643	-0,2005
3,691512	-0,1914
3,692381	-0,1926
3,693250	-0,1621
3,694119	-0,1367
3,694988	-0,0894
3,695857	-0,0378
3,696726	0,0162
3,697595	0,0577
3,698464	0,0925
3,699333	0,1444
3,700202	0,1621
3,701071	0,1749
3,701940	0,1596
3,702809	0,1486
3,703678	0,1126
3,704547	0,0815
3,705416	0,0354
3,706285	-0,0183
3,707154	-0,0610
3,708023	-0,1022
3,708892	-0,1407
3,709761	-0,1840
3,710630	-0,1923
3,711499	-0,1987
3,712368	-0,1834
3,713237	-0,1675
3,714106	-0,1364
3,714975	-0,0943
3,715844	-0,0449
3,716713	0,0146
3,717582	0,0449
3,718451	0,0919
3,719320	0,1260
3,720189	0,1639
3,721058	0,1627
3,721927	0,1657
3,722796	0,1428
3,723665	0,1160
3,724534	0,0851
3,725403	0,0348
3,726272	-0,0092
3,727141	-0,0659
3,728010	-0,0937
3,728879	-0,1465
3,729748	-0,1746
3,730617	-0,1981
3,731486	-0,1917
3,732355	-0,1871
3,733224	-0,1669
3,734093	-0,1321
3,734962	-0,0958
3,735831	-0,0336
3,736700	0,0113
3,737569	0,0613
3,738438	0,0900
3,739307	0,1425
3,740176	0,1621
3,741045	0,1700
3,741914	0,1679
3,742783	0,1453
3,743652	0,1209
3,744521	0,0797
3,745390	0,0403
3,746259	-0,0208
3,747128	-0,0601
3,747997	-0,1056
3,748866	-0,1422
3,749735	-0,1801
3,750604	-0,1984
3,751473	-0,1944
3,752342	-0,1895
3,753211	-0,1648
3,754080	-0,1422
3,754949	-0,0940
3,755818	-0,0476
3,756687	0,0143
3,757556	0,0464
3,758425	0,0882
3,759294	0,1300
3,760163	0,1581
3,761032	0,1697
3,761901	0,1614
3,762770	0,1505
3,763639	0,1141
3,764508	0,0891
3,765377	0,0375
3,766246	-0,0089
3,767115	-0,0641
3,767984	-0,0964
3,768853	-0,1407
3,769722	-0,1828
3,770591	-0,1965
3,771460	-0,2023
3,772329	-0,1837
3,773198	-0,1718
3,774067	-0,1331
3,774936	-0,0983
3,775805	-0,0388
3,776674	0,0143
3,777543	0,0540
3,778412	0,0955
3,779281	0,1346
3,780150	0,1679
3,781019	0,1685
3,781888	0,1779
3,782757	0,1450
3,783626	0,1233
3,784495	0,0830
3,785364	0,0412
3,786233	-0,0134
3,787102	-0,0635
3,787971	-0,0949
3,788840	-0,1459
3,789709	-0,1807
3,790578	-0,2036
3,791447	-0,2002
3,792316	-0,1950
3,793185	-0,1675
3,794054	-0,1422
3,794923	-0,1022
3,795792	-0,0467
3,796661	0,0031
3,797530	0,0504
3,798399	0,0815
3,799268	0,1343
3,800137	0,1523
3,801006	0,1718
3,801875	0,1642
3,802744	0,1508
3,803613	0,1224
3,804482	0,0879
3,805351	0,0473
3,806220	-0,0104
3,807089	-0,0528
3,807958	-0,0983
3,808827	-0,1331
3,809696	-0,1822
3,810565	-0,1950
3,811434	-0,2011
3,812303	-0,1898
3,813172	-0,1694
3,814041	-0,1428
3,814910	-0,0970
3,815779	-0,0494
3,816648	0,0128
3,817517	0,0439
3,818386	0,0931
3,819255	0,1297
3,820124	0,1642
3,820993	0,1737
3,821862	0,1737
3,822731	0,1529
3,823600	0,1205
3,824469	0,0934
3,825338	0,0397
3,826207	-0,0040
3,827076	-0,0620
3,827945	-0,0916
3,828814	-0,1431
3,829683	-0,1767
3,830552	-0,1953
3,831421	-0,2023
3,832290	-0,1898
3,833159	-0,1776
3,834028	-0,1404
3,834897	-0,1096
3,835766	-0,0494
3,836635	-0,0021
3,837504	0,0439
3,838373	0,0809
3,839242	0,1267
3,840111	0,1566
3,840980	0,1669
3,841849	0,1679
3,842718	0,1477
3,843587	0,1297
3,844456	0,0891
3,845325	0,0525
3,846194	-0,0046
3,847063	-0,0501
3,847932	-0,0903
3,848801	-0,1303
3,849670	-0,1700
3,850539	-0,1975
3,851408	-0,1932
3,852277	-0,1950
3,853146	-0,1685
3,854015	-0,1471
3,854884	-0,1007
3,855753	-0,0525
3,856622	0,0046
3,857491	0,0467
3,858360	0,0864
3,859229	0,1343
3,860098	0,1553
3,860967	0,1782
3,861836	0,1648
3,862705	0,1575
3,863574	0,1227
3,864443	0,0955
3,865312	0,0482
3,866181	-0,0018
3,867050	-0,0516
3,867919	-0,0943
3,868788	-0,1321
3,869657	-0,1801
3,870526	-0,1932
3,871395	-0,2094
3,872264	-0,1959
3,873133	-0,1773
3,874002	-0,1456
3,874871	-0,1080
3,875740	-0,0583
3,876609	0,0003
3,877478	0,0360
3,878347	0,0797
3,879216	0,1163
3,880085	0,1559
3,880954	0,1657
3,881823	0,1691
3,882692	0,1508
3,883561	0,1279
3,884430	0,0992
3,885299	0,0513
3,886168	0,0058
3,887037	-0,0513
3,887906	-0,0809
3,888775	-0,1340
3,889644	-0,1636
3,890513	-0,1971
3,891382	-0,1981
3,892251	-0,1898
3,893120	-0,1767
3,893989	-0,1444
3,894858	-0,1114
3,895727	-0,0507
3,896596	-0,0061
3,897465	0,0455
3,898334	0,0787
3,899203	0,1288
3,900072	0,1596
3,900941	0,1737
3,901810	0,1700
3,902679	0,1526
3,903548	0,1321
3,904417	0,0916
3,905286	0,0565
3,906155	-0,0061
3,907024	-0,0443
3,907893	-0,0909
3,908762	-0,1300
3,909631	-0,1749
3,910500	-0,1962
3,911369	-0,1950
3,912238	-0,1959
3,913107	-0,1721
3,913976	-0,1529
3,914845	-0,1074
3,915714	-0,0641
3,916583	-0,0082
3,917452	0,0317
3,918321	0,0748
3,919190	0,1190
3,920059	0,1474
3,920928	0,1691
3,921797	0,1633
3,922666	0,1587
3,923535	0,1260
3,924404	0,1038
3,925273	0,0555
3,926142	0,0089
3,927011	-0,0375
3,927880	-0,0806
3,928749	-0,1254
3,929618	-0,1697
3,930487	-0,1877
3,931356	-0,2020
3,932225	-0,1862
3,933094	-0,1791
3,933963	-0,1453
3,934832	-0,1126
3,935701	-0,0571
3,936570	-0,0058
3,937439	0,0369
3,938308	0,0803
3,939177	0,1209
3,940046	0,1590
3,940915	0,1660
3,941784	0,1758
3,942653	0,1511
3,943522	0,1318
3,944391	0,0961
3,945260	0,0555
3,946129	0,0031
3,946998	-0,0510
3,947867	-0,0821
3,948736	-0,1352
3,949605	-0,1712
3,950474	-0,2008
3,951343	-0,1932
3,952212	-0,1971
3,953081	-0,1746
3,953950	-0,1502
3,954819	-0,1138
3,955688	-0,0601
3,956557	-0,0128
3,957426	0,0385
3,958295	0,0656
3,959164	0,1212
3,960033	0,1440
3,960902	0,1691
3,961771	0,1602
3,962640	0,1535
3,963509	0,1306
3,964378	0,0995
3,965247	0,0616
3,966116	0,0067
3,966985	-0,0357
3,967854	-0,0836
3,968723	-0,1193
3,969592	-0,1688
3,970461	-0,1886
3,971330	-0,1950
3,972199	-0,1904
3,973068	-0,1733
3,973937	-0,1517
3,974806	-0,1090
3,975675	-0,0644
3,976544	-0,0021
3,977413	0,0314
3,978282	0,0787
3,979151	0,1181
3,980020	0,1572
3,980889	0,1718
3,981758	0,1669
3,982627	0,1566
3,983496	0,1257
3,984365	0,1016
3,985234	0,0516
3,986103	0,0055
3,986972	-0,0519
3,987841	-0,0842
3,988710	-0,1279
3,989579	-0,1675
3,990448	-0,1941
3,991317	-0,1999
3,992186	-0,1871
3,993055	-0,1791
3,993924	-0,1437
3,994793	-0,1157
3,995662	-0,0580
3,996531	-0,0143
3,997400	0,0378
3,998269	0,0723
3,999138	0,1181
4,000007	0,1514
4,000876	0,1584
4,001745	0,1697
4,002614	0,1471
4,003483	0,1331
4,004352	0,0964
4,005221	0,0644
4,006090	0,0089
4,006959	-0,0409
4,007828	-0,0790
4,008697	-0,1239
4,009566	-0,1630
4,010435	-0,1877
4,011304	-0,1895
4,012173	-0,1962
4,013042	-0,1697
4,013911	-0,1502
4,014780	-0,1086
4,015649	-0,0641
4,016518	-0,0070
4,017387	0,0403
4,018256	0,0726
4,019125	0,1212
4,019994	0,1486
4,020863	0,1733
4,021732	0,1587
4,022601	0,1578
4,023470	0,1233
4,024339	0,0986
4,025208	0,0534
4,026077	0,0021
4,026946	-0,0473
4,027815	-0,0888
4,028684	-0,1254
4,029553	-0,1794
4,030422	-0,1886
4,031291	-0,2078
4,032160	-0,1846
4,033029	-0,1746
4,033898	-0,1447
4,034767	-0,1096
4,035636	-0,0613
4,036505	-0,0070
4,037374	0,0336
4,038243	0,0787
4,039112	0,1129
4,039981	0,1544
4,040850	0,1563
4,041719	0,1648
4,042588	0,1505
4,043457	0,1282
4,044326	0,1001
4,045195	0,0568
4,046064	0,0107
4,046933	-0,0470
4,047802	-0,0815
4,048671	-0,1267
4,049540	-0,1581
4,050409	-0,1941
4,051278	-0,1907
4,052147	-0,1898
4,053016	-0,1730
4,053885	-0,1444
4,054754	-0,1126
4,055623	-0,0558
4,056492	-0,0122
4,057361	0,0397
4,058230	0,0717
4,059099	0,1239
4,059968	0,1486
4,060837	0,1709
4,061706	0,1645
4,062575	0,1502
4,063444	0,1288
4,064313	0,0916
4,065182	0,0562
4,066051	-0,0027
4,066920	-0,0464
4,067789	-0,0922
4,068658	-0,1263
4,069527	-0,1755
4,070396	-0,1920
4,071265	-0,1959
4,072134	-0,1917
4,073003	-0,1700
4,073872	-0,1495
4,074741	-0,1025
4,075610	-0,0607
4,076479	-0,0031
4,077348	0,0363
4,078217	0,0793
4,079086	0,1190
4,079955	0,1535
4,080824	0,1636
4,081693	0,1578
4,082562	0,1563
4,083431	0,1227
4,084300	0,1016
4,085169	0,0531
4,086038	0,0107
4,086907	-0,0452
4,087776	-0,0793
4,088645	-0,1245
4,089514	-0,1663
4,090383	-0,1880
4,091252	-0,1978
4,092121	-0,1862
4,092990	-0,1782
4,093859	-0,1419
4,094728	-0,1135
4,095597	-0,0565
4,096466	-0,0089
4,097335	0,0403
4,098204	0,0769
4,099073	0,1205
4,099942	0,1553
4,100811	0,1611
4,101680	0,1694
4,102549	0,1480
4,103418	0,1306
4,104287	0,0909
4,105156	0,0558
4,106025	-0,0015
4,106894	-0,0513
4,107763	-0,0888
4,108632	-0,1303
4,109501	-0,1733
4,110370	-0,2017
4,111239	-0,1968
4,112108	-0,1965
4,112977	-0,1694
4,113846	-0,1483
4,114715	-0,1071
4,115584	-0,0586
4,116453	-0,0037
4,117322	0,0443
4,118191	0,0754
4,119060	0,1221
4,119929	0,1434
4,120798	0,1694
4,121667	0,1627
4,122536	0,1566
4,123405	0,1270
4,124274	0,0992
4,125143	0,0601
4,126012	0,0046
4,126881	-0,0397
4,127750	-0,0845
4,128619	-0,1178
4,129488	-0,1718
4,130357	-0,1865
4,131226	-0,2008
4,132095	-0,1852
4,132964	-0,1752
4,133833	-0,1489
4,134702	-0,1102
4,135571	-0,0632
4,136440	-0,0034
4,137309	0,0342
4,138178	0,0775
4,139047	0,1114
4,139916	0,1559
4,140785	0,1633
4,141654	0,1694
4,142523	0,1526
4,143392	0,1263
4,144261	0,0989
4,145130	0,0522
4,145999	0,0055
4,146868	-0,0549
4,147737	-0,0827
4,148606	-0,1321
4,149475	-0,1688
4,150344	-0,1950
4,151213	-0,2051
4,152082	-0,1941
4,152951	-0,1785
4,153820	-0,1456
4,154689	-0,1151
4,155558	-0,0568
4,156427	-0,0095
4,157296	0,0476
4,158165	0,0714
4,159034	0,1205
4,159903	0,1492
4,160772	0,1688
4,161641	0,1740
4,162510	0,1535
4,163379	0,1346
4,164248	0,0958
4,165117	0,0656
4,165986	0,0076
4,166855	-0,0372
4,167724	-0,0793
4,168593	-0,1181
4,169462	-0,1617
4,170331	-0,1895
4,171200	-0,1978
4,172069	-0,1968
4,172938	-0,1730
4,173807	-0,1556
4,174676	-0,1114
4,175545	-0,0693
4,176414	-0,0107
4,177283	0,0363
4,178152	0,0751
4,179021	0,1163
4,179890	0,1453
4,180759	0,1724
4,181628	0,1624
4,182497	0,1590
4,183366	0,1263
4,184235	0,1028
4,185104	0,0568
4,185973	0,0079
4,186842	-0,0461
4,187711	-0,0867
4,188580	-0,1236
4,189449	-0,1709
4,190318	-0,1907
4,191187	-0,2118
4,192056	-0,1874
4,192925	-0,1834
4,193794	-0,1462
4,194663	-0,1160
4,195532	-0,0653
4,196401	-0,0107
4,197270	0,0348
4,198139	0,0784
4,199008	0,1111
4,199877	0,1526
4,200746	0,1642
4,201615	0,1743
4,202484	0,1538
4,203353	0,1361
4,204222	0,1044
4,205091	0,0650
4,205960	0,0171
4,206829	-0,0388
4,207698	-0,0723
4,208567	-0,1190
4,209436	-0,1563
4,210305	-0,1923
4,211174	-0,1935
4,212043	-0,1959
4,212912	-0,1798
4,213781	-0,1544
4,214650	-0,1212
4,215519	-0,0681
4,216388	-0,0217
4,217257	0,0363
4,218126	0,0623
4,218995	0,1160
4,219864	0,1444
4,220733	0,1688
4,221602	0,1660
4,222471	0,1556
4,223340	0,1340
4,224209	0,1001
4,225078	0,0671
4,225947	0,0064
4,226816	-0,0369
4,227685	-0,0839
4,228554	-0,1190
4,229423	-0,1685
4,230292	-0,1917
4,231161	-0,2051
4,232030	-0,1993
4,232899	-0,1782
4,233768	-0,1581
4,234637	-0,1144
4,235506	-0,0732
4,236375	-0,0116
4,237244	0,0296
4,238113	0,0735
4,238982	0,1120
4,239851	0,1450
4,240720	0,1685
4,241589	0,1694
4,242458	0,1630
4,243327	0,1337
4,244196	0,1111
4,245065	0,0650
4,245934	0,0226
4,246803	-0,0339
4,247672	-0,0696
4,248541	-0,1144
4,249410	-0,1596
4,250279	-0,1843
4,251148	-0,1996
4,252017	-0,1938
4,252886	-0,1871
4,253755	-0,1529
4,254624	-0,1270
4,255493	-0,0739
4,256362	-0,0226
4,257231	0,0266
4,258100	0,0647
4,258969	0,1074
4,259838	0,1440
4,260707	0,1593
4,261576	0,1721
4,262445	0,1526
4,263314	0,1392
4,264183	0,1032
4,265052	0,0699
4,265921	0,0162
4,266790	-0,0360
4,267659	-0,0735
4,268528	-0,1184
4,269397	-0,1584
4,270266	-0,1929
4,271135	-0,1962
4,272004	-0,2023
4,272873	-0,1801
4,273742	-0,1590
4,274611	-0,1212
4,275480	-0,0739
4,276349	-0,0232
4,277218	0,0272
4,278087	0,0632
4,278956	0,1144
4,279825	0,1401
4,280694	0,1703
4,281563	0,1617
4,282432	0,1621
4,283301	0,1370
4,284170	0,1096
4,285039	0,0748
4,285908	0,0189
4,286777	-0,0241
4,287646	-0,0723
4,288515	-0,1059
4,289384	-0,1590
4,290253	-0,1785
4,291122	-0,1993
4,291991	-0,1923
4,292860	-0,1822
4,293729	-0,1621
4,294598	-0,1245
4,295467	-0,0833
4,296336	-0,0250
4,297205	0,0180
4,298074	0,0656
4,298943	0,1001
4,299812	0,1419
4,300681	0,1563
4,301550	0,1675
4,302419	0,1599
4,303288	0,1346
4,304157	0,1114
4,305026	0,0674
4,305895	0,0235
4,306764	-0,0348
4,307633	-0,0684
4,308502	-0,1151
4,309371	-0,1584
4,310240	-0,1868
4,311109	-0,2011
4,311978	-0,1938
4,312847	-0,1868
4,313716	-0,1541
4,314585	-0,1279
4,315454	-0,0726
4,316323	-0,0281
4,317192	0,0299
4,318061	0,0620
4,318930	0,1086
4,319799	0,1425
4,320668	0,1633
4,321537	0,1666
4,322406	0,1538
4,323275	0,1437
4,324144	0,1071
4,325013	0,0790
4,325882	0,0217
4,326751	-0,0235
4,327620	-0,0656
4,328489	-0,1050
4,329358	-0,1514
4,330227	-0,1852
4,331096	-0,1917
4,331965	-0,1950
4,332834	-0,1788
4,333703	-0,1648
4,334572	-0,1263
4,335441	-0,0851
4,336310	-0,0317
4,337179	0,0192
4,338048	0,0531
4,338917	0,1019
4,339786	0,1355
4,340655	0,1672
4,341524	0,1587
4,342393	0,1614
4,343262	0,1340
4,344131	0,1111
4,345000	0,0732
