0,000869	-0,0189
0,001738	-0,0101
0,002607	-0,0162
0,003476	-0,0159
0,004345	-0,0159
0,005214	-0,0150
0,006083	-0,0143
0,006952	-0,0171
0,007821	-0,0143
0,008690	-0,0150
0,009559	-0,0156
0,010428	-0,0143
0,011297	-0,0153
0,012166	-0,0122
0,013035	-0,0159
0,013904	-0,0150
0,014773	-0,0150
0,015642	-0,0162
0,016511	-0,0208
0,017380	-0,0156
0,018249	-0,0159
0,019118	-0,0153
0,019987	-0,0159
0,020856	-0,0156
0,021725	-0,0146
0,022594	-0,0131
0,023463	-0,0153
0,024332	-0,0143
0,025201	-0,0153
0,026070	-0,0153
0,026939	-0,0143
0,027808	-0,0150
0,028677	-0,0159
0,029546	-0,0171
0,030415	-0,0171
0,031284	-0,0134
0,032153	-0,0137
0,033022	-0,0150
0,033891	-0,0153
0,034760	-0,0153
0,035629	-0,0162
0,036498	-0,0168
0,037367	-0,0125
0,038236	-0,0146
0,039105	-0,0156
0,039974	-0,0134
0,040843	-0,0159
0,041712	-0,0174
0,042581	-0,0162
0,043450	-0,0162
0,044319	-0,0162
0,045188	-0,0156
0,046057	-0,0150
0,046926	-0,0156
0,047795	-0,0156
0,048664	-0,0150
0,049533	-0,0156
0,050402	-0,0214
0,051271	-0,0162
0,052140	-0,0208
0,053009	-0,0153
0,053878	-0,0153
0,054747	-0,0150
0,055616	-0,0150
0,056485	-0,0159
0,057354	-0,0140
0,058223	-0,0180
0,059092	-0,0125
0,059961	-0,0159
0,060830	-0,0146
0,061699	-0,0143
0,062568	-0,0153
0,063437	-0,0146
0,064306	-0,0146
0,065175	-0,0150
0,066044	-0,0156
0,066913	-0,0156
0,067782	-0,0171
0,068651	-0,0183
0,069520	-0,0162
0,070389	-0,0140
0,071258	-0,0137
0,072127	-0,0156
0,072996	-0,0156
0,073865	-0,0153
0,074734	-0,0150
0,075603	-0,0146
0,076472	-0,0159
0,077341	-0,0168
0,078210	-0,0150
0,079079	-0,0150
0,079948	-0,0183
0,080817	-0,0137
0,081686	-0,0131
0,082555	-0,0183
0,083424	-0,0153
0,084293	-0,0159
0,085162	-0,0150
0,086031	-0,0140
0,086900	-0,0140
0,087769	-0,0146
0,088638	-0,0146
0,089507	-0,0150
0,090376	-0,0189
0,091245	-0,0204
0,092114	-0,0174
0,092983	-0,0150
0,093852	-0,0150
0,094721	-0,0156
0,095590	-0,0150
0,096459	-0,0168
0,097328	-0,0159
0,098197	-0,0162
0,099066	-0,0134
0,099935	-0,0143
0,100804	-0,0195
0,101673	-0,0174
0,102542	-0,0156
0,103411	-0,0153
0,104280	-0,0150
0,105149	-0,0156
0,106018	-0,0159
0,106887	-0,0137
0,107756	-0,0146
0,108625	-0,0153
0,109494	-0,0174
0,110363	-0,0140
0,111232	-0,0140
0,112101	-0,0095
0,112970	-0,0153
0,113839	-0,0150
0,114708	-0,0150
0,115577	-0,0159
0,116446	-0,0168
0,117315	-0,0153
0,118184	-0,0137
0,119053	-0,0119
0,119922	-0,0165
0,120791	-0,0171
0,121660	-0,0168
0,122529	-0,0156
0,123398	-0,0159
0,124267	-0,0159
0,125136	-0,0150
0,126005	-0,0146
0,126874	-0,0159
0,127743	-0,0153
0,128612	-0,0143
0,129481	-0,0153
0,130350	-0,0168
0,131219	-0,0162
0,132088	-0,0143
0,132957	-0,0153
0,133826	-0,0146
0,134695	-0,0150
0,135564	-0,0156
0,136433	-0,0177
0,137302	-0,0153
0,138171	-0,0159
0,139040	-0,0177
0,139909	-0,0186
0,140778	-0,0110
0,141647	-0,0137
0,142516	-0,0174
0,143385	-0,0153
0,144254	-0,0150
0,145123	-0,0153
0,145992	-0,0150
0,146861	-0,0180
0,147730	-0,0143
0,148599	-0,0156
0,149468	-0,0159
0,150337	-0,0153
0,151206	-0,0174
0,152075	-0,0150
0,152944	-0,0153
0,153813	-0,0153
0,154682	-0,0153
0,155551	-0,0150
0,156420	-0,0159
0,157289	-0,0156
0,158158	-0,0125
0,159027	-0,0156
0,159896	-0,0156
0,160765	-0,0128
0,161634	-0,0113
0,162503	-0,0153
0,163372	-0,0162
0,164241	-0,0165
0,165110	-0,0146
0,165979	-0,0150
0,166848	-0,0156
0,167717	-0,0168
0,168586	-0,0150
0,169455	-0,0162
0,170324	-0,0131
0,171193	-0,0128
0,172062	-0,0156
0,172931	-0,0153
0,173800	-0,0140
0,174669	-0,0153
0,175538	-0,0153
0,176407	-0,0150
0,177276	-0,0134
0,178145	-0,0162
0,179014	-0,0159
0,179883	-0,0156
0,180752	-0,0156
0,181621	-0,0156
0,182490	-0,0150
0,183359	-0,0140
0,184228	-0,0150
0,185097	-0,0156
0,185966	-0,0156
0,186835	-0,0140
0,187704	-0,0165
0,188573	-0,0165
0,189442	-0,0159
0,190311	-0,0168
0,191180	-0,0211
0,192049	-0,0162
0,192918	-0,0153
0,193787	-0,0156
0,194656	-0,0159
0,195525	-0,0159
0,196394	-0,0159
0,197263	-0,0146
0,198132	-0,0131
0,199001	-0,0153
0,199870	-0,0125
0,200739	-0,0104
0,201608	-0,0168
0,202477	-0,0174
0,203346	-0,0162
0,204215	-0,0159
0,205084	-0,0153
0,205953	-0,0150
0,206822	-0,0146
0,207691	-0,0156
0,208560	-0,0143
0,209429	-0,0153
0,210298	-0,0122
0,211167	-0,0107
0,212036	-0,0165
0,212905	-0,0153
0,213774	-0,0156
0,214643	-0,0153
0,215512	-0,0156
0,216381	-0,0162
0,217250	-0,0150
0,218119	-0,0153
0,218988	-0,0128
0,219857	-0,0137
0,220726	-0,0146
0,221595	-0,0192
0,222464	-0,0150
0,223333	-0,0156
0,224202	-0,0156
0,225071	-0,0150
0,225940	-0,0153
0,226809	-0,0146
0,227678	-0,0162
0,228547	-0,0171
0,229416	-0,0146
0,230285	-0,0204
0,231154	-0,0153
0,232023	-0,0146
0,232892	-0,0153
0,233761	-0,0153
0,234630	-0,0159
0,235499	-0,0156
0,236368	-0,0189
0,237237	-0,0150
0,238106	-0,0128
0,238975	-0,0143
0,239844	-0,0159
0,240713	-0,0140
0,241582	-0,0153
0,242451	-0,0153
0,243320	-0,0162
0,244189	-0,0159
0,245058	-0,0153
0,245927	-0,0153
0,246796	-0,0159
0,247665	-0,0143
0,248534	-0,0150
0,249403	-0,0122
0,250272	-0,0143
0,251141	-0,0140
0,252010	-0,0168
0,252879	-0,0153
0,253748	-0,0146
0,254617	-0,0143
0,255486	-0,0156
0,256355	-0,0156
0,257224	-0,0146
0,258093	-0,0150
0,258962	-0,0137
0,259831	-0,0143
0,260700	-0,0168
0,261569	-0,0162
0,262438	-0,0119
0,263307	-0,0150
0,264176	-0,0153
0,265045	-0,0156
0,265914	-0,0153
0,266783	-0,0150
0,267652	-0,0150
0,268521	-0,0159
0,269390	-0,0165
0,270259	-0,0168
0,271128	-0,0150
0,271997	-0,0189
0,272866	-0,0153
0,273735	-0,0153
0,274604	-0,0150
0,275473	-0,0143
0,276342	-0,0134
0,277211	-0,0153
0,278080	-0,0146
0,278949	-0,0162
0,279818	-0,0168
0,280687	-0,0165
0,281556	-0,0128
0,282425	-0,0146
0,283294	-0,0162
0,284163	-0,0159
0,285032	-0,0153
0,285901	-0,0150
0,286770	-0,0131
0,287639	-0,0143
0,288508	-0,0150
0,289377	-0,0146
0,290246	-0,0125
0,291115	-0,0165
0,291984	-0,0168
0,292853	-0,0143
0,293722	-0,0156
0,294591	-0,0159
0,295460	-0,0153
0,296329	-0,0174
0,297198	-0,0165
0,298067	-0,0140
0,298936	-0,0146
0,299805	-0,0162
0,300674	-0,0140
0,301543	-0,0113
0,302412	-0,0140
0,303281	-0,0150
0,304150	-0,0153
0,305019	-0,0159
0,305888	-0,0156
0,306757	-0,0192
0,307626	-0,0134
0,308495	-0,0153
0,309364	-0,0153
0,310233	-0,0177
0,311102	-0,0150
0,311971	-0,0122
0,312840	-0,0153
0,313709	-0,0146
0,314578	-0,0153
0,315447	-0,0153
0,316316	-0,0156
0,317185	-0,0128
0,318054	-0,0143
0,318923	-0,0168
0,319792	-0,0156
0,320661	-0,0168
0,321530	-0,0128
0,322399	-0,0146
0,323268	-0,0159
0,324137	-0,0168
0,325006	-0,0156
0,325875	-0,0150
0,326744	-0,0137
0,327613	-0,0153
0,328482	-0,0153
0,329351	-0,0153
0,330220	-0,0168
0,331089	-0,0116
0,331958	-0,0134
0,332827	-0,0159
0,333696	-0,0146
0,334565	-0,0146
0,335434	-0,0153
0,336303	-0,0165
0,337172	-0,0183
0,338041	-0,0125
0,338910	-0,0183
0,339779	-0,0125
0,340648	-0,0150
0,341517	-0,0122
0,342386	-0,0180
0,343255	-0,0153
0,344124	-0,0150
0,344993	-0,0150
0,345862	-0,0143
0,346731	-0,0128
0,347600	-0,0159
0,348469	-0,0156
0,349338	-0,0174
0,350207	-0,0223
0,351076	-0,0153
0,351945	-0,0125
0,352814	-0,0153
0,353683	-0,0153
0,354552	-0,0146
0,355421	-0,0156
0,356290	-0,0162
0,357159	-0,0150
0,358028	-0,0143
0,358897	-0,0156
0,359766	-0,0201
0,360635	-0,0140
0,361504	-0,0153
0,362373	-0,0156
0,363242	-0,0153
0,364111	-0,0165
0,364980	-0,0156
0,365849	-0,0146
0,366718	-0,0128
0,367587	-0,0153
0,368456	-0,0150
0,369325	-0,0192
0,370194	-0,0143
0,371063	-0,0131
0,371932	-0,0168
0,372801	-0,0156
0,373670	-0,0150
0,374539	-0,0162
0,375408	-0,0162
0,376277	-0,0137
0,377146	-0,0174
0,378015	-0,0146
0,378884	-0,0153
0,379753	-0,0128
0,380622	-0,0128
0,381491	-0,0116
0,382360	-0,0143
0,383229	-0,0143
0,384098	-0,0150
0,384967	-0,0162
0,385836	-0,0159
0,386705	-0,0125
0,387574	-0,0150
0,388443	-0,0153
0,389312	-0,0168
0,390181	-0,0162
0,391050	-0,0137
0,391919	-0,0174
0,392788	-0,0153
0,393657	-0,0146
0,394526	-0,0143
0,395395	-0,0153
0,396264	-0,0159
0,397133	-0,0171
0,398002	-0,0140
0,398871	-0,0162
0,399740	-0,0156
0,400609	-0,0143
0,401478	-0,0113
0,402347	-0,0177
0,403216	-0,0156
0,404085	-0,0159
0,404954	-0,0150
0,405823	-0,0153
0,406692	-0,0125
0,407561	-0,0165
0,408430	-0,0146
0,409299	-0,0150
0,410168	-0,0183
0,411037	-0,0171
0,411906	-0,0125
0,412775	-0,0143
0,413644	-0,0156
0,414513	-0,0143
0,415382	-0,0156
0,416251	-0,0177
0,417120	-0,0134
0,417989	-0,0183
0,418858	-0,0153
0,419727	-0,0125
0,420596	-0,0195
0,421465	-0,0134
0,422334	-0,0143
0,423203	-0,0150
0,424072	-0,0159
0,424941	-0,0143
0,425810	-0,0153
0,426679	-0,0125
0,427548	-0,0140
0,428417	-0,0159
0,429286	-0,0159
0,430155	-0,0165
0,431024	-0,0134
0,431893	-0,0162
0,432762	-0,0150
0,433631	-0,0156
0,434500	-0,0153
0,435369	-0,0156
0,436238	-0,0168
0,437107	-0,0156
0,437976	-0,0180
0,438845	-0,0177
0,439714	-0,0131
0,440583	-0,0143
0,441452	-0,0125
0,442321	-0,0168
0,443190	-0,0159
0,444059	-0,0159
0,444928	-0,0153
0,445797	-0,0156
0,446666	-0,0134
0,447535	-0,0195
0,448404	-0,0174
0,449273	-0,0146
0,450142	-0,0150
0,451011	-0,0165
0,451880	-0,0137
0,452749	-0,0153
0,453618	-0,0140
0,454487	-0,0150
0,455356	-0,0159
0,456225	-0,0159
0,457094	-0,0150
0,457963	-0,0177
0,458832	-0,0159
0,459701	-0,0116
0,460570	-0,0171
0,461439	-0,0146
0,462308	-0,0168
0,463177	-0,0153
0,464046	-0,0153
0,464915	-0,0153
0,465784	-0,0146
0,466653	-0,0122
0,467522	-0,0153
0,468391	-0,0162
0,469260	-0,0165
0,470129	-0,0174
0,470998	-0,0104
0,471867	-0,0140
0,472736	-0,0153
0,473605	-0,0150
0,474474	-0,0156
0,475343	-0,0156
0,476212	-0,0153
0,477081	-0,0137
0,477950	-0,0162
0,478819	-0,0177
0,479688	-0,0119
0,480557	-0,0125
0,481426	-0,0177
0,482295	-0,0146
0,483164	-0,0162
0,484033	-0,0162
0,484902	-0,0146
0,485771	-0,0150
0,486640	-0,0125
0,487509	-0,0159
0,488378	-0,0137
0,489247	-0,0153
0,490116	-0,0162
0,490985	-0,0156
0,491854	-0,0168
0,492723	-0,0146
0,493592	-0,0150
0,494461	-0,0159
0,495330	-0,0156
0,496199	-0,0162
0,497068	-0,0159
0,497937	-0,0174
0,498806	-0,0146
0,499675	-0,0153
0,500544	-0,0153
0,501413	-0,0131
0,502282	-0,0159
0,503151	-0,0146
0,504020	-0,0153
0,504889	-0,0156
0,505758	-0,0146
0,506627	-0,0143
0,507496	-0,0156
0,508365	-0,0159
0,509234	-0,0137
0,510103	-0,0162
0,510972	-0,0177
0,511841	-0,0134
0,512710	-0,0153
0,513579	-0,0156
0,514448	-0,0150
0,515317	-0,0153
0,516186	-0,0159
0,517055	-0,0125
0,517924	-0,0143
0,518793	-0,0153
0,519662	-0,0150
0,520531	-0,0204
0,521400	-0,0122
0,522269	-0,0183
0,523138	-0,0165
0,524007	-0,0165
0,524876	-0,0153
0,525745	-0,0156
0,526614	-0,0140
0,527483	-0,0153
0,528352	-0,0153
0,529221	-0,0159
0,530090	-0,0146
0,530959	-0,0131
0,531828	-0,0168
0,532697	-0,0183
0,533566	-0,0150
0,534435	-0,0143
0,535304	-0,0153
0,536173	-0,0165
0,537042	-0,0153
0,537911	-0,0131
0,538780	-0,0150
0,539649	-0,0153
0,540518	-0,0131
0,541387	-0,0192
0,542256	-0,0156
0,543125	-0,0150
0,543994	-0,0153
0,544863	-0,0150
0,545732	-0,0150
0,546601	-0,0128
0,547470	-0,0153
0,548339	-0,0156
0,549208	-0,0159
0,550077	-0,0125
0,550946	-0,0159
0,551815	-0,0113
0,552684	-0,0153
0,553553	-0,0150
0,554422	-0,0150
0,555291	-0,0143
0,556160	-0,0150
0,557029	-0,0131
0,557898	-0,0131
0,558767	-0,0150
0,559636	-0,0186
0,560505	-0,0208
0,561374	-0,0159
0,562243	-0,0128
0,563112	-0,0150
0,563981	-0,0168
0,564850	-0,0153
0,565719	-0,0143
0,566588	-0,0131
0,567457	-0,0156
0,568326	-0,0159
0,569195	-0,0153
0,570064	-0,0113
0,570933	-0,0162
0,571802	-0,0110
0,572671	-0,0153
0,573540	-0,0156
0,574409	-0,0156
0,575278	-0,0153
0,576147	-0,0165
0,577016	-0,0153
0,577885	-0,0165
0,578754	-0,0168
0,579623	-0,0153
0,580492	-0,0217
0,581361	-0,0162
0,582230	-0,0156
0,583099	-0,0159
0,583968	-0,0143
0,584837	-0,0153
0,585706	-0,0156
0,586575	-0,0128
0,587444	-0,0156
0,588313	-0,0165
0,589182	-0,0162
0,590051	-0,0140
0,590920	-0,0107
0,591789	-0,0128
0,592658	-0,0156
0,593527	-0,0153
0,594396	-0,0146
0,595265	-0,0150
0,596134	-0,0156
0,597003	-0,0159
0,597872	-0,0131
0,598741	-0,0162
0,599610	-0,0131
0,600479	-0,0153
0,601348	-0,0165
0,602217	-0,0177
0,603086	-0,0156
0,603955	-0,0159
0,604824	-0,0153
0,605693	-0,0143
0,606562	-0,0146
0,607431	-0,0156
0,608300	-0,0150
0,609169	-0,0137
0,610038	-0,0137
0,610907	-0,0137
0,611776	-0,0122
0,612645	-0,0153
0,613514	-0,0156
0,614383	-0,0153
0,615252	-0,0159
0,616121	-0,0156
0,616990	-0,0168
0,617859	-0,0156
0,618728	-0,0159
0,619597	-0,0195
0,620466	-0,0165
0,621335	-0,0189
0,622204	-0,0192
0,623073	-0,0146
0,623942	-0,0153
0,624811	-0,0156
0,625680	-0,0150
0,626549	-0,0122
0,627418	-0,0146
0,628287	-0,0165
0,629156	-0,0131
0,630025	-0,0143
0,630894	-0,0171
0,631763	-0,0153
0,632632	-0,0153
0,633501	-0,0146
0,634370	-0,0150
0,635239	-0,0153
0,636108	-0,0153
0,636977	-0,0128
0,637846	-0,0150
0,638715	-0,0137
0,639584	-0,0137
0,640453	-0,0131
0,641322	-0,0143
0,642191	-0,0171
0,643060	-0,0156
0,643929	-0,0156
0,644798	-0,0156
0,645667	-0,0159
0,646536	-0,0137
0,647405	-0,0146
0,648274	-0,0153
0,649143	-0,0150
0,650012	-0,0183
0,650881	-0,0482
0,651750	-0,1013
0,652619	-0,2805
0,653488	-0,5359
0,654357	-0,8267
0,655226	-1,1338
0,656095	-1,4350
0,656964	-1,6654
0,657833	-1,7930
0,658702	-1,8192
0,659571	-1,7392
0,660440	-1,5503
0,661309	-1,2738
0,662178	-0,9302
0,663047	-0,5374
0,663916	-0,1267
0,664785	0,2734
0,665654	0,6513
0,666523	0,9787
0,667392	1,2061
0,668261	1,3334
0,669130	1,3569
0,669999	1,2836
0,670868	1,1115
0,671737	0,8472
0,672606	0,4987
0,673475	0,1126
0,674344	-0,2789
0,675213	-0,6522
0,676082	-0,9955
0,676951	-1,2619
0,677820	-1,4307
0,678689	-1,5003
0,679558	-1,4774
0,680427	-1,3379
0,681296	-1,1087
0,682165	-0,7749
0,683034	-0,3961
0,683903	-0,0040
0,684772	0,3742
0,685641	0,7279
0,686510	1,0385
0,687379	1,2574
0,688248	1,3840
0,689117	1,4042
0,689986	1,3254
0,690855	1,1365
0,691724	0,8536
0,692593	0,5066
0,693462	0,1166
0,694331	-0,2777
0,695200	-0,6586
0,696069	-1,0065
0,696938	-1,2757
0,697807	-1,4454
0,698676	-1,5116
0,699545	-1,4878
0,700414	-1,3517
0,701283	-1,1200
0,702152	-0,7880
0,703021	-0,4105
0,703890	-0,0143
0,704759	0,3623
0,705628	0,7172
0,706497	1,0303
0,707366	1,2485
0,708235	1,3633
0,709104	1,3819
0,709973	1,2940
0,710842	1,1090
0,711711	0,8362
0,712580	0,4895
0,713449	0,0961
0,714318	-0,3012
0,715187	-0,6824
0,716056	-1,0358
0,716925	-1,3111
0,717794	-1,4863
0,718663	-1,5503
0,719532	-1,5140
0,720401	-1,3672
0,721270	-1,1338
0,722139	-0,8228
0,723008	-0,4547
0,723877	-0,0571
0,724746	0,3314
0,725615	0,7016
0,726484	1,0230
0,727353	1,2439
0,728222	1,3608
0,729091	1,3865
0,729960	1,3138
0,730829	1,1249
0,731698	0,8325
0,732567	0,4749
0,733436	0,0787
0,734305	-0,3232
0,735174	-0,7160
0,736043	-1,0852
0,736912	-1,3703
0,737781	-1,5442
0,738650	-1,6156
0,739519	-1,5903
0,740388	-1,4490
0,741257	-1,2094
0,742126	-0,8850
0,742995	-0,5106
0,743864	-0,1138
0,744733	0,2780
0,745602	0,6476
0,746471	0,9656
0,747340	1,1866
0,748209	1,3074
0,749078	1,3404
0,749947	1,2769
0,750816	1,0886
0,751685	0,7950
0,752554	0,4483
0,753423	0,0607
0,754292	-0,3348
0,755161	-0,7166
0,756030	-1,0630
0,756899	-1,3205
0,757768	-1,4786
0,758637	-1,5455
0,759506	-1,5122
0,760375	-1,3590
0,761244	-1,1301
0,762113	-0,8194
0,762982	-0,4532
0,763851	-0,0659
0,764720	0,2991
0,765589	0,6351
0,766458	0,9256
0,767327	1,1383
0,768196	1,2616
0,769065	1,2751
0,769934	1,1960
0,770803	1,0422
0,771672	0,8023
0,772541	0,4675
0,773410	0,0943
0,774279	-0,2802
0,775148	-0,6452
0,776017	-0,9980
0,776886	-1,2894
0,777755	-1,4820
0,778624	-1,5598
0,779493	-1,5439
0,780362	-1,4145
0,781231	-1,1640
0,782100	-0,8203
0,782969	-0,4312
0,783838	-0,0159
0,784707	0,3876
0,785576	0,7605
0,786445	1,0776
0,787314	1,2836
0,788183	1,3990
0,789052	1,4075
0,789921	1,3108
0,790790	1,1191
0,791659	0,8606
0,792528	0,5341
0,793397	0,1657
0,794266	-0,1999
0,795135	-0,5426
0,796004	-0,8722
0,796873	-1,1460
0,797742	-1,3370
0,798611	-1,4289
0,799480	-1,4335
0,800349	-1,3321
0,801218	-1,1106
0,802087	-0,7718
0,802956	-0,3864
0,803825	0,0278
0,804694	0,4315
0,805563	0,7953
0,806432	1,0962
0,807301	1,2946
0,808170	1,4039
0,809039	1,4078
0,809908	1,3202
0,810777	1,1618
0,811646	0,9259
0,812515	0,5969
0,813384	0,2383
0,814253	-0,1251
0,815122	-0,4932
0,815991	-0,8490
0,816860	-1,1316
0,817729	-1,3114
0,818598	-1,3834
0,819467	-1,3590
0,820336	-1,2018
0,821205	-0,9491
0,822074	-0,6265
0,822943	-0,2606
0,823812	0,1209
0,824681	0,4749
0,825550	0,8011
0,826419	1,1039
0,827288	1,3428
0,828157	1,4905
0,829026	1,5296
0,829895	1,4759
0,830764	1,2992
0,831633	0,9912
0,832502	0,6265
0,833371	0,2203
0,834240	-0,1834
0,835109	-0,5463
0,835978	-0,8570
0,836847	-1,0962
0,837716	-1,2604
0,838585	-1,3272
0,839454	-1,3172
0,840323	-1,2326
0,841192	-1,0440
0,842061	-0,7413
0,842930	-0,3644
0,843799	0,0406
0,844668	0,4352
0,845537	0,7852
0,846406	1,0651
0,847275	1,2516
0,848144	1,3562
0,849013	1,3617
0,849882	1,3092
0,850751	1,1777
0,851620	0,9275
0,852489	0,5719
0,853358	0,1712
0,854227	-0,2457
0,855096	-0,6345
0,855965	-0,9595
0,856834	-1,1921
0,857703	-1,3297
0,858572	-1,3855
0,859441	-1,3617
0,860310	-1,2671
0,861179	-1,0843
0,862048	-0,7739
0,862917	-0,4044
0,863786	0,0003
0,864655	0,3961
0,865524	0,7398
0,866393	1,0114
0,867262	1,1954
0,868131	1,3077
0,869000	1,3370
0,869869	1,2946
0,870738	1,1597
0,871607	0,8835
0,872476	0,5148
0,873345	0,1071
0,874214	-0,2905
0,875083	-0,6296
0,875952	-0,9207
0,876821	-1,1673
0,877690	-1,3587
0,878559	-1,4527
0,879428	-1,4634
0,880297	-1,3385
0,881166	-1,0733
0,882035	-0,7456
0,882904	-0,3739
0,883773	-0,0095
0,884642	0,3137
0,885511	0,6354
0,886380	0,9555
0,887249	1,1979
0,888118	1,3318
0,888987	1,3480
0,889856	1,2308
0,890725	1,0178
0,891594	0,7727
0,892463	0,4682
0,893332	0,1279
0,894201	-0,2356
0,895070	-0,6296
0,895939	-1,0004
0,896808	-1,2580
0,897677	-1,3849
0,898546	-1,4130
0,899415	-1,3663
0,900284	-1,2693
0,901153	-1,0993
0,902022	-0,7898
0,902891	-0,3986
0,903760	0,0165
0,904629	0,3879
0,905498	0,6894
0,906367	0,9519
0,907236	1,1808
0,908105	1,3300
0,908974	1,3846
0,909843	1,3095
0,910712	1,0865
0,911581	0,8023
0,912450	0,4868
0,913319	0,1544
0,914188	-0,1843
0,915057	-0,5612
0,915926	-0,9223
0,916795	-1,1829
0,917664	-1,3050
0,918533	-1,3291
0,919402	-1,2885
0,920271	-1,2058
0,921140	-1,0172
0,922009	-0,6973
0,922878	-0,3101
0,923747	0,0858
0,924616	0,4218
0,925485	0,7093
0,926354	1,0126
0,927223	1,2693
0,928092	1,4048
0,928961	1,4066
0,929830	1,2726
0,930699	1,0749
0,931568	0,8722
0,932437	0,5658
0,933306	0,1941
0,934175	-0,2219
0,935044	-0,5930
0,935913	-0,8698
0,936782	-1,0871
0,937651	-1,2580
0,938520	-1,3559
0,939389	-1,3556
0,940258	-1,1823
0,941127	-0,9278
0,941996	-0,6482
0,942865	-0,3391
0,943734	-0,0003
0,944603	0,3931
0,945472	0,7675
0,946341	1,0352
0,947210	1,1902
0,948079	1,2937
0,948948	1,3410
0,949817	1,3053
0,950686	1,0929
0,951555	0,7859
0,952424	0,4636
0,953293	0,1401
0,954162	-0,1987
0,955031	-0,5869
0,955900	-0,9391
0,956769	-1,1545
0,957638	-1,2683
0,958507	-1,3294
0,959376	-1,3541
0,960245	-1,2430
0,961114	-0,9732
0,961983	-0,6549
0,962852	-0,3284
0,963721	-0,0119
0,964590	0,3546
0,965459	0,7321
0,966328	1,0092
0,967197	1,1554
0,968066	1,2482
0,968935	1,3074
0,969804	1,2626
0,970673	1,0376
0,971542	0,7514
0,972411	0,4535
0,973280	0,1361
0,974149	-0,2307
0,975018	-0,6275
0,975887	-0,9281
0,976756	-1,1170
0,977625	-1,2632
0,978494	-1,3678
0,979363	-1,3584
0,980232	-1,1567
0,981101	-0,9210
0,981970	-0,6839
0,982839	-0,3635
0,983708	0,0366
0,984577	0,4263
0,985446	0,6977
0,986315	0,9439
0,987184	1,1753
0,988053	1,3157
0,988922	1,2943
0,989791	1,1515
0,990660	1,0202
0,991529	0,8158
0,992398	0,4700
0,993267	0,0708
0,994136	-0,2640
0,995005	-0,5414
0,995874	-0,8777
0,996743	-1,1609
0,997612	-1,2793
0,998481	-1,2757
0,999350	-1,2595
1,000219	-1,1948
1,001088	-0,9348
1,001957	-0,6110
1,002826	-0,2979
1,003695	0,0134
1,004564	0,3967
1,005433	0,7425
1,006302	0,9632
1,007171	1,1289
1,008040	1,2748
1,008909	1,3099
1,009778	1,1560
1,010647	0,9742
1,011516	0,7865
1,012385	0,4675
1,013254	0,0635
1,014123	-0,2786
1,014992	-0,5417
1,015861	-0,8737
1,016730	-1,1490
1,017599	-1,2491
1,018468	-1,2476
1,019337	-1,2662
1,020206	-1,1579
1,021075	-0,8780
1,021944	-0,5969
1,022813	-0,3128
1,023682	0,0430
1,024551	0,4361
1,025420	0,6970
1,026289	0,9299
1,027158	1,1612
1,028027	1,2732
1,028896	1,2128
1,029765	1,1274
1,030634	1,0260
1,031503	0,7361
1,032372	0,3900
1,033241	0,0858
1,034110	-0,2228
1,034979	-0,6070
1,035848	-0,8786
1,036717	-1,0474
1,037586	-1,2186
1,038455	-1,3044
1,039324	-1,1985
1,040193	-1,0508
1,041062	-0,9140
1,041931	-0,6027
1,042800	-0,2298
1,043669	0,0702
1,044538	0,3760
1,045407	0,7349
1,046276	0,9607
1,047145	1,0962
1,048014	1,2378
1,048883	1,2510
1,049752	1,0843
1,050621	0,9500
1,051490	0,7443
1,052359	0,3876
1,053228	0,0400
1,054097	-0,2298
1,054966	-0,5838
1,055835	-0,8823
1,056704	-1,0428
1,057573	-1,1881
1,058442	-1,2775
1,059311	-1,1664
1,060180	-1,0215
1,061049	-0,8771
1,061918	-0,5606
1,062787	-0,2173
1,063656	0,0555
1,064525	0,3977
1,065394	0,7193
1,066263	0,9043
1,067132	1,0932
1,068001	1,2134
1,068870	1,1469
1,069739	1,0511
1,070608	0,9427
1,071477	0,6458
1,072346	0,3412
1,073215	0,0647
1,074084	-0,3092
1,074953	-0,6156
1,075822	-0,8261
1,076691	-1,0849
1,077560	-1,2125
1,078429	-1,1826
1,079298	-1,1859
1,080167	-1,0566
1,081036	-0,7941
1,081905	-0,5734
1,082774	-0,2747
1,083643	0,1086
1,084512	0,3552
1,085381	0,6372
1,086250	0,9201
1,087119	1,0199
1,087988	1,0950
1,088857	1,1420
1,089726	0,9696
1,090595	0,8405
1,091464	0,6302
1,092333	0,2832
1,093202	-0,0040
1,094071	-0,2976
1,094940	-0,6391
1,095809	-0,8316
1,096678	-1,0453
1,097547	-1,1963
1,098416	-1,1521
1,099285	-1,1328
1,100154	-1,0135
1,101023	-0,7517
1,101892	-0,5347
1,102761	-0,2258
1,103630	0,1358
1,104499	0,3613
1,105368	0,6781
1,106237	0,8988
1,107106	1,0044
1,107975	1,1289
1,108844	1,0840
1,109713	0,9687
1,110582	0,8689
1,111451	0,5847
1,112320	0,3217
1,113189	0,0491
1,114058	-0,3101
1,114927	-0,5161
1,115796	-0,7825
1,116665	-0,9842
1,117534	-1,0211
1,118403	-1,0895
1,119272	-1,0154
1,120141	-0,8478
1,121010	-0,7083
1,121879	-0,4114
1,122748	-0,1260
1,123617	0,1505
1,124486	0,4798
1,125355	0,6592
1,126224	0,9183
1,127093	1,0462
1,127962	1,0587
1,128831	1,1020
1,129700	0,9308
1,130569	0,7950
1,131438	0,5838
1,132307	0,2631
1,133176	0,0192
1,134045	-0,3198
1,134914	-0,5557
1,135783	-0,7706
1,136652	-0,9864
1,137521	-1,0248
1,138390	-1,0858
1,139259	-1,0105
1,140128	-0,8579
1,140997	-0,7181
1,141866	-0,4321
1,142735	-0,1935
1,143604	0,1025
1,144473	0,3714
1,145342	0,5576
1,146211	0,8002
1,147080	0,8722
1,147949	0,9461
1,148818	0,9204
1,149687	0,7932
1,150556	0,6848
1,151425	0,4300
1,152294	0,2152
1,153163	-0,0815
1,154032	-0,3436
1,154901	-0,5472
1,155770	-0,7907
1,156639	-0,8863
1,157508	-1,0047
1,158377	-0,9711
1,159246	-0,9040
1,160115	-0,7828
1,160984	-0,5622
1,161853	-0,3720
1,162722	-0,0491
1,163591	0,1694
1,164460	0,4492
1,165329	0,6394
1,166198	0,8139
1,167067	0,9516
1,167936	0,9351
1,168805	0,9635
1,169674	0,7993
1,170543	0,6943
1,171412	0,4651
1,172281	0,2194
1,173150	-0,0281
1,174019	-0,3079
1,174888	-0,4825
1,175757	-0,7193
1,176626	-0,8121
1,177495	-0,9281
1,178364	-0,8905
1,179233	-0,8563
1,180102	-0,7163
1,180971	-0,5530
1,181840	-0,3690
1,182709	-0,0925
1,183578	0,1004
1,184447	0,3607
1,185316	0,4956
1,186185	0,6943
1,187054	0,7526
1,187923	0,7993
1,188792	0,7492
1,189661	0,6641
1,190530	0,5365
1,191399	0,3400
1,192268	0,1520
1,193137	-0,1135
1,194006	-0,2774
1,194875	-0,5045
1,195744	-0,6134
1,196613	-0,7654
1,197482	-0,7746
1,198351	-0,7923
1,199220	-0,6894
1,200089	-0,5832
1,200958	-0,4199
1,201827	-0,2280
1,202696	-0,0174
1,203565	0,2087
1,204434	0,3769
1,205303	0,5524
1,206172	0,6540
1,207041	0,7590
1,207910	0,7202
1,208779	0,7218
1,209648	0,5841
1,210517	0,4816
1,211386	0,2765
1,212255	0,1090
1,213124	-0,1459
1,213993	-0,2939
1,214862	-0,5014
1,215731	-0,6003
1,216600	-0,7349
1,217469	-0,7343
1,218338	-0,7556
1,219207	-0,6439
1,220076	-0,5683
1,220945	-0,3925
1,221814	-0,2487
1,222683	-0,0198
1,223552	0,1444
1,224421	0,3366
1,225290	0,4489
1,226159	0,5918
1,227028	0,6308
1,227897	0,6644
1,228766	0,6037
1,229635	0,5502
1,230504	0,4111
1,231373	0,2911
1,232242	0,0961
1,233111	-0,0635
1,233980	-0,2506
1,234849	-0,3607
1,235718	-0,5078
1,236587	-0,5741
1,237456	-0,6262
1,238325	-0,5847
1,239194	-0,5649
1,240063	-0,4471
1,240932	-0,3592
1,241801	-0,1965
1,242670	-0,0629
1,243539	0,1215
1,244408	0,2225
1,245277	0,3623
1,246146	0,4318
1,247015	0,5152
1,247884	0,4968
1,248753	0,4923
1,249622	0,4071
1,250491	0,3409
1,251360	0,2066
1,252229	0,0888
1,253098	-0,0696
1,253967	-0,1837
1,254836	-0,3003
1,255705	-0,3876
1,256574	-0,4611
1,257443	-0,4822
1,258312	-0,4685
1,259181	-0,4312
1,260050	-0,3406
1,260919	-0,2667
1,261788	-0,1483
1,262657	-0,0354
1,263526	0,1047
1,264395	0,1862
1,265264	0,2924
1,266133	0,3458
1,267002	0,4041
1,267871	0,3885
1,268740	0,3827
1,269609	0,3095
1,270478	0,2542
1,271347	0,1602
1,272216	0,0516
1,273085	-0,0714
1,273954	-0,1718
1,274823	-0,2521
1,275692	-0,3317
1,276561	-0,3787
1,277430	-0,4053
1,278299	-0,3757
1,279168	-0,3552
1,280037	-0,2719
1,280906	-0,2176
1,281775	-0,1123
1,282644	-0,0232
1,283513	0,0906
1,284382	0,1596
1,285251	0,2356
1,286120	0,2921
1,286989	0,3223
1,287858	0,3293
1,288727	0,2985
1,289596	0,2704
1,290465	0,1923
1,291334	0,1395
1,292203	0,0323
1,293072	-0,0436
1,293941	-0,1379
1,294810	-0,1892
1,295679	-0,2554
1,296548	-0,2902
1,297417	-0,3040
1,298286	-0,2960
1,299155	-0,2585
1,300024	-0,2173
1,300893	-0,1480
1,301762	-0,0955
1,302631	-0,0006
1,303500	0,0659
1,304369	0,1401
1,305238	0,1828
1,306107	0,2429
1,306976	0,2643
1,307845	0,2655
1,308714	0,2515
1,309583	0,2124
1,310452	0,1727
1,311321	0,1090
1,312190	0,0482
1,313059	-0,0461
1,313928	-0,1038
1,314797	-0,1672
1,315666	-0,2152
1,316535	-0,2649
1,317404	-0,2753
1,318273	-0,2652
1,319142	-0,2490
1,320011	-0,1999
1,320880	-0,1617
1,321749	-0,0931
1,322618	-0,0299
1,323487	0,0513
1,324356	0,1010
1,325225	0,1532
1,326094	0,2005
1,326963	0,2258
1,327832	0,2390
1,328701	0,2188
1,329570	0,2087
1,330439	0,1630
1,331308	0,1233
1,332177	0,0537
1,333046	-0,0156
1,333915	-0,0797
1,334784	-0,1321
1,335653	-0,1810
1,336522	-0,2313
1,337391	-0,2448
1,338260	-0,2554
1,339129	-0,2313
1,339998	-0,2139
1,340867	-0,1703
1,341736	-0,1233
1,342605	-0,0604
1,343474	0,0070
1,344343	0,0525
1,345212	0,1053
1,346081	0,1477
1,346950	0,1868
1,347819	0,1895
1,348688	0,1923
1,349557	0,1755
1,350426	0,1559
1,351295	0,1187
1,352164	0,0552
1,353033	-0,0018
1,353902	-0,0659
1,354771	-0,1010
1,355640	-0,1596
1,356509	-0,1968
1,357378	-0,2243
1,358247	-0,2225
1,359116	-0,2139
1,359985	-0,1917
1,360854	-0,1590
1,361723	-0,1282
1,362592	-0,0568
1,363461	-0,0067
1,364330	0,0476
1,365199	0,0836
1,366068	0,1367
1,366937	0,1660
1,367806	0,1773
1,368675	0,1761
1,369544	0,1596
1,370413	0,1474
1,371282	0,1086
1,372151	0,0610
1,373020	0,0037
1,373889	-0,0406
1,374758	-0,0851
1,375627	-0,1315
1,376496	-0,1724
1,377365	-0,1968
1,378234	-0,1959
1,379103	-0,2020
1,379972	-0,1794
1,380841	-0,1636
1,381710	-0,1239
1,382579	-0,0702
1,383448	-0,0150
1,384317	0,0284
1,385186	0,0638
1,386055	0,1157
1,386924	0,1419
1,387793	0,1614
1,388662	0,1538
1,389531	0,1532
1,390400	0,1328
1,391269	0,1090
1,392138	0,0641
1,393007	0,0024
1,393876	-0,0406
1,394745	-0,0870
1,395614	-0,1254
1,396483	-0,1773
1,397352	-0,1917
1,398221	-0,2033
1,399090	-0,1926
1,399959	-0,1758
1,400828	-0,1535
1,401697	-0,1120
1,402566	-0,0635
1,403435	-0,0031
1,404304	0,0320
1,405173	0,0784
1,406042	0,1190
1,406911	0,1514
1,407780	0,1614
1,408649	0,1602
1,409518	0,1563
1,410387	0,1328
1,411256	0,1111
1,412125	0,0549
1,412994	0,0079
1,413863	-0,0446
1,414732	-0,0797
1,415601	-0,1239
1,416470	-0,1694
1,417339	-0,1849
1,418208	-0,1968
1,419077	-0,1871
1,419946	-0,1785
1,420815	-0,1541
1,421684	-0,1227
1,422553	-0,0690
1,423422	-0,0186
1,424291	0,0229
1,425160	0,0638
1,426029	0,1047
1,426898	0,1422
1,427767	0,1502
1,428636	0,1569
1,429505	0,1428
1,430374	0,1294
1,431243	0,1071
1,432112	0,0650
1,432981	0,0104
1,433850	-0,0439
1,434719	-0,0757
1,435588	-0,1267
1,436457	-0,1654
1,437326	-0,1920
1,438195	-0,1926
1,439064	-0,1923
1,439933	-0,1691
1,440802	-0,1474
1,441671	-0,1205
1,442540	-0,0583
1,443409	-0,0113
1,444278	0,0378
1,445147	0,0696
1,446016	0,1199
1,446885	0,1459
1,447754	0,1617
1,448623	0,1627
1,449492	0,1459
1,450361	0,1364
1,451230	0,1038
1,452099	0,0626
1,452968	0,0031
1,453837	-0,0385
1,454706	-0,0806
1,455575	-0,1236
1,456444	-0,1688
1,457313	-0,1907
1,458182	-0,1935
1,459051	-0,1944
1,459920	-0,1706
1,460789	-0,1584
1,461658	-0,1254
1,462527	-0,0726
1,463396	-0,0180
1,464265	0,0229
1,465134	0,0580
1,466003	0,1096
1,466872	0,1306
1,467741	0,1572
1,468610	0,1517
1,469479	0,1526
1,470348	0,1291
1,471217	0,1083
1,472086	0,0647
1,472955	0,0095
1,473824	-0,0348
1,474693	-0,0790
1,475562	-0,1172
1,476431	-0,1682
1,477300	-0,1846
1,478169	-0,2017
1,479038	-0,1892
1,479907	-0,1755
1,480776	-0,1505
1,481645	-0,1114
1,482514	-0,0668
1,483383	-0,0073
1,484252	0,0299
1,485121	0,0751
1,485990	0,1141
1,486859	0,1508
1,487728	0,1587
1,488597	0,1596
1,489466	0,1578
1,490335	0,1306
1,491204	0,1096
1,492073	0,0607
1,492942	0,0119
1,493811	-0,0433
1,494680	-0,0769
1,495549	-0,1227
1,496418	-0,1682
1,497287	-0,1846
1,498156	-0,1996
1,499025	-0,1889
1,499894	-0,1810
1,500763	-0,1495
1,501632	-0,1260
1,502501	-0,0732
1,503370	-0,0208
1,504239	0,0198
1,505108	0,0607
1,505977	0,1019
1,506846	0,1428
1,507715	0,1498
1,508584	0,1578
1,509453	0,1453
1,510322	0,1343
1,511191	0,1157
1,512060	0,0705
1,512929	0,0159
1,513798	-0,0372
1,514667	-0,0702
1,515536	-0,1209
1,516405	-0,1578
1,517274	-0,1907
1,518143	-0,1929
1,519012	-0,1914
1,519881	-0,1733
1,520750	-0,1523
1,521619	-0,1227
1,522488	-0,0613
1,523357	-0,0165
1,524226	0,0336
1,525095	0,0659
1,525964	0,1166
1,526833	0,1440
1,527702	0,1627
1,528571	0,1651
1,529440	0,1505
1,530309	0,1379
1,531178	0,1044
1,532047	0,0714
1,532916	0,0067
1,533785	-0,0360
1,534654	-0,0790
1,535523	-0,1199
1,536392	-0,1642
1,537261	-0,1874
1,538130	-0,1965
1,538999	-0,1923
1,539868	-0,1721
1,540737	-0,1569
1,541606	-0,1251
1,542475	-0,0781
1,543344	-0,0232
1,544213	0,0204
1,545082	0,0562
1,545951	0,1044
1,546820	0,1328
1,547689	0,1553
1,548558	0,1517
1,549427	0,1529
1,550296	0,1370
1,551165	0,1114
1,552034	0,0717
1,552903	0,0168
1,553772	-0,0275
1,554641	-0,0717
1,555510	-0,1093
1,556379	-0,1617
1,557248	-0,1801
1,558117	-0,1959
1,558986	-0,1843
1,559855	-0,1730
1,560724	-0,1495
1,561593	-0,1144
1,562462	-0,0714
1,563331	-0,0119
1,564200	0,0247
1,565069	0,0705
1,565938	0,1105
1,566807	0,1468
1,567676	0,1578
1,568545	0,1590
1,569414	0,1541
1,570283	0,1288
1,571152	0,1114
1,572021	0,0656
1,572890	0,0128
1,573759	-0,0424
1,574628	-0,0757
1,575497	-0,1221
1,576366	-0,1627
1,577235	-0,1843
1,578104	-0,1971
1,578973	-0,1862
1,579842	-0,1813
1,580711	-0,1505
1,581580	-0,1254
1,582449	-0,0742
1,583318	-0,0232
1,584187	0,0211
1,585056	0,0592
1,585925	0,1028
1,586794	0,1404
1,587663	0,1502
1,588532	0,1593
1,589401	0,1471
1,590270	0,1343
1,591139	0,1123
1,592008	0,0702
1,592877	0,0183
1,593746	-0,0339
1,594615	-0,0659
1,595484	-0,1154
1,596353	-0,1575
1,597222	-0,1868
1,598091	-0,1907
1,598960	-0,1910
1,599829	-0,1721
1,600698	-0,1544
1,601567	-0,1245
1,602436	-0,0671
1,603305	-0,0189
1,604174	0,0323
1,605043	0,0638
1,605912	0,1147
1,606781	0,1453
1,607650	0,1593
1,608519	0,1587
1,609388	0,1508
1,610257	0,1352
1,611126	0,1047
1,611995	0,0678
1,612864	0,0073
1,613733	-0,0354
1,614602	-0,0797
1,615471	-0,1175
1,616340	-0,1648
1,617209	-0,1868
1,618078	-0,1914
1,618947	-0,1917
1,619816	-0,1743
1,620685	-0,1563
1,621554	-0,1236
1,622423	-0,0784
1,623292	-0,0214
1,624161	0,0192
1,625030	0,0562
1,625899	0,1035
1,626768	0,1361
1,627637	0,1556
1,628506	0,1514
1,629375	0,1532
1,630244	0,1331
1,631113	0,1132
1,631982	0,0781
1,632851	0,0189
1,633720	-0,0284
1,634589	-0,0702
1,635458	-0,1071
1,636327	-0,1614
1,637196	-0,1743
1,638065	-0,1914
1,638934	-0,1849
1,639803	-0,1746
1,640672	-0,1523
1,641541	-0,1215
1,642410	-0,0732
1,643279	-0,0146
1,644148	0,0235
1,645017	0,0681
1,645886	0,1077
1,646755	0,1465
1,647624	0,1553
1,648493	0,1605
1,649362	0,1505
1,650231	0,1315
1,651100	0,1129
1,651969	0,0650
1,652838	0,0122
1,653707	-0,0433
1,654576	-0,0735
1,655445	-0,1209
1,656314	-0,1617
1,657183	-0,1849
1,658052	-0,1956
1,658921	-0,1883
1,659790	-0,1794
1,660659	-0,1474
1,661528	-0,1242
1,662397	-0,0778
1,663266	-0,0238
1,664135	0,0226
1,665004	0,0580
1,665873	0,1010
1,666742	0,1373
1,667611	0,1505
1,668480	0,1599
1,669349	0,1434
1,670218	0,1386
1,671087	0,1090
1,671956	0,0684
1,672825	0,0186
1,673694	-0,0311
1,674563	-0,0656
1,675432	-0,1135
1,676301	-0,1520
1,677170	-0,1831
1,678039	-0,1871
1,678908	-0,1889
1,679777	-0,1675
1,680646	-0,1523
1,681515	-0,1209
1,682384	-0,0711
1,683253	-0,0204
1,684122	0,0296
1,684991	0,0604
1,685860	0,1114
1,686729	0,1398
1,687598	0,1584
1,688467	0,1553
1,689336	0,1508
1,690205	0,1318
1,691074	0,0986
1,691943	0,0668
1,692812	0,0073
1,693681	-0,0351
1,694550	-0,0806
1,695419	-0,1157
1,696288	-0,1617
1,697157	-0,1849
1,698026	-0,1917
1,698895	-0,1898
1,699764	-0,1737
1,700633	-0,1544
1,701502	-0,1209
1,702371	-0,0772
1,703240	-0,0204
1,704109	0,0186
1,704978	0,0571
1,705847	0,1013
1,706716	0,1328
1,707585	0,1556
1,708454	0,1514
1,709323	0,1529
1,710192	0,1288
1,711061	0,1151
1,711930	0,0760
1,712799	0,0192
1,713668	-0,0293
1,714537	-0,0687
1,715406	-0,1062
1,716275	-0,1569
1,717144	-0,1743
1,718013	-0,1917
1,718882	-0,1822
1,719751	-0,1718
1,720620	-0,1483
1,721489	-0,1199
1,722358	-0,0705
1,723227	-0,0171
1,724096	0,0250
1,724965	0,0668
1,725834	0,1028
1,726703	0,1456
1,727572	0,1535
1,728441	0,1596
1,729310	0,1483
1,730179	0,1270
1,731048	0,1083
1,731917	0,0641
1,732786	0,0107
1,733655	-0,0436
1,734524	-0,0751
1,735393	-0,1227
1,736262	-0,1605
1,737131	-0,1871
1,738000	-0,1917
1,738869	-0,1865
1,739738	-0,1740
1,740607	-0,1474
1,741476	-0,1285
1,742345	-0,0708
1,743214	-0,0232
1,744083	0,0247
1,744952	0,0571
1,745821	0,1019
1,746690	0,1370
1,747559	0,1508
1,748428	0,1572
1,749297	0,1471
1,750166	0,1358
1,751035	0,1062
1,751904	0,0723
1,752773	0,0186
1,753642	-0,0311
1,754511	-0,0665
1,755380	-0,1086
1,756249	-0,1498
1,757118	-0,1791
1,757987	-0,1849
1,758856	-0,1865
1,759725	-0,1740
1,760594	-0,1544
1,761463	-0,1245
1,762332	-0,0775
1,763201	-0,0220
1,764070	0,0269
1,764939	0,0592
1,765808	0,1099
1,766677	0,1361
1,767546	0,1544
1,768415	0,1538
1,769284	0,1517
1,770153	0,1303
1,771022	0,1059
1,771891	0,0671
1,772760	0,0067
1,773629	-0,0366
1,774498	-0,0812
1,775367	-0,1132
1,776236	-0,1657
1,777105	-0,1822
1,777974	-0,1901
1,778843	-0,1834
1,779712	-0,1721
1,780581	-0,1532
1,781450	-0,1193
1,782319	-0,0781
1,783188	-0,0192
1,784057	0,0204
1,784926	0,0601
1,785795	0,0998
1,786664	0,1340
1,787533	0,1550
1,788402	0,1526
1,789271	0,1535
1,790140	0,1300
1,791009	0,1108
1,791878	0,0723
1,792747	0,0226
1,793616	-0,0290
1,794485	-0,0659
1,795354	-0,1050
1,796223	-0,1544
1,797092	-0,1724
1,797961	-0,1895
1,798830	-0,1813
1,799699	-0,1746
1,800568	-0,1462
1,801437	-0,1245
1,802306	-0,0781
1,803175	-0,0201
1,804044	0,0217
1,804913	0,0616
1,805782	0,0998
1,806651	0,1437
1,807520	0,1520
1,808389	0,1584
1,809258	0,1471
1,810127	0,1325
1,810996	0,1080
1,811865	0,0644
1,812734	0,0143
1,813603	-0,0439
1,814472	-0,0751
1,815341	-0,1209
1,816210	-0,1593
1,817079	-0,1868
1,817948	-0,1923
1,818817	-0,1904
1,819686	-0,1788
1,820555	-0,1474
1,821424	-0,1221
1,822293	-0,0729
1,823162	-0,0253
1,824031	0,0241
1,824900	0,0568
1,825769	0,1025
1,826638	0,1386
1,827507	0,1505
1,828376	0,1602
1,829245	0,1492
1,830114	0,1370
1,830983	0,1144
1,831852	0,0793
1,832721	0,0214
1,833590	-0,0275
1,834459	-0,0653
1,835328	-0,1047
1,836197	-0,1483
1,837066	-0,1810
1,837935	-0,1846
1,838804	-0,1883
1,839673	-0,1685
1,840542	-0,1498
1,841411	-0,1257
1,842280	-0,0769
1,843149	-0,0259
1,844018	0,0235
1,844887	0,0552
1,845756	0,1044
1,846625	0,1358
1,847494	0,1581
1,848363	0,1556
1,849232	0,1526
1,850101	0,1352
1,850970	0,1080
1,851839	0,0714
1,852708	0,0122
1,853577	-0,0330
1,854446	-0,0778
1,855315	-0,1129
1,856184	-0,1648
1,857053	-0,1816
1,857922	-0,1929
1,858791	-0,1901
1,859660	-0,1755
1,860529	-0,1575
1,861398	-0,1209
1,862267	-0,0815
1,863136	-0,0217
1,864005	0,0177
1,864874	0,0574
1,865743	0,0970
1,866612	0,1358
1,867481	0,1538
1,868350	0,1538
1,869219	0,1541
1,870088	0,1355
1,870957	0,1212
1,871826	0,0781
1,872695	0,0287
1,873564	-0,0253
1,874433	-0,0635
1,875302	-0,1016
1,876171	-0,1477
1,877040	-0,1721
1,877909	-0,1935
1,878778	-0,1828
1,879647	-0,1788
1,880516	-0,1495
1,881385	-0,1267
1,882254	-0,0806
1,883123	-0,0259
1,883992	0,0153
1,884861	0,0586
1,885730	0,0964
1,886599	0,1444
1,887468	0,1459
1,888337	0,1587
1,889206	0,1505
1,890075	0,1355
1,890944	0,1126
1,891813	0,0702
1,892682	0,0195
1,893551	-0,0397
1,894420	-0,0705
1,895289	-0,1169
1,896158	-0,1575
1,897027	-0,1865
1,897896	-0,1910
1,898765	-0,1877
1,899634	-0,1773
1,900503	-0,1471
1,901372	-0,1297
1,902241	-0,0739
1,903110	-0,0290
1,903979	0,0214
1,904848	0,0543
1,905717	0,0983
1,906586	0,1361
1,907455	0,1535
1,908324	0,1617
1,909193	0,1514
1,910062	0,1428
1,910931	0,1154
1,911800	0,0824
1,912669	0,0253
1,913538	-0,0217
1,914407	-0,0604
1,915276	-0,1028
1,916145	-0,1462
1,917014	-0,1764
1,917883	-0,1825
1,918752	-0,1868
1,919621	-0,1712
1,920490	-0,1578
1,921359	-0,1306
1,922228	-0,0827
1,923097	-0,0311
1,923966	0,0183
1,924835	0,0494
1,925704	0,0989
1,926573	0,1346
1,927442	0,1578
1,928311	0,1563
1,929180	0,1532
1,930049	0,1370
1,930918	0,1111
1,931787	0,0760
1,932656	0,0150
1,933525	-0,0299
1,934394	-0,0769
1,935263	-0,1105
1,936132	-0,1621
1,937001	-0,1834
1,937870	-0,1975
1,938739	-0,1944
1,939608	-0,1733
1,940477	-0,1566
1,941346	-0,1236
1,942215	-0,0851
1,943084	-0,0247
1,943953	0,0153
1,944822	0,0540
1,945691	0,0964
1,946560	0,1352
1,947429	0,1550
1,948298	0,1553
1,949167	0,1572
1,950036	0,1355
1,950905	0,1248
1,951774	0,0809
1,952643	0,0323
1,953512	-0,0201
1,954381	-0,0595
1,955250	-0,0940
1,956119	-0,1465
1,956988	-0,1691
1,957857	-0,1898
1,958726	-0,1819
1,959595	-0,1794
1,960464	-0,1584
1,961333	-0,1303
1,962202	-0,0894
1,963071	-0,0330
1,963940	0,0095
1,964809	0,0519
1,965678	0,0897
1,966547	0,1386
1,967416	0,1489
1,968285	0,1590
1,969154	0,1520
1,970023	0,1358
1,970892	0,1199
1,971761	0,0745
1,972630	0,0250
1,973499	-0,0330
1,974368	-0,0668
1,975237	-0,1141
1,976106	-0,1563
1,976975	-0,1843
1,977844	-0,1938
1,978713	-0,1886
1,979582	-0,1801
1,980451	-0,1541
1,981320	-0,1318
1,982189	-0,0793
1,983058	-0,0320
1,983927	0,0201
1,984796	0,0513
1,985665	0,0946
1,986534	0,1361
1,987403	0,1520
1,988272	0,1627
1,989141	0,1523
1,990010	0,1468
1,990879	0,1209
1,991748	0,0916
1,992617	0,0330
1,993486	-0,0180
1,994355	-0,0565
1,995224	-0,0992
1,996093	-0,1428
1,996962	-0,1767
1,997831	-0,1849
1,998700	-0,1929
1,999569	-0,1782
2,000438	-0,1599
2,001307	-0,1367
2,002176	-0,0888
2,003045	-0,0385
2,003914	0,0137
2,004783	0,0449
2,005652	0,0961
2,006521	0,1328
2,007390	0,1544
2,008259	0,1569
2,009128	0,1547
2,009997	0,1404
2,010866	0,1093
2,011735	0,0827
2,012604	0,0183
2,013473	-0,0250
2,014342	-0,0726
2,015211	-0,1071
2,016080	-0,1617
2,016949	-0,1831
2,017818	-0,1938
2,018687	-0,1941
2,019556	-0,1779
2,020425	-0,1617
2,021294	-0,1260
2,022163	-0,0909
2,023032	-0,0290
2,023901	0,0128
2,024770	0,0528
2,025639	0,0940
2,026508	0,1315
2,027377	0,1532
2,028246	0,1566
2,029115	0,1593
2,029984	0,1419
2,030853	0,1221
2,031722	0,0867
2,032591	0,0378
2,033460	-0,0150
2,034329	-0,0568
2,035198	-0,0916
2,036067	-0,1456
2,036936	-0,1675
2,037805	-0,1892
2,038674	-0,1840
2,039543	-0,1801
2,040412	-0,1654
2,041281	-0,1361
2,042150	-0,0970
2,043019	-0,0381
2,043888	0,0034
2,044757	0,0461
2,045626	0,0836
2,046495	0,1340
2,047364	0,1498
2,048233	0,1587
2,049102	0,1547
2,049971	0,1389
2,050840	0,1215
2,051709	0,0809
2,052578	0,0314
2,053447	-0,0281
2,054316	-0,0623
2,055185	-0,1090
2,056054	-0,1520
2,056923	-0,1825
2,057792	-0,1926
2,058661	-0,1892
2,059530	-0,1849
2,060399	-0,1611
2,061268	-0,1352
2,062137	-0,0879
2,063006	-0,0348
2,063875	0,0168
2,064744	0,0504
2,065613	0,0934
2,066482	0,1358
2,067351	0,1508
2,068220	0,1642
2,069089	0,1538
2,069958	0,1440
2,070827	0,1242
2,071696	0,0946
2,072565	0,0369
2,073434	-0,0150
2,074303	-0,0522
2,075172	-0,0955
2,076041	-0,1382
2,076910	-0,1764
2,077779	-0,1849
2,078648	-0,1886
2,079517	-0,1813
2,080386	-0,1608
2,081255	-0,1404
2,082124	-0,0925
2,082993	-0,0458
2,083862	0,0076
2,084731	0,0388
2,085600	0,0885
2,086469	0,1263
2,087338	0,1523
2,088207	0,1544
2,089076	0,1550
2,089945	0,1419
2,090814	0,1178
2,091683	0,0885
2,092552	0,0281
2,093421	-0,0183
2,094290	-0,0665
2,095159	-0,1022
2,096028	-0,1535
2,096897	-0,1791
2,097766	-0,1944
2,098635	-0,1981
2,099504	-0,1810
2,100373	-0,1605
2,101242	-0,1325
2,102111	-0,0937
2,102980	-0,0317
2,103849	0,0119
2,104718	0,0507
2,105587	0,0919
2,106456	0,1303
2,107325	0,1547
2,108194	0,1569
2,109063	0,1627
2,109932	0,1401
2,110801	0,1273
2,111670	0,0906
2,112539	0,0400
2,113408	-0,0125
2,114277	-0,0568
2,115146	-0,0922
2,116015	-0,1447
2,116884	-0,1688
2,117753	-0,1898
2,118622	-0,1880
2,119491	-0,1813
2,120360	-0,1675
2,121229	-0,1386
2,122098	-0,0974
2,122967	-0,0421
2,123836	0,0000
2,124705	0,0443
2,125574	0,0818
2,126443	0,1312
2,127312	0,1471
2,128181	0,1581
2,129050	0,1550
2,129919	0,1431
2,130788	0,1282
2,131657	0,0845
2,132526	0,0351
2,133395	-0,0235
2,134264	-0,0592
2,135133	-0,1053
2,136002	-0,1483
2,136871	-0,1801
2,137740	-0,1923
2,138609	-0,1904
2,139478	-0,1840
2,140347	-0,1538
2,141216	-0,1428
2,142085	-0,0858
2,142954	-0,0381
2,143823	0,0134
2,144692	0,0479
2,145561	0,0906
2,146430	0,1312
2,147299	0,1498
2,148168	0,1611
2,149037	0,1532
2,149906	0,1495
2,150775	0,1251
2,151644	0,0946
2,152513	0,0424
2,153382	-0,0134
2,154251	-0,0513
2,155120	-0,0937
2,155989	-0,1379
2,156858	-0,1791
2,157727	-0,1840
2,158596	-0,1917
2,159465	-0,1804
2,160334	-0,1624
2,161203	-0,1404
2,162072	-0,0952
2,162941	-0,0464
2,163810	0,0061
2,164679	0,0369
2,165548	0,0855
2,166417	0,1273
2,167286	0,1495
2,168155	0,1556
2,169024	0,1535
2,169893	0,1404
2,170762	0,1193
2,171631	0,0916
2,172500	0,0305
2,173369	-0,0168
2,174238	-0,0653
2,175107	-0,1007
2,175976	-0,1523
2,176845	-0,1798
2,177714	-0,1929
2,178583	-0,1926
2,179452	-0,1794
2,180321	-0,1593
2,181190	-0,1285
2,182059	-0,0943
2,182928	-0,0314
2,183797	0,0107
2,184666	0,0504
2,185535	0,0906
2,186404	0,1297
2,187273	0,1541
2,188142	0,1535
2,189011	0,1581
2,189880	0,1398
2,190749	0,1242
2,191618	0,0925
2,192487	0,0385
2,193356	-0,0137
2,194225	-0,0552
2,195094	-0,0897
2,195963	-0,1425
2,196832	-0,1675
2,197701	-0,1889
2,198570	-0,1846
2,199439	-0,1807
2,200308	-0,1566
2,201177	-0,1382
2,202046	-0,1016
2,202915	-0,0430
2,203784	-0,0015
2,204653	0,0424
2,205522	0,0787
2,206391	0,1263
2,207260	0,1422
2,208129	0,1553
2,208998	0,1526
2,209867	0,1413
2,210736	0,1282
2,211605	0,0842
2,212474	0,0363
2,213343	-0,0220
2,214212	-0,0580
2,215081	-0,1022
2,215950	-0,1465
2,216819	-0,1804
2,217688	-0,1907
2,218557	-0,1874
2,219426	-0,1819
2,220295	-0,1559
2,221164	-0,1395
2,222033	-0,0885
2,222902	-0,0375
2,223771	0,0165
2,224640	0,0482
2,225509	0,0897
2,226378	0,1309
2,227247	0,1471
2,228116	0,1532
2,228985	0,1505
2,229854	0,1474
2,230723	0,1187
2,231592	0,0919
2,232461	0,0375
2,233330	-0,0134
2,234199	-0,0540
2,235068	-0,0949
2,235937	-0,1370
2,236806	-0,1743
2,237675	-0,1846
2,238544	-0,1874
2,239413	-10,0000
2,240282	-10,0000
2,241151	-10,0000
2,242020	-10,0000
2,242889	-10,0000
2,243758	-10,0000
2,244627	-10,0000
2,245496	-10,0000
2,246365	-10,0000
2,247234	-10,0000
2,248103	-10,0000
2,248972	-10,0000
2,249841	-10,0000
2,250710	-10,0000
2,251579	-10,0000
2,252448	-10,0000
2,253317	-10,0000
2,254186	-10,0000
2,255055	-10,0000
2,255924	-10,0000
2,256793	-10,0000
2,257662	-10,0000
2,258531	-10,0000
2,259400	-10,0000
2,260269	-10,0000
2,261138	-10,0000
2,262007	-10,0000
2,262876	-10,0000
2,263745	-10,0000
2,264614	-10,0000
2,265483	-10,0000
2,266352	-10,0000
2,267221	-10,0000
2,268090	-10,0000
2,268959	-10,0000
2,269828	-10,0000
2,270697	-10,0000
2,271566	-10,0000
2,272435	-10,0000
2,273304	-10,0000
2,274173	-10,0000
2,275042	-10,0000
2,275911	-10,0000
2,276780	-10,0000
2,277649	-10,0000
2,278518	-10,0000
2,279387	-10,0000
2,280256	-10,0000
2,281125	-10,0000
2,281994	-10,0000
2,282863	-10,0000
2,283732	-10,0000
2,284601	-10,0000
2,285470	-10,0000
2,286339	-10,0000
2,287208	-10,0000
2,288077	-10,0000
2,288946	-10,0000
2,289815	-10,0000
2,290684	-10,0000
2,291553	-10,0000
2,292422	-10,0000
2,293291	-10,0000
2,294160	-10,0000
2,295029	-10,0000
2,295898	-10,0000
2,296767	-10,0000
2,297636	-10,0000
2,298505	-10,0000
2,299374	-10,0000
2,300243	-10,0000
2,301112	-10,0000
2,301981	-10,0000
2,302850	-10,0000
2,303719	-10,0000
2,304588	-10,0000
2,305457	-10,0000
2,306326	-10,0000
2,307195	-10,0000
2,308064	-10,0000
2,308933	-10,0000
2,309802	-10,0000
2,310671	-10,0000
2,311540	-10,0000
2,312409	-10,0000
2,313278	-10,0000
2,314147	-10,0000
2,315016	-10,0000
2,315885	-10,0000
2,316754	-10,0000
2,317623	-10,0000
2,318492	-10,0000
2,319361	-10,0000
2,320230	-10,0000
2,321099	-10,0000
2,321968	-10,0000
2,322837	-10,0000
2,323706	-10,0000
2,324575	-10,0000
2,325444	-10,0000
2,326313	-10,0000
2,327182	-10,0000
2,328051	-10,0000
2,328920	-10,0000
2,329789	-10,0000
2,330658	-10,0000
2,331527	-10,0000
2,332396	-10,0000
2,333265	-10,0000
2,334134	-10,0000
2,335003	-10,0000
2,335872	-10,0000
2,336741	-10,0000
2,337610	-10,0000
2,338479	-10,0000
2,339348	-10,0000
2,340217	-10,0000
2,341086	-10,0000
2,341955	-10,0000
2,342824	-10,0000
2,343693	-10,0000
2,344562	-10,0000
2,345431	-10,0000
2,346300	-10,0000
2,347169	-10,0000
2,348038	-10,0000
2,348907	-10,0000
2,349776	-10,0000
2,350645	-10,0000
2,351514	-10,0000
2,352383	-10,0000
2,353252	-10,0000
2,354121	-10,0000
2,354990	-10,0000
2,355859	-10,0000
2,356728	-10,0000
2,357597	-10,0000
2,358466	-10,0000
2,359335	-10,0000
2,360204	-10,0000
2,361073	-10,0000
2,361942	-10,0000
2,362811	-10,0000
2,363680	-10,0000
2,364549	-10,0000
2,365418	-10,0000
2,366287	-10,0000
2,367156	-10,0000
2,368025	-10,0000
2,368894	-10,0000
2,369763	-10,0000
2,370632	-10,0000
2,371501	-10,0000
2,372370	-10,0000
2,373239	-10,0000
2,374108	-10,0000
2,374977	-10,0000
2,375846	-10,0000
2,376715	-10,0000
2,377584	-10,0000
2,378453	-10,0000
2,379322	-10,0000
2,380191	-10,0000
2,381060	-10,0000
2,381929	-10,0000
2,382798	-10,0000
2,383667	-10,0000
2,384536	-10,0000
2,385405	-10,0000
2,386274	-10,0000
2,387143	-10,0000
2,388012	-10,0000
2,388881	-10,0000
2,389750	-10,0000
2,390619	-10,0000
2,391488	-10,0000
2,392357	-10,0000
2,393226	-10,0000
2,394095	-10,0000
2,394964	-10,0000
2,395833	-10,0000
2,396702	-10,0000
2,397571	-10,0000
2,398440	-10,0000
2,399309	-10,0000
2,400178	-10,0000
2,401047	-10,0000
2,401916	-10,0000
2,402785	-10,0000
2,403654	-10,0000
2,404523	-10,0000
2,405392	-10,0000
2,406261	-10,0000
2,407130	-10,0000
2,407999	-10,0000
2,408868	-10,0000
2,409737	-10,0000
2,410606	-10,0000
2,411475	-10,0000
2,412344	-10,0000
2,413213	-10,0000
2,414082	-10,0000
2,414951	-10,0000
2,415820	-10,0000
2,416689	-10,0000
2,417558	-10,0000
2,418427	-10,0000
2,419296	-10,0000
2,420165	-10,0000
2,421034	-10,0000
2,421903	-10,0000
2,422772	-10,0000
2,423641	-10,0000
2,424510	-10,0000
2,425379	-10,0000
2,426248	-10,0000
2,427117	-10,0000
2,427986	-10,0000
2,428855	-10,0000
2,429724	-10,0000
2,430593	-10,0000
2,431462	-10,0000
2,432331	-10,0000
2,433200	-10,0000
2,434069	-10,0000
2,434938	-10,0000
2,435807	-10,0000
2,436676	-10,0000
2,437545	-10,0000
2,438414	-10,0000
2,439283	-10,0000
2,440152	-10,0000
2,441021	-10,0000
2,441890	-10,0000
2,442759	-10,0000
2,443628	-10,0000
2,444497	-10,0000
2,445366	-10,0000
2,446235	-10,0000
2,447104	-10,0000
2,447973	-10,0000
2,448842	-10,0000
2,449711	-10,0000
2,450580	-10,0000
2,451449	-10,0000
2,452318	-10,0000
2,453187	-10,0000
2,454056	-10,0000
2,454925	-10,0000
2,455794	-10,0000
2,456663	-10,0000
2,457532	-10,0000
2,458401	-10,0000
2,459270	-10,0000
2,460139	-10,0000
2,461008	-10,0000
2,461877	-10,0000
2,462746	-10,0000
2,463615	-10,0000
2,464484	-10,0000
2,465353	-10,0000
2,466222	-10,0000
2,467091	-10,0000
2,467960	-10,0000
2,468829	-10,0000
2,469698	-10,0000
2,470567	-10,0000
2,471436	-10,0000
2,472305	-10,0000
2,473174	-10,0000
2,474043	-10,0000
2,474912	-10,0000
2,475781	-10,0000
2,476650	-10,0000
2,477519	-10,0000
2,478388	-10,0000
2,479257	-10,0000
2,480126	-10,0000
2,480995	-10,0000
2,481864	-10,0000
2,482733	-10,0000
2,483602	-10,0000
2,484471	-10,0000
2,485340	-10,0000
2,486209	-10,0000
2,487078	-10,0000
2,487947	-10,0000
2,488816	-10,0000
2,489685	-10,0000
2,490554	-10,0000
2,491423	-10,0000
2,492292	-10,0000
2,493161	-10,0000
2,494030	-10,0000
2,494899	-10,0000
2,495768	-10,0000
2,496637	-10,0000
2,497506	-10,0000
2,498375	-10,0000
2,499244	-10,0000
2,500113	-10,0000
2,500982	-10,0000
2,501851	-10,0000
2,502720	-10,0000
2,503589	-10,0000
2,504458	-10,0000
2,505327	-10,0000
2,506196	-10,0000
2,507065	-10,0000
2,507934	-10,0000
2,508803	-10,0000
2,509672	-10,0000
2,510541	-10,0000
2,511410	-10,0000
2,512279	-10,0000
2,513148	-10,0000
2,514017	-10,0000
2,514886	-10,0000
2,515755	-10,0000
2,516624	-10,0000
2,517493	-10,0000
2,518362	-10,0000
2,519231	-10,0000
2,520100	-10,0000
2,520969	-10,0000
2,521838	-10,0000
2,522707	-10,0000
2,523576	-10,0000
2,524445	-10,0000
2,525314	-10,0000
2,526183	-10,0000
2,527052	-10,0000
2,527921	-10,0000
2,528790	-10,0000
2,529659	-10,0000
2,530528	-10,0000
2,531397	-10,0000
2,532266	-10,0000
2,533135	-10,0000
2,534004	-10,0000
2,534873	-10,0000
2,535742	-10,0000
2,536611	-10,0000
2,537480	-10,0000
2,538349	-10,0000
2,539218	-10,0000
2,540087	-10,0000
2,540956	-10,0000
2,541825	-10,0000
2,542694	-10,0000
2,543563	-10,0000
2,544432	-10,0000
2,545301	-10,0000
2,546170	-10,0000
2,547039	-10,0000
2,547908	-10,0000
2,548777	-10,0000
2,549646	-10,0000
2,550515	-10,0000
2,551384	-10,0000
2,552253	-10,0000
2,553122	-10,0000
2,553991	-10,0000
2,554860	-10,0000
2,555729	-10,0000
2,556598	-10,0000
2,557467	-10,0000
2,558336	-10,0000
2,559205	-10,0000
2,560074	-10,0000
2,560943	-10,0000
2,561812	-10,0000
2,562681	-10,0000
2,563550	-10,0000
2,564419	-10,0000
2,565288	-10,0000
2,566157	-10,0000
2,567026	-10,0000
2,567895	-10,0000
2,568764	-10,0000
2,569633	-10,0000
2,570502	-10,0000
2,571371	-10,0000
2,572240	-10,0000
2,573109	-10,0000
2,573978	-10,0000
2,574847	-10,0000
2,575716	-10,0000
2,576585	-10,0000
2,577454	-10,0000
2,578323	-10,0000
2,579192	-10,0000
2,580061	-10,0000
2,580930	-10,0000
2,581799	-10,0000
2,582668	-10,0000
2,583537	-10,0000
2,584406	-10,0000
2,585275	-10,0000
2,586144	-10,0000
2,587013	-10,0000
2,587882	-10,0000
2,588751	-10,0000
2,589620	-10,0000
2,590489	-10,0000
2,591358	-10,0000
2,592227	-10,0000
2,593096	-10,0000
2,593965	-10,0000
2,594834	-10,0000
2,595703	-10,0000
2,596572	-10,0000
2,597441	-10,0000
2,598310	-10,0000
2,599179	-10,0000
2,600048	-10,0000
2,600917	-10,0000
2,601786	-10,0000
2,602655	-10,0000
2,603524	-10,0000
2,604393	-10,0000
2,605262	-10,0000
2,606131	-10,0000
2,607000	-10,0000
2,607869	-10,0000
2,608738	-10,0000
2,609607	-10,0000
2,610476	-10,0000
2,611345	-10,0000
2,612214	-10,0000
2,613083	-10,0000
2,613952	-10,0000
2,614821	-10,0000
2,615690	-10,0000
2,616559	-10,0000
2,617428	-10,0000
2,618297	-10,0000
2,619166	-10,0000
2,620035	-10,0000
2,620904	-10,0000
2,621773	-10,0000
2,622642	-10,0000
2,623511	-10,0000
2,624380	-10,0000
2,625249	-10,0000
2,626118	-10,0000
2,626987	-10,0000
2,627856	-10,0000
2,628725	-10,0000
2,629594	-10,0000
2,630463	-10,0000
2,631332	-10,0000
2,632201	-10,0000
2,633070	-10,0000
2,633939	-10,0000
2,634808	-10,0000
2,635677	-10,0000
2,636546	-10,0000
2,637415	-10,0000
2,638284	-10,0000
2,639153	-10,0000
2,640022	-10,0000
2,640891	-10,0000
2,641760	-10,0000
2,642629	-10,0000
2,643498	-10,0000
2,644367	-10,0000
2,645236	-10,0000
2,646105	-10,0000
2,646974	-10,0000
2,647843	-10,0000
2,648712	-10,0000
2,649581	-10,0000
2,650450	-10,0000
2,651319	-10,0000
2,652188	-10,0000
2,653057	-10,0000
2,653926	-10,0000
2,654795	-10,0000
2,655664	-10,0000
2,656533	-10,0000
2,657402	-10,0000
2,658271	-10,0000
2,659140	-10,0000
2,660009	-10,0000
2,660878	-10,0000
2,661747	-10,0000
2,662616	-10,0000
2,663485	-10,0000
2,664354	-10,0000
2,665223	-10,0000
2,666092	-10,0000
2,666961	-10,0000
2,667830	-10,0000
2,668699	-10,0000
2,669568	-10,0000
2,670437	-10,0000
2,671306	-10,0000
2,672175	-10,0000
2,673044	-10,0000
2,673913	-10,0000
2,674782	-10,0000
2,675651	-10,0000
2,676520	-10,0000
2,677389	-10,0000
2,678258	-10,0000
2,679127	-10,0000
2,679996	-10,0000
2,680865	-10,0000
2,681734	-10,0000
2,682603	-10,0000
2,683472	-10,0000
2,684341	-10,0000
2,685210	-10,0000
2,686079	-10,0000
2,686948	-10,0000
2,687817	-10,0000
2,688686	-10,0000
2,689555	-10,0000
2,690424	-10,0000
2,691293	-10,0000
2,692162	-10,0000
2,693031	-10,0000
2,693900	-10,0000
2,694769	-10,0000
2,695638	-10,0000
2,696507	-10,0000
2,697376	-10,0000
2,698245	-10,0000
2,699114	-10,0000
2,699983	-10,0000
2,700852	-10,0000
2,701721	-10,0000
2,702590	-10,0000
2,703459	-10,0000
2,704328	-10,0000
2,705197	-10,0000
2,706066	-10,0000
2,706935	-10,0000
2,707804	-10,0000
2,708673	-10,0000
2,709542	-10,0000
2,710411	-10,0000
2,711280	-10,0000
2,712149	-10,0000
2,713018	-10,0000
2,713887	-10,0000
2,714756	-10,0000
2,715625	-10,0000
2,716494	-10,0000
2,717363	-10,0000
2,718232	-10,0000
2,719101	-10,0000
2,719970	-10,0000
2,720839	-10,0000
2,721708	-10,0000
2,722577	-10,0000
2,723446	-10,0000
2,724315	-10,0000
2,725184	-10,0000
2,726053	-10,0000
2,726922	-10,0000
2,727791	-10,0000
2,728660	-10,0000
2,729529	-10,0000
2,730398	-10,0000
2,731267	-10,0000
2,732136	-10,0000
2,733005	-10,0000
2,733874	-10,0000
2,734743	-10,0000
2,735612	-10,0000
2,736481	-10,0000
2,737350	-10,0000
2,738219	-10,0000
2,739088	-10,0000
2,739957	-10,0000
2,740826	-10,0000
2,741695	-10,0000
2,742564	-10,0000
2,743433	-10,0000
2,744302	-10,0000
2,745171	-10,0000
2,746040	-10,0000
2,746909	-10,0000
2,747778	-10,0000
2,748647	-10,0000
2,749516	-10,0000
2,750385	-10,0000
2,751254	-10,0000
2,752123	-10,0000
2,752992	-10,0000
2,753861	-10,0000
2,754730	-10,0000
2,755599	-10,0000
2,756468	-10,0000
2,757337	-10,0000
2,758206	-10,0000
2,759075	-10,0000
2,759944	-10,0000
2,760813	-10,0000
2,761682	-10,0000
2,762551	-10,0000
2,763420	-10,0000
2,764289	-10,0000
2,765158	-10,0000
2,766027	-10,0000
2,766896	-10,0000
2,767765	-10,0000
2,768634	-10,0000
2,769503	-10,0000
2,770372	-10,0000
2,771241	-10,0000
2,772110	-10,0000
2,772979	-10,0000
2,773848	-10,0000
2,774717	-10,0000
2,775586	-10,0000
2,776455	-10,0000
2,777324	-10,0000
2,778193	-10,0000
2,779062	-10,0000
2,779931	-10,0000
2,780800	-10,0000
2,781669	-10,0000
2,782538	-10,0000
2,783407	-10,0000
2,784276	-10,0000
2,785145	-10,0000
2,786014	-10,0000
2,786883	-10,0000
2,787752	-10,0000
2,788621	-10,0000
2,789490	-10,0000
2,790359	-10,0000
2,791228	-10,0000
2,792097	-10,0000
2,792966	-10,0000
2,793835	-10,0000
2,794704	-10,0000
2,795573	-10,0000
2,796442	-10,0000
2,797311	-10,0000
2,798180	-10,0000
2,799049	-10,0000
2,799918	-10,0000
2,800787	-10,0000
2,801656	-10,0000
2,802525	-10,0000
2,803394	-10,0000
2,804263	-10,0000
2,805132	-10,0000
2,806001	-10,0000
2,806870	-10,0000
2,807739	-10,0000
2,808608	-10,0000
2,809477	-10,0000
2,810346	-10,0000
2,811215	-10,0000
2,812084	-10,0000
2,812953	-10,0000
2,813822	-10,0000
2,814691	-10,0000
2,815560	-10,0000
2,816429	-10,0000
2,817298	-10,0000
2,818167	-10,0000
2,819036	-10,0000
2,819905	-10,0000
2,820774	-10,0000
2,821643	-10,0000
2,822512	-10,0000
2,823381	-10,0000
2,824250	-10,0000
2,825119	-10,0000
2,825988	-10,0000
2,826857	-10,0000
2,827726	-10,0000
2,828595	-10,0000
2,829464	-10,0000
2,830333	-10,0000
2,831202	-10,0000
2,832071	-10,0000
2,832940	-10,0000
2,833809	-10,0000
2,834678	-10,0000
2,835547	-10,0000
2,836416	-10,0000
2,837285	-10,0000
2,838154	-10,0000
2,839023	-10,0000
2,839892	-10,0000
2,840761	-10,0000
2,841630	-10,0000
2,842499	-10,0000
2,843368	-10,0000
2,844237	-10,0000
2,845106	-10,0000
2,845975	-10,0000
2,846844	-10,0000
2,847713	-10,0000
2,848582	-10,0000
2,849451	-10,0000
2,850320	-10,0000
2,851189	-10,0000
2,852058	-10,0000
2,852927	-10,0000
2,853796	-10,0000
2,854665	-10,0000
2,855534	-10,0000
2,856403	-10,0000
2,857272	-10,0000
2,858141	-10,0000
2,859010	-10,0000
2,859879	-10,0000
2,860748	-10,0000
2,861617	-10,0000
2,862486	-10,0000
2,863355	-10,0000
2,864224	-10,0000
2,865093	-10,0000
2,865962	-10,0000
2,866831	-10,0000
2,867700	-10,0000
2,868569	-10,0000
2,869438	-10,0000
2,870307	-10,0000
2,871176	-10,0000
2,872045	-10,0000
2,872914	-10,0000
2,873783	-10,0000
2,874652	-10,0000
2,875521	-10,0000
2,876390	-10,0000
2,877259	-10,0000
2,878128	-10,0000
2,878997	-10,0000
2,879866	-10,0000
2,880735	-10,0000
2,881604	-10,0000
2,882473	-10,0000
2,883342	-10,0000
2,884211	-10,0000
2,885080	-10,0000
2,885949	-10,0000
2,886818	-10,0000
2,887687	-10,0000
2,888556	-10,0000
2,889425	-10,0000
2,890294	-10,0000
2,891163	-10,0000
2,892032	-10,0000
2,892901	-10,0000
2,893770	-10,0000
2,894639	-10,0000
2,895508	-10,0000
2,896377	-10,0000
2,897246	-10,0000
2,898115	-10,0000
2,898984	-10,0000
2,899853	-10,0000
2,900722	-10,0000
2,901591	-10,0000
2,902460	-10,0000
2,903329	-10,0000
2,904198	-10,0000
2,905067	-10,0000
2,905936	-10,0000
2,906805	-10,0000
2,907674	-10,0000
2,908543	-10,0000
2,909412	-10,0000
2,910281	-10,0000
2,911150	-10,0000
2,912019	-10,0000
2,912888	-10,0000
2,913757	-10,0000
2,914626	-10,0000
2,915495	-10,0000
2,916364	-10,0000
2,917233	-10,0000
2,918102	-10,0000
2,918971	-10,0000
2,919840	-10,0000
2,920709	-10,0000
2,921578	-10,0000
2,922447	-10,0000
2,923316	-10,0000
2,924185	-10,0000
2,925054	-10,0000
2,925923	-10,0000
2,926792	-10,0000
2,927661	-10,0000
2,928530	-10,0000
2,929399	-10,0000
2,930268	-10,0000
2,931137	-10,0000
2,932006	-10,0000
2,932875	-10,0000
2,933744	-10,0000
2,934613	-10,0000
2,935482	-10,0000
2,936351	-10,0000
2,937220	-10,0000
2,938089	-10,0000
2,938958	-10,0000
2,939827	-10,0000
2,940696	-10,0000
2,941565	-10,0000
2,942434	-10,0000
2,943303	-10,0000
2,944172	-10,0000
2,945041	-10,0000
2,945910	-10,0000
2,946779	-10,0000
2,947648	-10,0000
2,948517	-10,0000
2,949386	-10,0000
2,950255	-10,0000
2,951124	-10,0000
2,951993	-10,0000
2,952862	-10,0000
2,953731	-10,0000
2,954600	-10,0000
2,955469	-10,0000
2,956338	-10,0000
2,957207	-10,0000
2,958076	-10,0000
2,958945	-10,0000
2,959814	-10,0000
2,960683	-10,0000
2,961552	-10,0000
2,962421	-10,0000
2,963290	-10,0000
2,964159	-10,0000
2,965028	-10,0000
2,965897	-10,0000
2,966766	-10,0000
2,967635	-10,0000
2,968504	-10,0000
2,969373	-10,0000
2,970242	-10,0000
2,971111	-10,0000
2,971980	-10,0000
2,972849	-10,0000
2,973718	-10,0000
2,974587	-10,0000
2,975456	-10,0000
2,976325	-10,0000
2,977194	-10,0000
2,978063	-10,0000
2,978932	-10,0000
2,979801	-10,0000
2,980670	-10,0000
2,981539	-10,0000
2,982408	-10,0000
2,983277	-10,0000
2,984146	-10,0000
2,985015	-10,0000
2,985884	-10,0000
2,986753	-10,0000
2,987622	-10,0000
2,988491	-10,0000
2,989360	-10,0000
2,990229	-10,0000
2,991098	-10,0000
2,991967	-10,0000
2,992836	-10,0000
2,993705	-10,0000
2,994574	-10,0000
2,995443	-10,0000
2,996312	-10,0000
2,997181	-10,0000
2,998050	-10,0000
2,998919	-10,0000
2,999788	-10,0000
3,000657	-10,0000
3,001526	-10,0000
3,002395	-10,0000
3,003264	-10,0000
3,004133	-10,0000
3,005002	-10,0000
3,005871	-10,0000
3,006740	-10,0000
3,007609	-10,0000
3,008478	-10,0000
3,009347	-10,0000
3,010216	-10,0000
3,011085	-10,0000
3,011954	-10,0000
3,012823	-10,0000
3,013692	-10,0000
3,014561	-10,0000
3,015430	-10,0000
3,016299	-10,0000
3,017168	-10,0000
3,018037	-10,0000
3,018906	-10,0000
3,019775	-10,0000
3,020644	-10,0000
3,021513	-10,0000
3,022382	-10,0000
3,023251	-10,0000
3,024120	-10,0000
3,024989	-10,0000
3,025858	-10,0000
3,026727	-10,0000
3,027596	-10,0000
3,028465	-10,0000
3,029334	-10,0000
3,030203	-10,0000
3,031072	-10,0000
3,031941	-10,0000
3,032810	-10,0000
3,033679	-10,0000
3,034548	-10,0000
3,035417	-10,0000
3,036286	-10,0000
3,037155	-10,0000
3,038024	-10,0000
3,038893	-10,0000
3,039762	-10,0000
3,040631	-10,0000
3,041500	-10,0000
3,042369	-10,0000
3,043238	-10,0000
3,044107	-10,0000
3,044976	-10,0000
3,045845	-10,0000
3,046714	-10,0000
3,047583	-10,0000
3,048452	-10,0000
3,049321	-10,0000
3,050190	-10,0000
3,051059	-10,0000
3,051928	-10,0000
3,052797	-10,0000
3,053666	-10,0000
3,054535	-10,0000
3,055404	-10,0000
3,056273	-10,0000
3,057142	-10,0000
3,058011	-10,0000
3,058880	-10,0000
3,059749	-10,0000
3,060618	-10,0000
3,061487	-10,0000
3,062356	-10,0000
3,063225	-10,0000
3,064094	-10,0000
3,064963	-10,0000
3,065832	-10,0000
3,066701	-10,0000
3,067570	-10,0000
3,068439	-10,0000
3,069308	-10,0000
3,070177	-10,0000
3,071046	-10,0000
3,071915	-10,0000
3,072784	-10,0000
3,073653	-10,0000
3,074522	-10,0000
3,075391	-10,0000
3,076260	-10,0000
3,077129	-10,0000
3,077998	-10,0000
3,078867	-10,0000
3,079736	-10,0000
3,080605	-10,0000
3,081474	-10,0000
3,082343	-10,0000
3,083212	-10,0000
3,084081	-10,0000
3,084950	-10,0000
3,085819	-10,0000
3,086688	-10,0000
3,087557	-10,0000
3,088426	-10,0000
3,089295	-10,0000
3,090164	-10,0000
3,091033	-10,0000
3,091902	-10,0000
3,092771	-10,0000
3,093640	-10,0000
3,094509	-10,0000
3,095378	-10,0000
3,096247	-10,0000
3,097116	-10,0000
3,097985	-10,0000
3,098854	-10,0000
3,099723	-10,0000
3,100592	-10,0000
3,101461	-10,0000
3,102330	-10,0000
3,103199	-10,0000
3,104068	-10,0000
3,104937	-10,0000
3,105806	-10,0000
3,106675	-10,0000
3,107544	-10,0000
3,108413	-10,0000
3,109282	-10,0000
3,110151	-10,0000
3,111020	-10,0000
3,111889	-10,0000
3,112758	-10,0000
3,113627	-10,0000
3,114496	-10,0000
3,115365	-10,0000
3,116234	-10,0000
3,117103	-10,0000
3,117972	-10,0000
3,118841	-10,0000
3,119710	-10,0000
3,120579	-10,0000
3,121448	-10,0000
3,122317	-10,0000
3,123186	-10,0000
3,124055	-10,0000
3,124924	-10,0000
3,125793	-10,0000
3,126662	-10,0000
3,127531	-10,0000
3,128400	-10,0000
3,129269	-10,0000
3,130138	-10,0000
3,131007	-10,0000
3,131876	-10,0000
3,132745	-10,0000
3,133614	-10,0000
3,134483	-10,0000
3,135352	-10,0000
3,136221	-10,0000
3,137090	-10,0000
3,137959	-10,0000
3,138828	-10,0000
3,139697	-10,0000
3,140566	-10,0000
3,141435	-10,0000
3,142304	-10,0000
3,143173	-10,0000
3,144042	-10,0000
3,144911	-10,0000
3,145780	-10,0000
3,146649	-10,0000
3,147518	-10,0000
3,148387	-10,0000
3,149256	-10,0000
3,150125	-10,0000
3,150994	-10,0000
3,151863	-10,0000
3,152732	-10,0000
3,153601	-10,0000
3,154470	-10,0000
3,155339	-10,0000
3,156208	-10,0000
3,157077	-10,0000
3,157946	-10,0000
3,158815	-10,0000
3,159684	-10,0000
3,160553	-10,0000
3,161422	-10,0000
3,162291	-10,0000
3,163160	-10,0000
3,164029	-10,0000
3,164898	-10,0000
3,165767	-10,0000
3,166636	-10,0000
3,167505	-10,0000
3,168374	-10,0000
3,169243	-10,0000
3,170112	-10,0000
3,170981	-10,0000
3,171850	-10,0000
3,172719	-10,0000
3,173588	-10,0000
3,174457	-10,0000
3,175326	-10,0000
3,176195	-10,0000
3,177064	-10,0000
3,177933	-10,0000
3,178802	-10,0000
3,179671	-10,0000
3,180540	-10,0000
3,181409	-10,0000
3,182278	-10,0000
3,183147	-10,0000
3,184016	-10,0000
3,184885	-10,0000
3,185754	-10,0000
3,186623	-10,0000
3,187492	-10,0000
3,188361	-10,0000
3,189230	-10,0000
3,190099	-10,0000
3,190968	-10,0000
3,191837	-10,0000
3,192706	-10,0000
3,193575	-10,0000
3,194444	-10,0000
3,195313	-10,0000
3,196182	-10,0000
3,197051	-10,0000
3,197920	-10,0000
3,198789	-10,0000
3,199658	-10,0000
3,200527	-10,0000
3,201396	-10,0000
3,202265	-10,0000
3,203134	-10,0000
3,204003	-10,0000
3,204872	-10,0000
3,205741	-10,0000
3,206610	-10,0000
3,207479	-10,0000
3,208348	-10,0000
3,209217	-10,0000
3,210086	-10,0000
3,210955	-10,0000
3,211824	-10,0000
3,212693	-10,0000
3,213562	-10,0000
3,214431	-10,0000
3,215300	-10,0000
3,216169	-10,0000
3,217038	-10,0000
3,217907	-10,0000
3,218776	-10,0000
3,219645	-10,0000
3,220514	-10,0000
3,221383	-10,0000
3,222252	-10,0000
3,223121	-10,0000
3,223990	-10,0000
3,224859	-10,0000
3,225728	-10,0000
3,226597	-10,0000
3,227466	-10,0000
3,228335	-10,0000
3,229204	-10,0000
3,230073	-10,0000
3,230942	-10,0000
3,231811	-10,0000
3,232680	-10,0000
3,233549	-10,0000
3,234418	-10,0000
3,235287	-10,0000
3,236156	-10,0000
3,237025	-10,0000
3,237894	-10,0000
3,238763	-10,0000
3,239632	-10,0000
3,240501	-10,0000
3,241370	-10,0000
3,242239	-10,0000
3,243108	-10,0000
3,243977	-10,0000
3,244846	-10,0000
3,245715	-10,0000
3,246584	-10,0000
3,247453	-10,0000
3,248322	-10,0000
3,249191	-10,0000
3,250060	-10,0000
3,250929	-10,0000
3,251798	-10,0000
3,252667	-10,0000
3,253536	-10,0000
3,254405	-10,0000
3,255274	-10,0000
3,256143	-10,0000
3,257012	-10,0000
3,257881	-10,0000
3,258750	-10,0000
3,259619	-10,0000
3,260488	-10,0000
3,261357	-10,0000
3,262226	-10,0000
3,263095	-10,0000
3,263964	-10,0000
3,264833	-10,0000
3,265702	-10,0000
3,266571	-10,0000
3,267440	-10,0000
3,268309	-10,0000
3,269178	-10,0000
3,270047	-10,0000
3,270916	-10,0000
3,271785	-10,0000
3,272654	-10,0000
3,273523	-10,0000
3,274392	-10,0000
3,275261	-10,0000
3,276130	-10,0000
3,276999	-10,0000
3,277868	-10,0000
3,278737	-10,0000
3,279606	-10,0000
3,280475	-10,0000
3,281344	-10,0000
3,282213	-10,0000
3,283082	-10,0000
3,283951	-10,0000
3,284820	-10,0000
3,285689	-10,0000
3,286558	-10,0000
3,287427	-10,0000
3,288296	-10,0000
3,289165	-10,0000
3,290034	-10,0000
3,290903	-10,0000
3,291772	-10,0000
3,292641	-10,0000
3,293510	-10,0000
3,294379	-10,0000
3,295248	-10,0000
3,296117	-10,0000
3,296986	-10,0000
3,297855	-10,0000
3,298724	-10,0000
3,299593	-10,0000
3,300462	-10,0000
3,301331	-10,0000
3,302200	-10,0000
3,303069	-10,0000
3,303938	-10,0000
3,304807	-10,0000
3,305676	-10,0000
3,306545	-10,0000
3,307414	-10,0000
3,308283	-10,0000
3,309152	-10,0000
3,310021	-10,0000
3,310890	-10,0000
3,311759	-10,0000
3,312628	-10,0000
3,313497	-10,0000
3,314366	-10,0000
3,315235	-10,0000
3,316104	-10,0000
3,316973	-10,0000
3,317842	-10,0000
3,318711	-10,0000
3,319580	-10,0000
3,320449	-10,0000
3,321318	-10,0000
3,322187	-10,0000
3,323056	-10,0000
3,323925	-10,0000
3,324794	-10,0000
3,325663	-10,0000
3,326532	-10,0000
3,327401	-10,0000
3,328270	-10,0000
3,329139	-10,0000
3,330008	-10,0000
3,330877	-10,0000
3,331746	-10,0000
3,332615	-10,0000
3,333484	-10,0000
3,334353	-10,0000
3,335222	-10,0000
3,336091	-10,0000
3,336960	-10,0000
3,337829	-10,0000
3,338698	-10,0000
3,339567	-10,0000
3,340436	-10,0000
3,341305	-10,0000
3,342174	-10,0000
3,343043	-10,0000
3,343912	-10,0000
3,344781	-10,0000
3,345650	-10,0000
3,346519	-10,0000
3,347388	-10,0000
3,348257	-10,0000
3,349126	-10,0000
3,349995	-10,0000
3,350864	-10,0000
3,351733	-10,0000
3,352602	-10,0000
3,353471	-10,0000
3,354340	-10,0000
3,355209	-10,0000
3,356078	-10,0000
3,356947	-10,0000
3,357816	-10,0000
3,358685	-10,0000
3,359554	-10,0000
3,360423	-10,0000
3,361292	-10,0000
3,362161	-10,0000
3,363030	-10,0000
3,363899	-10,0000
3,364768	-10,0000
3,365637	-10,0000
3,366506	-10,0000
3,367375	-10,0000
3,368244	-10,0000
3,369113	-10,0000
3,369982	-10,0000
3,370851	-10,0000
3,371720	-10,0000
3,372589	-10,0000
3,373458	-10,0000
3,374327	-10,0000
3,375196	-10,0000
3,376065	-10,0000
3,376934	-10,0000
3,377803	-10,0000
3,378672	-10,0000
3,379541	-10,0000
3,380410	-10,0000
3,381279	-10,0000
3,382148	-10,0000
3,383017	-10,0000
3,383886	-10,0000
3,384755	-10,0000
3,385624	-10,0000
3,386493	-10,0000
3,387362	-10,0000
3,388231	-10,0000
3,389100	-10,0000
3,389969	-10,0000
3,390838	-10,0000
3,391707	-10,0000
3,392576	-10,0000
3,393445	-10,0000
3,394314	-10,0000
3,395183	-10,0000
3,396052	-10,0000
3,396921	-10,0000
3,397790	-10,0000
3,398659	-10,0000
3,399528	-10,0000
3,400397	-10,0000
3,401266	-10,0000
3,402135	-10,0000
3,403004	-10,0000
3,403873	-10,0000
3,404742	-10,0000
3,405611	-10,0000
3,406480	-10,0000
3,407349	-10,0000
3,408218	-10,0000
3,409087	-10,0000
3,409956	-10,0000
3,410825	-10,0000
3,411694	-10,0000
3,412563	-10,0000
3,413432	-10,0000
3,414301	-10,0000
3,415170	-10,0000
3,416039	-10,0000
3,416908	-10,0000
3,417777	-10,0000
3,418646	-10,0000
3,419515	-10,0000
3,420384	-10,0000
3,421253	-10,0000
3,422122	-10,0000
3,422991	-10,0000
3,423860	-10,0000
3,424729	-10,0000
3,425598	-10,0000
3,426467	-10,0000
3,427336	-10,0000
3,428205	-10,0000
3,429074	-10,0000
3,429943	-10,0000
3,430812	-10,0000
3,431681	-10,0000
3,432550	-10,0000
3,433419	-10,0000
3,434288	-10,0000
3,435157	-10,0000
3,436026	-10,0000
3,436895	-10,0000
3,437764	-10,0000
3,438633	-10,0000
3,439502	-10,0000
3,440371	-10,0000
3,441240	-10,0000
3,442109	-10,0000
3,442978	-10,0000
3,443847	-10,0000
3,444716	-10,0000
3,445585	-10,0000
3,446454	-10,0000
3,447323	-10,0000
3,448192	-10,0000
3,449061	-10,0000
3,449930	-10,0000
3,450799	-10,0000
3,451668	-10,0000
3,452537	-10,0000
3,453406	-10,0000
3,454275	-10,0000
3,455144	-10,0000
3,456013	-10,0000
3,456882	-10,0000
3,457751	-10,0000
3,458620	-10,0000
3,459489	-10,0000
3,460358	-10,0000
3,461227	-10,0000
3,462096	-10,0000
3,462965	-10,0000
3,463834	-10,0000
3,464703	-10,0000
3,465572	-10,0000
3,466441	-10,0000
3,467310	-10,0000
3,468179	-10,0000
3,469048	-10,0000
3,469917	-10,0000
3,470786	-10,0000
3,471655	-10,0000
3,472524	-10,0000
3,473393	-10,0000
3,474262	-10,0000
3,475131	-10,0000
3,476000	-10,0000
3,476869	-10,0000
3,477738	-10,0000
3,478607	-10,0000
3,479476	-10,0000
3,480345	-10,0000
3,481214	-10,0000
3,482083	-10,0000
3,482952	-10,0000
3,483821	-10,0000
3,484690	-10,0000
3,485559	-10,0000
3,486428	-10,0000
3,487297	-10,0000
3,488166	-10,0000
3,489035	-10,0000
3,489904	-10,0000
3,490773	-10,0000
3,491642	-10,0000
3,492511	-10,0000
3,493380	-10,0000
3,494249	-10,0000
3,495118	-10,0000
3,495987	-10,0000
3,496856	-10,0000
3,497725	-10,0000
3,498594	-10,0000
3,499463	-10,0000
3,500332	-10,0000
3,501201	-10,0000
3,502070	-10,0000
3,502939	-10,0000
3,503808	-10,0000
3,504677	-10,0000
3,505546	-10,0000
3,506415	-10,0000
3,507284	-10,0000
3,508153	-10,0000
3,509022	-10,0000
3,509891	-10,0000
3,510760	-10,0000
3,511629	-10,0000
3,512498	-10,0000
3,513367	-10,0000
3,514236	-10,0000
3,515105	-10,0000
3,515974	-10,0000
3,516843	-10,0000
3,517712	-10,0000
3,518581	-10,0000
3,519450	-10,0000
3,520319	-10,0000
3,521188	-10,0000
3,522057	-10,0000
3,522926	-10,0000
3,523795	-10,0000
3,524664	-10,0000
3,525533	-10,0000
3,526402	-10,0000
3,527271	-10,0000
3,528140	-10,0000
3,529009	-10,0000
3,529878	-10,0000
3,530747	-10,0000
3,531616	-10,0000
3,532485	-10,0000
3,533354	-10,0000
3,534223	-10,0000
3,535092	-10,0000
3,535961	-10,0000
3,536830	-10,0000
3,537699	-10,0000
3,538568	-10,0000
3,539437	-10,0000
3,540306	-10,0000
3,541175	-10,0000
3,542044	-10,0000
3,542913	-10,0000
3,543782	-10,0000
3,544651	-10,0000
3,545520	-10,0000
3,546389	-10,0000
3,547258	-10,0000
3,548127	-10,0000
3,548996	-10,0000
3,549865	-10,0000
3,550734	-10,0000
3,551603	-10,0000
3,552472	-10,0000
3,553341	-10,0000
3,554210	-10,0000
3,555079	-10,0000
3,555948	-10,0000
3,556817	-10,0000
3,557686	-10,0000
3,558555	-10,0000
3,559424	-10,0000
3,560293	-10,0000
3,561162	-10,0000
3,562031	-10,0000
3,562900	-10,0000
3,563769	-10,0000
3,564638	-10,0000
3,565507	-10,0000
3,566376	-10,0000
3,567245	-10,0000
3,568114	-10,0000
3,568983	-10,0000
3,569852	-10,0000
3,570721	-10,0000
3,571590	-10,0000
3,572459	-10,0000
3,573328	-10,0000
3,574197	-10,0000
3,575066	-10,0000
3,575935	-10,0000
3,576804	-10,0000
3,577673	-10,0000
3,578542	-10,0000
3,579411	-10,0000
3,580280	-10,0000
3,581149	-10,0000
3,582018	-10,0000
3,582887	-10,0000
3,583756	-10,0000
3,584625	-10,0000
3,585494	-10,0000
3,586363	-10,0000
3,587232	-10,0000
3,588101	-10,0000
3,588970	-10,0000
3,589839	-10,0000
3,590708	-10,0000
3,591577	-10,0000
3,592446	-10,0000
3,593315	-10,0000
3,594184	-10,0000
3,595053	-10,0000
3,595922	-10,0000
3,596791	-10,0000
3,597660	-10,0000
3,598529	-10,0000
3,599398	-10,0000
3,600267	-10,0000
3,601136	-10,0000
3,602005	-10,0000
3,602874	-10,0000
3,603743	-10,0000
3,604612	-10,0000
3,605481	-10,0000
3,606350	-10,0000
3,607219	-10,0000
3,608088	-10,0000
3,608957	-10,0000
3,609826	-10,0000
3,610695	-10,0000
3,611564	-10,0000
3,612433	-10,0000
3,613302	-10,0000
3,614171	-10,0000
3,615040	-10,0000
3,615909	-10,0000
3,616778	-10,0000
3,617647	-10,0000
3,618516	-10,0000
3,619385	-10,0000
3,620254	-10,0000
3,621123	-10,0000
3,621992	-10,0000
3,622861	-10,0000
3,623730	-10,0000
3,624599	-10,0000
3,625468	-10,0000
3,626337	-10,0000
3,627206	-10,0000
3,628075	-10,0000
3,628944	-10,0000
3,629813	-10,0000
3,630682	-10,0000
3,631551	-10,0000
3,632420	-10,0000
3,633289	-10,0000
3,634158	-10,0000
3,635027	-10,0000
3,635896	-10,0000
3,636765	-10,0000
3,637634	-10,0000
3,638503	-10,0000
3,639372	-10,0000
3,640241	-10,0000
3,641110	-10,0000
3,641979	-10,0000
3,642848	-10,0000
3,643717	-10,0000
3,644586	-10,0000
3,645455	-10,0000
3,646324	-10,0000
3,647193	-10,0000
3,648062	-10,0000
3,648931	-10,0000
3,649800	-10,0000
3,650669	-10,0000
3,651538	-10,0000
3,652407	-10,0000
3,653276	-10,0000
3,654145	-10,0000
3,655014	-10,0000
3,655883	-10,0000
3,656752	-10,0000
3,657621	-10,0000
3,658490	-10,0000
3,659359	-10,0000
3,660228	-10,0000
3,661097	-10,0000
3,661966	-10,0000
3,662835	-10,0000
3,663704	-10,0000
3,664573	-10,0000
3,665442	-10,0000
3,666311	-10,0000
3,667180	-10,0000
3,668049	-10,0000
3,668918	-10,0000
3,669787	-10,0000
3,670656	-10,0000
3,671525	-10,0000
3,672394	-10,0000
3,673263	-10,0000
3,674132	-10,0000
3,675001	-10,0000
3,675870	-10,0000
3,676739	-10,0000
3,677608	-10,0000
3,678477	-10,0000
3,679346	-10,0000
3,680215	-10,0000
3,681084	-10,0000
3,681953	-10,0000
3,682822	-10,0000
3,683691	-10,0000
3,684560	-10,0000
3,685429	-10,0000
3,686298	-10,0000
3,687167	-10,0000
3,688036	-10,0000
3,688905	-10,0000
3,689774	-10,0000
3,690643	-10,0000
3,691512	-10,0000
3,692381	-10,0000
3,693250	-10,0000
3,694119	-10,0000
3,694988	-10,0000
3,695857	-10,0000
3,696726	-10,0000
3,697595	-10,0000
3,698464	-10,0000
3,699333	-10,0000
3,700202	-10,0000
3,701071	-10,0000
3,701940	-10,0000
3,702809	-10,0000
3,703678	-10,0000
3,704547	-10,0000
3,705416	-10,0000
3,706285	-10,0000
3,707154	-10,0000
3,708023	-10,0000
3,708892	-10,0000
3,709761	-10,0000
3,710630	-10,0000
3,711499	-10,0000
3,712368	-10,0000
3,713237	-10,0000
3,714106	-10,0000
3,714975	-10,0000
3,715844	-10,0000
3,716713	-10,0000
3,717582	-10,0000
3,718451	-10,0000
3,719320	-10,0000
3,720189	-10,0000
3,721058	-10,0000
3,721927	-10,0000
3,722796	-10,0000
3,723665	-10,0000
3,724534	-10,0000
3,725403	-10,0000
3,726272	-10,0000
3,727141	-10,0000
3,728010	-10,0000
3,728879	-10,0000
3,729748	-10,0000
3,730617	-10,0000
3,731486	-10,0000
3,732355	-10,0000
3,733224	-10,0000
3,734093	-10,0000
3,734962	-10,0000
3,735831	-10,0000
3,736700	-10,0000
3,737569	-10,0000
3,738438	-10,0000
3,739307	-10,0000
3,740176	-10,0000
3,741045	-10,0000
3,741914	-10,0000
3,742783	-10,0000
3,743652	-10,0000
3,744521	-10,0000
3,745390	-10,0000
3,746259	-10,0000
3,747128	-10,0000
3,747997	-10,0000
3,748866	-10,0000
3,749735	-10,0000
3,750604	-10,0000
3,751473	-10,0000
3,752342	-10,0000
3,753211	-10,0000
3,754080	-10,0000
3,754949	-10,0000
3,755818	-10,0000
3,756687	-10,0000
3,757556	-10,0000
3,758425	-10,0000
3,759294	-10,0000
3,760163	-10,0000
3,761032	-10,0000
3,761901	-10,0000
3,762770	-10,0000
3,763639	-10,0000
3,764508	-10,0000
3,765377	-10,0000
3,766246	-10,0000
3,767115	-10,0000
3,767984	-10,0000
3,768853	-10,0000
3,769722	-10,0000
3,770591	-10,0000
3,771460	-10,0000
3,772329	-10,0000
3,773198	-10,0000
3,774067	-10,0000
3,774936	-10,0000
3,775805	-10,0000
3,776674	-10,0000
3,777543	-10,0000
3,778412	-10,0000
3,779281	-10,0000
3,780150	-10,0000
3,781019	-10,0000
3,781888	-10,0000
3,782757	-10,0000
3,783626	-10,0000
3,784495	-10,0000
3,785364	-10,0000
3,786233	-10,0000
3,787102	-10,0000
3,787971	-10,0000
3,788840	-10,0000
3,789709	-10,0000
3,790578	-10,0000
3,791447	-10,0000
3,792316	-10,0000
3,793185	-10,0000
3,794054	-10,0000
3,794923	-10,0000
3,795792	-10,0000
3,796661	-10,0000
3,797530	-10,0000
3,798399	-10,0000
3,799268	-10,0000
3,800137	-10,0000
3,801006	-10,0000
3,801875	-10,0000
3,802744	-10,0000
3,803613	-10,0000
3,804482	-10,0000
3,805351	-10,0000
3,806220	-10,0000
3,807089	-10,0000
3,807958	-10,0000
3,808827	-10,0000
3,809696	-10,0000
3,810565	-10,0000
3,811434	-10,0000
3,812303	-10,0000
3,813172	-10,0000
3,814041	-10,0000
3,814910	-10,0000
3,815779	-10,0000
3,816648	-10,0000
3,817517	-10,0000
3,818386	-10,0000
3,819255	-10,0000
3,820124	-10,0000
3,820993	-10,0000
3,821862	-10,0000
3,822731	-10,0000
3,823600	-10,0000
3,824469	-10,0000
3,825338	-10,0000
3,826207	-10,0000
3,827076	-10,0000
3,827945	-10,0000
3,828814	-10,0000
3,829683	-10,0000
3,830552	-10,0000
3,831421	-10,0000
3,832290	-10,0000
3,833159	-10,0000
3,834028	-10,0000
3,834897	-10,0000
3,835766	-10,0000
3,836635	-10,0000
3,837504	-10,0000
3,838373	-10,0000
3,839242	-10,0000
3,840111	-10,0000
3,840980	-10,0000
3,841849	-10,0000
3,842718	-10,0000
3,843587	-10,0000
3,844456	-10,0000
3,845325	-10,0000
3,846194	-10,0000
3,847063	-10,0000
3,847932	-10,0000
3,848801	-10,0000
3,849670	-10,0000
3,850539	-10,0000
3,851408	-10,0000
3,852277	-10,0000
3,853146	-10,0000
3,854015	-10,0000
3,854884	-10,0000
3,855753	-10,0000
3,856622	-10,0000
3,857491	-10,0000
3,858360	-10,0000
3,859229	-10,0000
3,860098	-10,0000
3,860967	-10,0000
3,861836	-10,0000
3,862705	-10,0000
3,863574	-10,0000
3,864443	-10,0000
3,865312	-10,0000
3,866181	-10,0000
3,867050	-10,0000
3,867919	-10,0000
3,868788	-10,0000
3,869657	-10,0000
3,870526	-10,0000
3,871395	-10,0000
3,872264	-10,0000
3,873133	-10,0000
3,874002	-10,0000
3,874871	-10,0000
3,875740	-10,0000
3,876609	-10,0000
3,877478	-10,0000
3,878347	-10,0000
3,879216	-10,0000
3,880085	-10,0000
3,880954	-10,0000
3,881823	-10,0000
3,882692	-10,0000
3,883561	-10,0000
3,884430	-10,0000
3,885299	-10,0000
3,886168	-10,0000
3,887037	-10,0000
3,887906	-10,0000
3,888775	-10,0000
3,889644	-10,0000
3,890513	-10,0000
3,891382	-10,0000
3,892251	-10,0000
3,893120	-10,0000
3,893989	-10,0000
3,894858	-10,0000
3,895727	-10,0000
3,896596	-10,0000
3,897465	-10,0000
3,898334	-10,0000
3,899203	-10,0000
3,900072	-10,0000
3,900941	-10,0000
3,901810	-10,0000
3,902679	-10,0000
3,903548	-10,0000
3,904417	-10,0000
3,905286	-10,0000
3,906155	-10,0000
3,907024	-10,0000
3,907893	-10,0000
3,908762	-10,0000
3,909631	-10,0000
3,910500	-10,0000
3,911369	-10,0000
3,912238	-10,0000
3,913107	-10,0000
3,913976	-10,0000
3,914845	-10,0000
3,915714	-10,0000
3,916583	-10,0000
3,917452	-10,0000
3,918321	-10,0000
3,919190	-10,0000
3,920059	-10,0000
3,920928	-10,0000
3,921797	-10,0000
3,922666	-10,0000
3,923535	-10,0000
3,924404	-10,0000
3,925273	-10,0000
3,926142	-10,0000
3,927011	-10,0000
3,927880	-10,0000
3,928749	-10,0000
3,929618	-10,0000
3,930487	-10,0000
3,931356	-10,0000
3,932225	-10,0000
3,933094	-10,0000
3,933963	-10,0000
3,934832	-10,0000
3,935701	-10,0000
3,936570	-10,0000
3,937439	-10,0000
3,938308	-10,0000
3,939177	-10,0000
3,940046	-10,0000
3,940915	-10,0000
3,941784	-10,0000
3,942653	-10,0000
3,943522	-10,0000
3,944391	-10,0000
3,945260	-10,0000
3,946129	-10,0000
3,946998	-10,0000
3,947867	-10,0000
3,948736	-10,0000
3,949605	-10,0000
3,950474	-10,0000
3,951343	-10,0000
3,952212	-10,0000
3,953081	-10,0000
3,953950	-10,0000
3,954819	-10,0000
3,955688	-10,0000
3,956557	-10,0000
3,957426	-10,0000
3,958295	-10,0000
3,959164	-10,0000
3,960033	-10,0000
3,960902	-10,0000
3,961771	-10,0000
3,962640	-10,0000
3,963509	-10,0000
3,964378	-10,0000
3,965247	-10,0000
3,966116	-10,0000
3,966985	-10,0000
3,967854	-10,0000
3,968723	-10,0000
3,969592	-10,0000
3,970461	-10,0000
3,971330	-10,0000
3,972199	-10,0000
3,973068	-10,0000
3,973937	-10,0000
3,974806	-10,0000
3,975675	-10,0000
3,976544	-10,0000
3,977413	-10,0000
3,978282	-10,0000
3,979151	-10,0000
3,980020	-10,0000
3,980889	-10,0000
3,981758	-10,0000
3,982627	-10,0000
3,983496	-10,0000
3,984365	-10,0000
3,985234	-10,0000
3,986103	-10,0000
3,986972	-10,0000
3,987841	-10,0000
3,988710	-10,0000
3,989579	-10,0000
3,990448	-10,0000
3,991317	-10,0000
3,992186	-10,0000
3,993055	-10,0000
3,993924	-10,0000
3,994793	-10,0000
3,995662	-10,0000
3,996531	-10,0000
3,997400	-10,0000
3,998269	-10,0000
3,999138	-10,0000
4,000007	-10,0000
4,000876	-10,0000
4,001745	-10,0000
4,002614	-10,0000
4,003483	-10,0000
4,004352	-10,0000
4,005221	-10,0000
4,006090	-10,0000
4,006959	-10,0000
4,007828	-10,0000
4,008697	-10,0000
4,009566	-10,0000
4,010435	-10,0000
4,011304	-10,0000
4,012173	-10,0000
4,013042	-10,0000
4,013911	-10,0000
4,014780	-10,0000
4,015649	-10,0000
4,016518	-10,0000
4,017387	-10,0000
4,018256	-10,0000
4,019125	-10,0000
4,019994	-10,0000
4,020863	-10,0000
4,021732	-10,0000
4,022601	-10,0000
4,023470	-10,0000
4,024339	-10,0000
4,025208	-10,0000
4,026077	-10,0000
4,026946	-10,0000
4,027815	-10,0000
4,028684	-10,0000
4,029553	-10,0000
4,030422	-10,0000
4,031291	-10,0000
4,032160	-10,0000
4,033029	-10,0000
4,033898	-10,0000
4,034767	-10,0000
4,035636	-10,0000
4,036505	-10,0000
4,037374	-10,0000
4,038243	-10,0000
4,039112	-10,0000
4,039981	-10,0000
4,040850	-10,0000
4,041719	-10,0000
4,042588	-10,0000
4,043457	-10,0000
4,044326	-10,0000
4,045195	-10,0000
4,046064	-10,0000
4,046933	-10,0000
4,047802	-10,0000
4,048671	-10,0000
4,049540	-10,0000
4,050409	-10,0000
4,051278	-10,0000
4,052147	-10,0000
4,053016	-10,0000
4,053885	-10,0000
4,054754	-10,0000
4,055623	-10,0000
4,056492	-10,0000
4,057361	-10,0000
4,058230	-10,0000
4,059099	-10,0000
4,059968	-10,0000
4,060837	-10,0000
4,061706	-10,0000
4,062575	-10,0000
4,063444	-10,0000
4,064313	-10,0000
4,065182	-10,0000
4,066051	-10,0000
4,066920	-10,0000
4,067789	-10,0000
4,068658	-10,0000
4,069527	-10,0000
4,070396	-10,0000
4,071265	-10,0000
4,072134	-10,0000
4,073003	-10,0000
4,073872	-10,0000
4,074741	-10,0000
4,075610	-10,0000
4,076479	-10,0000
4,077348	-10,0000
4,078217	-10,0000
4,079086	-10,0000
4,079955	-10,0000
4,080824	-10,0000
4,081693	-10,0000
4,082562	-10,0000
4,083431	-10,0000
4,084300	-10,0000
4,085169	-10,0000
4,086038	-10,0000
4,086907	-10,0000
4,087776	-10,0000
4,088645	-10,0000
4,089514	-10,0000
4,090383	-10,0000
4,091252	-10,0000
4,092121	-10,0000
4,092990	-10,0000
4,093859	-10,0000
4,094728	-10,0000
4,095597	-10,0000
4,096466	-10,0000
4,097335	-10,0000
4,098204	-10,0000
4,099073	-10,0000
4,099942	-10,0000
4,100811	-10,0000
4,101680	-10,0000
4,102549	-10,0000
4,103418	-10,0000
4,104287	-10,0000
4,105156	-10,0000
4,106025	-10,0000
4,106894	-10,0000
4,107763	-10,0000
4,108632	-10,0000
4,109501	-10,0000
4,110370	-10,0000
4,111239	-10,0000
4,112108	-10,0000
4,112977	-10,0000
4,113846	-10,0000
4,114715	-10,0000
4,115584	-10,0000
4,116453	-10,0000
4,117322	-10,0000
4,118191	-10,0000
4,119060	-10,0000
4,119929	-10,0000
4,120798	-10,0000
4,121667	-10,0000
4,122536	-10,0000
4,123405	-10,0000
4,124274	-10,0000
4,125143	-10,0000
4,126012	-10,0000
4,126881	-10,0000
4,127750	-10,0000
4,128619	-10,0000
4,129488	-10,0000
4,130357	-10,0000
4,131226	-10,0000
4,132095	-10,0000
4,132964	-10,0000
4,133833	-10,0000
4,134702	-10,0000
4,135571	-10,0000
4,136440	-10,0000
4,137309	-10,0000
4,138178	-10,0000
4,139047	-10,0000
4,139916	-10,0000
4,140785	-10,0000
4,141654	-10,0000
4,142523	-10,0000
4,143392	-10,0000
4,144261	-10,0000
4,145130	-10,0000
4,145999	-10,0000
4,146868	-10,0000
4,147737	-10,0000
4,148606	-10,0000
4,149475	-10,0000
4,150344	-10,0000
4,151213	-10,0000
4,152082	-10,0000
4,152951	-10,0000
4,153820	-10,0000
4,154689	-10,0000
4,155558	-10,0000
4,156427	-10,0000
4,157296	-10,0000
4,158165	-10,0000
4,159034	-10,0000
4,159903	-10,0000
4,160772	-10,0000
4,161641	-10,0000
4,162510	-10,0000
4,163379	-10,0000
4,164248	-10,0000
4,165117	-10,0000
4,165986	-10,0000
4,166855	-10,0000
4,167724	-10,0000
4,168593	-10,0000
4,169462	-10,0000
4,170331	-10,0000
4,171200	-10,0000
4,172069	-10,0000
4,172938	-10,0000
4,173807	-10,0000
4,174676	-10,0000
4,175545	-10,0000
4,176414	-10,0000
4,177283	-10,0000
4,178152	-10,0000
4,179021	-10,0000
4,179890	-10,0000
4,180759	-10,0000
4,181628	-10,0000
4,182497	-10,0000
4,183366	-10,0000
4,184235	-10,0000
4,185104	-10,0000
4,185973	-10,0000
4,186842	-10,0000
4,187711	-10,0000
4,188580	-10,0000
4,189449	-10,0000
4,190318	-10,0000
4,191187	-10,0000
4,192056	-10,0000
4,192925	-10,0000
4,193794	-10,0000
4,194663	-10,0000
4,195532	-10,0000
4,196401	-10,0000
4,197270	-10,0000
4,198139	-10,0000
4,199008	-10,0000
4,199877	-10,0000
4,200746	-10,0000
4,201615	-10,0000
4,202484	-10,0000
4,203353	-10,0000
4,204222	-10,0000
4,205091	-10,0000
4,205960	-10,0000
4,206829	-10,0000
4,207698	-10,0000
4,208567	-10,0000
4,209436	-10,0000
4,210305	-10,0000
4,211174	-10,0000
4,212043	-10,0000
4,212912	-10,0000
4,213781	-10,0000
4,214650	-10,0000
4,215519	-10,0000
4,216388	-10,0000
4,217257	-10,0000
4,218126	-10,0000
4,218995	-10,0000
4,219864	-10,0000
4,220733	-10,0000
4,221602	-10,0000
4,222471	-10,0000
4,223340	-10,0000
4,224209	-10,0000
4,225078	-10,0000
4,225947	-10,0000
4,226816	-10,0000
4,227685	-10,0000
4,228554	-10,0000
4,229423	-10,0000
4,230292	-10,0000
4,231161	-10,0000
4,232030	-10,0000
4,232899	-10,0000
4,233768	-10,0000
4,234637	-10,0000
4,235506	-10,0000
4,236375	-10,0000
4,237244	-10,0000
4,238113	-10,0000
4,238982	-10,0000
4,239851	-10,0000
4,240720	-10,0000
4,241589	-10,0000
4,242458	-10,0000
4,243327	-10,0000
4,244196	-10,0000
4,245065	-10,0000
4,245934	-10,0000
4,246803	-10,0000
4,247672	-10,0000
4,248541	-10,0000
4,249410	-10,0000
4,250279	-10,0000
4,251148	-10,0000
4,252017	-10,0000
4,252886	-10,0000
4,253755	-10,0000
4,254624	-10,0000
4,255493	-10,0000
4,256362	-10,0000
4,257231	-10,0000
4,258100	-10,0000
4,258969	-10,0000
4,259838	-10,0000
4,260707	-10,0000
4,261576	-10,0000
4,262445	-10,0000
4,263314	-10,0000
4,264183	-10,0000
4,265052	-10,0000
4,265921	-10,0000
4,266790	-10,0000
4,267659	-10,0000
4,268528	-10,0000
4,269397	-10,0000
4,270266	-10,0000
4,271135	-10,0000
4,272004	-10,0000
4,272873	-10,0000
4,273742	-10,0000
4,274611	-10,0000
4,275480	-10,0000
4,276349	-10,0000
4,277218	-10,0000
4,278087	-10,0000
4,278956	-10,0000
4,279825	-10,0000
4,280694	-10,0000
4,281563	-10,0000
4,282432	-10,0000
4,283301	-10,0000
4,284170	-10,0000
4,285039	-10,0000
4,285908	-10,0000
4,286777	-10,0000
4,287646	-10,0000
4,288515	-10,0000
4,289384	-10,0000
4,290253	-10,0000
4,291122	-10,0000
4,291991	-10,0000
4,292860	-10,0000
4,293729	-10,0000
4,294598	-10,0000
4,295467	-10,0000
4,296336	-10,0000
4,297205	-10,0000
4,298074	-10,0000
4,298943	-10,0000
4,299812	-10,0000
4,300681	-10,0000
4,301550	-10,0000
4,302419	-10,0000
4,303288	-10,0000
4,304157	-10,0000
4,305026	-10,0000
4,305895	-10,0000
4,306764	-10,0000
4,307633	-10,0000
4,308502	-10,0000
4,309371	-10,0000
4,310240	-10,0000
4,311109	-10,0000
4,311978	-10,0000
4,312847	-10,0000
4,313716	-10,0000
4,314585	-10,0000
4,315454	-10,0000
4,316323	-10,0000
4,317192	-10,0000
4,318061	-10,0000
4,318930	-10,0000
4,319799	-10,0000
4,320668	-10,0000
4,321537	-10,0000
4,322406	-10,0000
4,323275	-10,0000
4,324144	-10,0000
4,325013	-10,0000
4,325882	-10,0000
4,326751	-10,0000
4,327620	-10,0000
4,328489	-10,0000
4,329358	-10,0000
4,330227	-10,0000
4,331096	-10,0000
4,331965	-10,0000
4,332834	-10,0000
4,333703	-10,0000
4,334572	-10,0000
4,335441	-10,0000
4,336310	-10,0000
4,337179	-10,0000
4,338048	-10,0000
4,338917	-10,0000
4,339786	-10,0000
4,340655	-10,0000
4,341524	-10,0000
4,342393	-10,0000
4,343262	-10,0000
4,344131	-10,0000
4,345000	-10,0000
