0,000869	-0,0143
0,001738	-0,0156
0,002607	-0,0146
0,003476	-0,0153
0,004345	-0,0143
0,005214	-0,0153
0,006083	-0,0134
0,006952	-0,0177
0,007821	-0,0201
0,008690	-0,0165
0,009559	-0,0159
0,010428	-0,0153
0,011297	-0,0153
0,012166	-0,0156
0,013035	-0,0150
0,013904	-0,0159
0,014773	-0,0180
0,015642	-0,0143
0,016511	-0,0159
0,017380	-0,0168
0,018249	-0,0137
0,019118	-0,0153
0,019987	-0,0153
0,020856	-0,0159
0,021725	-0,0153
0,022594	-0,0153
0,023463	-0,0159
0,024332	-0,0140
0,025201	-0,0153
0,026070	-0,0137
0,026939	-0,0122
0,027808	-0,0180
0,028677	-0,0174
0,029546	-0,0150
0,030415	-0,0159
0,031284	-0,0150
0,032153	-0,0140
0,033022	-0,0177
0,033891	-0,0162
0,034760	-0,0146
0,035629	-0,0156
0,036498	-0,0153
0,037367	-0,0174
0,038236	-0,0156
0,039105	-0,0122
0,039974	-0,0153
0,040843	-0,0153
0,041712	-0,0153
0,042581	-0,0153
0,043450	-0,0150
0,044319	-0,0150
0,045188	-0,0165
0,046057	-0,0156
0,046926	-0,0134
0,047795	-0,0116
0,048664	-0,0143
0,049533	-0,0150
0,050402	-0,0150
0,051271	-0,0153
0,052140	-0,0156
0,053009	-0,0159
0,053878	-0,0153
0,054747	-0,0162
0,055616	-0,0177
0,056485	-0,0159
0,057354	-0,0183
0,058223	-0,0150
0,059092	-0,0159
0,059961	-0,0165
0,060830	-0,0156
0,061699	-0,0156
0,062568	-0,0156
0,063437	-0,0159
0,064306	-0,0153
0,065175	-0,0146
0,066044	-0,0159
0,066913	-0,0150
0,067782	-0,0131
0,068651	-0,0110
0,069520	-0,0153
0,070389	-0,0146
0,071258	-0,0153
0,072127	-0,0150
0,072996	-0,0159
0,073865	-0,0131
0,074734	-0,0156
0,075603	-0,0153
0,076472	-0,0180
0,077341	-0,0128
0,078210	-0,0214
0,079079	-0,0146
0,079948	-0,0146
0,080817	-0,0146
0,081686	-0,0153
0,082555	-0,0153
0,083424	-0,0195
0,084293	-0,0156
0,085162	-0,0156
0,086031	-0,0153
0,086900	-0,0156
0,087769	-0,0171
0,088638	-0,0150
0,089507	-0,0146
0,090376	-0,0150
0,091245	-0,0156
0,092114	-0,0156
0,092983	-0,0162
0,093852	-0,0125
0,094721	-0,0143
0,095590	-0,0137
0,096459	-0,0131
0,097328	-0,0131
0,098197	-0,0162
0,099066	-0,0146
0,099935	-0,0159
0,100804	-0,0162
0,101673	-0,0153
0,102542	-0,0146
0,103411	-0,0119
0,104280	-0,0180
0,105149	-0,0143
0,106018	-0,0162
0,106887	-0,0131
0,107756	-0,0146
0,108625	-0,0168
0,109494	-0,0162
0,110363	-0,0150
0,111232	-0,0153
0,112101	-0,0153
0,112970	-0,0153
0,113839	-0,0162
0,114708	-0,0153
0,115577	-0,0192
0,116446	-0,0156
0,117315	-0,0146
0,118184	-0,0146
0,119053	-0,0150
0,119922	-0,0150
0,120791	-0,0156
0,121660	-0,0153
0,122529	-0,0143
0,123398	-0,0153
0,124267	-0,0146
0,125136	-0,0150
0,126005	-0,0153
0,126874	-0,0162
0,127743	-0,0165
0,128612	-0,0143
0,129481	-0,0150
0,130350	-0,0150
0,131219	-0,0156
0,132088	-0,0146
0,132957	-0,0162
0,133826	-0,0128
0,134695	-0,0140
0,135564	-0,0146
0,136433	-0,0159
0,137302	-0,0177
0,138171	-0,0162
0,139040	-0,0143
0,139909	-0,0153
0,140778	-0,0153
0,141647	-0,0156
0,142516	-0,0156
0,143385	-0,0153
0,144254	-0,0153
0,145123	-0,0168
0,145992	-0,0156
0,146861	-0,0183
0,147730	-0,0168
0,148599	-0,0150
0,149468	-0,0153
0,150337	-0,0150
0,151206	-0,0140
0,152075	-0,0153
0,152944	-0,0165
0,153813	-0,0153
0,154682	-0,0162
0,155551	-0,0134
0,156420	-0,0131
0,157289	-0,0140
0,158158	-0,0134
0,159027	-0,0153
0,159896	-0,0153
0,160765	-0,0153
0,161634	-0,0143
0,162503	-0,0150
0,163372	-0,0156
0,164241	-0,0156
0,165110	-0,0146
0,165979	-0,0177
0,166848	-0,0198
0,167717	-0,0162
0,168586	-0,0153
0,169455	-0,0156
0,170324	-0,0146
0,171193	-0,0150
0,172062	-0,0153
0,172931	-0,0159
0,173800	-0,0150
0,174669	-0,0165
0,175538	-0,0119
0,176407	-0,0125
0,177276	-0,0162
0,178145	-0,0134
0,179014	-0,0150
0,179883	-0,0153
0,180752	-0,0162
0,181621	-0,0156
0,182490	-0,0146
0,183359	-0,0134
0,184228	-0,0159
0,185097	-0,0156
0,185966	-0,0156
0,186835	-0,0128
0,187704	-0,0159
0,188573	-0,0140
0,189442	-0,0140
0,190311	-0,0150
0,191180	-0,0153
0,192049	-0,0153
0,192918	-0,0177
0,193787	-0,0159
0,194656	-0,0156
0,195525	-0,0146
0,196394	-0,0146
0,197263	-0,0146
0,198132	-0,0174
0,199001	-0,0134
0,199870	-0,0150
0,200739	-0,0156
0,201608	-0,0159
0,202477	-0,0153
0,203346	-0,0153
0,204215	-0,0156
0,205084	-0,0146
0,205953	-0,0159
0,206822	-0,0168
0,207691	-0,0113
0,208560	-0,0128
0,209429	-0,0150
0,210298	-0,0146
0,211167	-0,0153
0,212036	-0,0156
0,212905	-0,0140
0,213774	-0,0153
0,214643	-0,0146
0,215512	-0,0146
0,216381	-0,0131
0,217250	-0,0134
0,218119	-0,0156
0,218988	-0,0153
0,219857	-0,0156
0,220726	-0,0153
0,221595	-0,0150
0,222464	-0,0159
0,223333	-0,0156
0,224202	-0,0150
0,225071	-0,0140
0,225940	-0,0143
0,226809	-0,0143
0,227678	-0,0125
0,228547	-0,0140
0,229416	-0,0150
0,230285	-0,0162
0,231154	-0,0153
0,232023	-0,0146
0,232892	-0,0159
0,233761	-0,0168
0,234630	-0,0159
0,235499	-0,0128
0,236368	-0,0119
0,237237	-0,0119
0,238106	-0,0125
0,238975	-0,0134
0,239844	-0,0153
0,240713	-0,0153
0,241582	-0,0150
0,242451	-0,0150
0,243320	-0,0140
0,244189	-0,0159
0,245058	-0,0125
0,245927	-0,0162
0,246796	-0,0183
0,247665	-0,0131
0,248534	-0,0168
0,249403	-0,0150
0,250272	-0,0159
0,251141	-0,0156
0,252010	-0,0159
0,252879	-0,0162
0,253748	-0,0153
0,254617	-0,0168
0,255486	-0,0159
0,256355	-0,0143
0,257224	-0,0156
0,258093	-0,0174
0,258962	-0,0153
0,259831	-0,0153
0,260700	-0,0156
0,261569	-0,0153
0,262438	-0,0150
0,263307	-0,0140
0,264176	-0,0150
0,265045	-0,0137
0,265914	-0,0134
0,266783	-0,0131
0,267652	-0,0116
0,268521	-0,0122
0,269390	-0,0146
0,270259	-0,0150
0,271128	-0,0153
0,271997	-0,0159
0,272866	-0,0183
0,273735	-0,0131
0,274604	-0,0162
0,275473	-0,0159
0,276342	-0,0159
0,277211	-0,0156
0,278080	-0,0171
0,278949	-0,0128
0,279818	-0,0150
0,280687	-0,0146
0,281556	-0,0146
0,282425	-0,0150
0,283294	-0,0168
0,284163	-0,0150
0,285032	-0,0153
0,285901	-0,0153
0,286770	-0,0180
0,287639	-0,0186
0,288508	-0,0201
0,289377	-0,0153
0,290246	-0,0153
0,291115	-0,0143
0,291984	-0,0153
0,292853	-0,0165
0,293722	-0,0122
0,294591	-0,0189
0,295460	-0,0162
0,296329	-0,0156
0,297198	-0,0134
0,298067	-0,0180
0,298936	-0,0150
0,299805	-0,0156
0,300674	-0,0153
0,301543	-0,0153
0,302412	-0,0150
0,303281	-0,0189
0,304150	-0,0137
0,305019	-0,0150
0,305888	-0,0153
0,306757	-0,0153
0,307626	-0,0137
0,308495	-0,0168
0,309364	-0,0150
0,310233	-0,0150
0,311102	-0,0146
0,311971	-0,0150
0,312840	-0,0168
0,313709	-0,0168
0,314578	-0,0153
0,315447	-0,0150
0,316316	-0,0113
0,317185	-0,0137
0,318054	-0,0150
0,318923	-0,0140
0,319792	-0,0150
0,320661	-0,0159
0,321530	-0,0150
0,322399	-0,0150
0,323268	-0,0143
0,324137	-0,0150
0,325006	-0,0153
0,325875	-0,0156
0,326744	-0,0134
0,327613	-0,0134
0,328482	-0,0159
0,329351	-0,0150
0,330220	-0,0165
0,331089	-0,0150
0,331958	-0,0150
0,332827	-0,0156
0,333696	-0,0153
0,334565	-0,0165
0,335434	-0,0162
0,336303	-0,0189
0,337172	-0,0183
0,338041	-0,0143
0,338910	-0,0168
0,339779	-0,0156
0,340648	-0,0156
0,341517	-0,0159
0,342386	-0,0150
0,343255	-0,0150
0,344124	-0,0153
0,344993	-0,0186
0,345862	-0,0156
0,346731	-0,0150
0,347600	-0,0204
0,348469	-0,0229
0,349338	-0,0143
0,350207	-0,0156
0,351076	-0,0153
0,351945	-0,0159
0,352814	-0,0162
0,353683	-0,0159
0,354552	-0,0177
0,355421	-0,0143
0,356290	-0,0128
0,357159	-0,0134
0,358028	-0,0143
0,358897	-0,0156
0,359766	-0,0146
0,360635	-0,0146
0,361504	-0,0150
0,362373	-0,0150
0,363242	-0,0153
0,364111	-0,0168
0,364980	-0,0150
0,365849	-0,0140
0,366718	-0,0214
0,367587	-0,0165
0,368456	-0,0140
0,369325	-0,0150
0,370194	-0,0150
0,371063	-0,0156
0,371932	-0,0150
0,372801	-0,0140
0,373670	-0,0119
0,374539	-0,0140
0,375408	-0,0134
0,376277	-0,0159
0,377146	-0,0125
0,378015	-0,0122
0,378884	-0,0143
0,379753	-0,0153
0,380622	-0,0156
0,381491	-0,0162
0,382360	-0,0146
0,383229	-0,0153
0,384098	-0,0171
0,384967	-0,0162
0,385836	-0,0159
0,386705	-0,0140
0,387574	-0,0156
0,388443	-0,0156
0,389312	-0,0146
0,390181	-0,0153
0,391050	-0,0159
0,391919	-0,0159
0,392788	-0,0186
0,393657	-0,0137
0,394526	-0,0125
0,395395	-0,0153
0,396264	-0,0150
0,397133	-0,0189
0,398002	-0,0171
0,398871	-0,0146
0,399740	-0,0143
0,400609	-0,0153
0,401478	-0,0156
0,402347	-0,0146
0,403216	-0,0125
0,404085	-0,0159
0,404954	-0,0156
0,405823	-0,0143
0,406692	-0,0165
0,407561	-0,0156
0,408430	-0,0128
0,409299	-0,0125
0,410168	-0,0146
0,411037	-0,0150
0,411906	-0,0150
0,412775	-0,0150
0,413644	-0,0168
0,414513	-0,0137
0,415382	-0,0156
0,416251	-0,0174
0,417120	-0,0143
0,417989	-0,0153
0,418858	-0,0143
0,419727	-0,0156
0,420596	-0,0153
0,421465	-0,0156
0,422334	-0,0153
0,423203	-0,0131
0,424072	-0,0180
0,424941	-0,0137
0,425810	-0,0153
0,426679	-0,0159
0,427548	-0,0125
0,428417	-0,0128
0,429286	-0,0150
0,430155	-0,0153
0,431024	-0,0153
0,431893	-0,0143
0,432762	-0,0153
0,433631	-0,0165
0,434500	-0,0165
0,435369	-0,0171
0,436238	-0,0134
0,437107	-0,0110
0,437976	-0,0119
0,438845	-0,0146
0,439714	-0,0156
0,440583	-0,0150
0,441452	-0,0153
0,442321	-0,0150
0,443190	-0,0116
0,444059	-0,0150
0,444928	-0,0162
0,445797	-0,0153
0,446666	-0,0168
0,447535	-0,0165
0,448404	-0,0162
0,449273	-0,0159
0,450142	-0,0150
0,451011	-0,0150
0,451880	-0,0150
0,452749	-0,0153
0,453618	-0,0150
0,454487	-0,0150
0,455356	-0,0156
0,456225	-0,0131
0,457094	-0,0171
0,457963	-0,0186
0,458832	-0,0143
0,459701	-0,0140
0,460570	-0,0150
0,461439	-0,0162
0,462308	-0,0153
0,463177	-0,0116
0,464046	-0,0140
0,464915	-0,0146
0,465784	-0,0162
0,466653	-0,0171
0,467522	-0,0122
0,468391	-0,0128
0,469260	-0,0146
0,470129	-0,0143
0,470998	-0,0156
0,471867	-0,0156
0,472736	-0,0192
0,473605	-0,0186
0,474474	-0,0171
0,475343	-0,0137
0,476212	-0,0195
0,477081	-0,0140
0,477950	-0,0143
0,478819	-0,0186
0,479688	-0,0150
0,480557	-0,0146
0,481426	-0,0153
0,482295	-0,0143
0,483164	-0,0122
0,484033	-0,0140
0,484902	-0,0143
0,485771	-0,0153
0,486640	-0,0171
0,487509	-0,0162
0,488378	-0,0137
0,489247	-0,0143
0,490116	-0,0146
0,490985	-0,0143
0,491854	-0,0153
0,492723	-0,0159
0,493592	-0,0150
0,494461	-0,0119
0,495330	-0,0143
0,496199	-0,0125
0,497068	-0,0156
0,497937	-0,0146
0,498806	-0,0143
0,499675	-0,0150
0,500544	-0,0162
0,501413	-0,0159
0,502282	-0,0153
0,503151	-0,0146
0,504020	-0,0183
0,504889	-0,0153
0,505758	-0,0153
0,506627	-0,0128
0,507496	-0,0134
0,508365	-0,0162
0,509234	-0,0150
0,510103	-0,0156
0,510972	-0,0153
0,511841	-0,0150
0,512710	-0,0150
0,513579	-0,0177
0,514448	-0,0159
0,515317	-0,0165
0,516186	-0,0125
0,517055	-0,0119
0,517924	-0,0159
0,518793	-0,0137
0,519662	-0,0156
0,520531	-0,0150
0,521400	-0,0153
0,522269	-0,0146
0,523138	-0,0122
0,524007	-0,0168
0,524876	-0,0159
0,525745	-0,0153
0,526614	-0,0168
0,527483	-0,0134
0,528352	-0,0143
0,529221	-0,0150
0,530090	-0,0156
0,530959	-0,0153
0,531828	-0,0156
0,532697	-0,0153
0,533566	-0,0162
0,534435	-0,0153
0,535304	-0,0107
0,536173	-0,0150
0,537042	-0,0156
0,537911	-0,0150
0,538780	-0,0171
0,539649	-0,0153
0,540518	-0,0159
0,541387	-0,0156
0,542256	-0,0153
0,543125	-0,0125
0,543994	-0,0156
0,544863	-0,0143
0,545732	-0,0150
0,546601	-0,0153
0,547470	-0,0150
0,548339	-0,0150
0,549208	-0,0150
0,550077	-0,0153
0,550946	-0,0150
0,551815	-0,0137
0,552684	-0,0162
0,553553	-0,0162
0,554422	-0,0162
0,555291	-0,0146
0,556160	-0,0128
0,557029	-0,0150
0,557898	-0,0165
0,558767	-0,0159
0,559636	-0,0146
0,560505	-0,0159
0,561374	-0,0150
0,562243	-0,0146
0,563112	-0,0131
0,563981	-0,0143
0,564850	-0,0159
0,565719	-0,0159
0,566588	-0,0201
0,567457	-0,0162
0,568326	-0,0159
0,569195	-0,0153
0,570064	-0,0143
0,570933	-0,0146
0,571802	-0,0153
0,572671	-0,0150
0,573540	-0,0137
0,574409	-0,0143
0,575278	-0,0119
0,576147	-0,0110
0,577016	-0,0110
0,577885	-0,0171
0,578754	-0,0140
0,579623	-0,0159
0,580492	-0,0162
0,581361	-0,0159
0,582230	-0,0647
0,583099	-0,2149
0,583968	-0,4047
0,584837	-0,6192
0,585706	-0,8475
0,586575	-1,0465
0,587444	-1,1884
0,588313	-1,2589
0,589182	-1,2610
0,590051	-1,1951
0,590920	-1,0526
0,591789	-0,8426
0,592658	-0,5789
0,593527	-0,2863
0,594396	0,0113
0,595265	0,2969
0,596134	0,5567
0,597003	0,7654
0,597872	0,9021
0,598741	0,9705
0,599610	0,9653
0,600479	0,8869
0,601348	0,7422
0,602217	0,5335
0,603086	0,2805
0,603955	0,0070
0,604824	-0,2683
0,605693	-0,5380
0,606562	-0,7721
0,607431	-0,9458
0,608300	-1,0492
0,609169	-1,0846
0,610038	-1,0422
0,610907	-0,9232
0,611776	-0,7370
0,612645	-0,4978
0,613514	-0,2310
0,614383	0,0443
0,615252	0,3079
0,616121	0,5588
0,616990	0,7553
0,617859	0,8954
0,618728	0,9674
0,619597	0,9684
0,620466	0,8921
0,621335	0,7508
0,622204	0,5530
0,623073	0,3177
0,623942	0,0623
0,624811	-0,1950
0,625680	-0,4526
0,626549	-0,6760
0,627418	-0,8420
0,628287	-0,9580
0,629156	-0,9998
0,630025	-0,9708
0,630894	-0,8747
0,631763	-0,7187
0,632632	-0,5164
0,633501	-0,2811
0,634370	-0,0336
0,635239	0,2109
0,636108	0,4511
0,636977	0,6375
0,637846	0,7831
0,638715	0,8606
0,639584	0,8722
0,640453	0,8148
0,641322	0,7004
0,642191	0,5301
0,643060	0,3168
0,643929	0,0745
0,644798	-0,1749
0,645667	-0,4282
0,646536	-0,6458
0,647405	-0,8145
0,648274	-0,9223
0,649143	-0,9687
0,650012	-0,9467
0,650881	-0,8557
0,651750	-0,6992
0,652619	-0,4907
0,653488	-0,2515
0,654357	-0,0009
0,655226	0,2503
0,656095	0,4819
0,656964	0,6793
0,657833	0,8228
0,658702	0,9021
0,659571	0,9098
0,660440	0,8423
0,661309	0,7157
0,662178	0,5332
0,663047	0,3162
0,663916	0,0745
0,664785	-0,1746
0,665654	-0,4245
0,666523	-0,6513
0,667392	-0,8151
0,668261	-0,9259
0,669130	-0,9720
0,669999	-0,9507
0,670868	-0,8618
0,671737	-0,7126
0,672606	-0,5130
0,673475	-0,2744
0,674344	-0,0287
0,675213	0,2228
0,676082	0,4645
0,676951	0,6528
0,677820	0,8020
0,678689	0,8747
0,679558	0,8850
0,680427	0,8249
0,681296	0,7041
0,682165	0,5225
0,683034	0,3015
0,683903	0,0571
0,684772	-0,1904
0,685641	-0,4389
0,686510	-0,6604
0,687379	-0,8335
0,688248	-0,9464
0,689117	-0,9961
0,689986	-0,9702
0,690855	-0,8768
0,691724	-0,7242
0,692593	-0,5213
0,693462	-0,2863
0,694331	-0,0360
0,695200	0,2149
0,696069	0,4495
0,696938	0,6537
0,697807	0,7962
0,698676	0,8771
0,699545	0,8847
0,700414	0,8261
0,701283	0,7080
0,702152	0,5304
0,703021	0,3064
0,703890	0,0613
0,704759	-0,1907
0,705628	-0,4413
0,706497	-0,6604
0,707366	-0,8377
0,708235	-0,9488
0,709104	-1,0004
0,709973	-0,9772
0,710842	-0,8829
0,711711	-0,7257
0,712580	-0,5200
0,713449	-0,2826
0,714318	-0,0339
0,715187	0,2152
0,716056	0,4569
0,716925	0,6513
0,717794	0,7987
0,718663	0,8826
0,719532	0,8908
0,720401	0,8329
0,721270	0,7163
0,722139	0,5408
0,723008	0,3211
0,723877	0,0726
0,724746	-0,1788
0,725615	-0,4294
0,726484	-0,6519
0,727353	-0,8264
0,728222	-0,9409
0,729091	-0,9961
0,729960	-0,9757
0,730829	-0,8850
0,731698	-0,7294
0,732567	-0,5264
0,733436	-0,2930
0,734305	-0,0439
0,735174	0,2066
0,736043	0,4492
0,736912	0,6476
0,737781	0,7938
0,738650	0,8747
0,739519	0,8951
0,740388	0,8408
0,741257	0,7270
0,742126	0,5527
0,742995	0,3357
0,743864	0,0888
0,744733	-0,1593
0,745602	-0,4062
0,746471	-0,6351
0,747340	-0,8072
0,748209	-0,9217
0,749078	-0,9799
0,749947	-0,9616
0,750816	-0,8734
0,751685	-0,7260
0,752554	-0,5274
0,753423	-0,2930
0,754292	-0,0455
0,755161	0,2075
0,756030	0,4456
0,756899	0,6467
0,757768	0,7904
0,758637	0,8741
0,759506	0,8988
0,760375	0,8499
0,761244	0,7346
0,762113	0,5570
0,762982	0,3372
0,763851	0,0980
0,764720	-0,1471
0,765589	-0,3958
0,766458	-0,6201
0,767327	-0,7953
0,768196	-0,9146
0,769065	-0,9613
0,769934	-0,9449
0,770803	-0,8618
0,771672	-0,7205
0,772541	-0,5213
0,773410	-0,2835
0,774279	-0,0388
0,775148	0,2103
0,776017	0,4474
0,776886	0,6406
0,777755	0,7849
0,778624	0,8753
0,779493	0,8893
0,780362	0,8307
0,781231	0,7120
0,782100	0,5405
0,782969	0,3311
0,783838	0,0903
0,784707	-0,1578
0,785576	-0,4089
0,786445	-0,6281
0,787314	-0,7996
0,788183	-0,9104
0,789052	-0,9604
0,789921	-0,9461
0,790790	-0,8606
0,791659	-0,7089
0,792528	-0,5063
0,793397	-0,2780
0,794266	-0,0311
0,795135	0,2158
0,796004	0,4563
0,796873	0,6558
0,797742	0,8075
0,798611	0,8863
0,799480	0,9049
0,800349	0,8487
0,801218	0,7364
0,802087	0,5652
0,802956	0,3488
0,803825	0,1090
0,804694	-0,1386
0,805563	-0,3809
0,806432	-0,6009
0,807301	-0,7730
0,808170	-0,8847
0,809039	-0,9342
0,809908	-0,9119
0,810777	-0,8237
0,811646	-0,6760
0,812515	-0,4758
0,813384	-0,2420
0,814253	0,0046
0,815122	0,2567
0,815991	0,4923
0,816860	0,6864
0,817729	0,8353
0,818598	0,9195
0,819467	0,9369
0,820336	0,8768
0,821205	0,7526
0,822074	0,5737
0,822943	0,3558
0,823812	0,1126
0,824681	-0,1349
0,825550	-0,3867
0,826419	-0,6107
0,827288	-0,7941
0,828157	-0,9070
0,829026	-0,9561
0,829895	-0,9445
0,830764	-0,8631
0,831633	-0,7114
0,832502	-0,5060
0,833371	-0,2698
0,834240	-0,0229
0,835109	0,2286
0,835978	0,4752
0,836847	0,6803
0,837716	0,8322
0,838585	0,9207
0,839454	0,9412
0,840323	0,8930
0,841192	0,7852
0,842061	0,6143
0,842930	0,3980
0,843799	0,1547
0,844668	-0,0897
0,845537	-0,3351
0,846406	-0,5631
0,847275	-0,7416
0,848144	-0,8588
0,849013	-0,9149
0,849882	-0,9018
0,850751	-0,8213
0,851620	-0,6827
0,852489	-0,4871
0,853358	-0,2551
0,854227	-0,0140
0,855096	0,2307
0,855965	0,4617
0,856834	0,6632
0,857703	0,8124
0,858572	0,9021
0,859441	0,9174
0,860310	0,8631
0,861179	0,7532
0,862048	0,5887
0,862917	0,3751
0,863786	0,1376
0,864655	-0,1068
0,865524	-0,3510
0,866393	-0,5707
0,867262	-0,7413
0,868131	-0,8560
0,869000	-0,9076
0,869869	-0,8893
0,870738	-0,8023
0,871607	-0,6589
0,872476	-0,4645
0,873345	-0,2335
0,874214	0,0116
0,875083	0,2554
0,875952	0,4959
0,876821	0,6867
0,877690	0,8329
0,878559	0,9131
0,879428	0,9308
0,880297	0,8698
0,881166	0,7498
0,882035	0,5792
0,882904	0,3681
0,883773	0,1251
0,884642	-0,1212
0,885511	-0,3702
0,886380	-0,5942
0,887249	-0,7587
0,888118	-0,8728
0,888987	-0,9220
0,889856	-0,9052
0,890725	-0,8133
0,891594	-0,6638
0,892463	-0,4654
0,893332	-0,2332
0,894201	0,0162
0,895070	0,2661
0,895939	0,5042
0,896808	0,6949
0,897677	0,8435
0,898546	0,9256
0,899415	0,9418
0,900284	0,8774
0,901153	0,7538
0,902022	0,5808
0,902891	0,3662
0,903760	0,1236
0,904629	-0,1236
0,905498	-0,3717
0,906367	-0,5930
0,907236	-0,7572
0,908105	-0,8820
0,908974	-0,9317
0,909843	-0,9104
0,910712	-0,8203
0,911581	-0,6757
0,912450	-0,4825
0,913319	-0,2533
0,914188	-0,0110
0,915057	0,2316
0,915926	0,4648
0,916795	0,6598
0,917664	0,8045
0,918533	0,8975
0,919402	0,9070
0,920271	0,8533
0,921140	0,7453
0,922009	0,5823
0,922878	0,3729
0,923747	0,1444
0,924616	-0,0983
0,925485	-0,3400
0,926354	-0,5585
0,927223	-0,7334
0,928092	-0,8542
0,928961	-0,9107
0,929830	-0,9021
0,930699	-0,8325
0,931568	-0,7050
0,932437	-0,5152
0,933306	-0,2899
0,934175	-0,0494
0,935044	0,1813
0,935913	0,4202
0,936782	0,6207
0,937651	0,7755
0,938520	0,8673
0,939389	0,8942
0,940258	0,8512
0,941127	0,7489
0,941996	0,5835
0,942865	0,3726
0,943734	0,1370
0,944603	-0,1059
0,945472	-0,3586
0,946341	-0,5914
0,947210	-0,7776
0,948079	-0,9012
0,948948	-0,9586
0,949817	-0,9531
0,950686	-0,8750
0,951555	-0,7273
0,952424	-0,5240
0,953293	-0,2915
0,954162	-0,0455
0,955031	0,2112
0,955900	0,4617
0,956769	0,6626
0,957638	0,8133
0,958507	0,8975
0,959376	0,9232
0,960245	0,8673
0,961114	0,7437
0,961983	0,5628
0,962852	0,3427
0,963721	0,0998
0,964590	-0,1511
0,965459	-0,3998
0,966328	-0,6265
0,967197	-0,7929
0,968066	-0,9110
0,968935	-0,9622
0,969804	-0,9421
0,970673	-0,8512
0,971542	-0,7077
0,972411	-0,5148
0,973280	-0,2924
0,974149	-0,0491
0,975018	0,1901
0,975887	0,4218
0,976756	0,6125
0,977625	0,7682
0,978494	0,8573
0,979363	0,8762
0,980232	0,8313
0,981101	0,7318
0,981970	0,5762
0,982839	0,3739
0,983708	0,1404
0,984577	-0,0958
0,985446	-0,3378
0,986315	-0,5634
0,987184	-0,7483
0,988053	-0,8823
0,988922	-0,9400
0,989791	-0,9445
0,990660	-0,8795
0,991529	-0,7437
0,992398	-0,5457
0,993267	-0,3143
0,994136	-0,0699
0,995005	0,1828
0,995874	0,4343
0,996743	0,6436
0,997612	0,7904
0,998481	0,8850
0,999350	0,9113
1,000219	0,8603
1,001088	0,7398
1,001957	0,5652
1,002826	0,3543
1,003695	0,1102
1,004564	-0,1382
1,005433	-0,3861
1,006302	-0,6030
1,007171	-0,7743
1,008040	-0,8826
1,008909	-0,9302
1,009778	-0,9110
1,010647	-0,8264
1,011516	-0,6882
1,012385	-0,4996
1,013254	-0,2802
1,014123	-0,0378
1,014992	0,1981
1,015861	0,4291
1,016730	0,6232
1,017599	0,7776
1,018468	0,8667
1,019337	0,8972
1,020206	0,8594
1,021075	0,7657
1,021944	0,6079
1,022813	0,3977
1,023682	0,1584
1,024551	-0,0845
1,025420	-0,3381
1,026289	-0,5731
1,027158	-0,7645
1,028027	-0,8902
1,028896	-0,9571
1,029765	-0,9571
1,030634	-0,8774
1,031503	-0,7260
1,032372	-0,5243
1,033241	-0,2902
1,034110	-0,0427
1,034979	0,2149
1,035848	0,4541
1,036717	0,6491
1,037586	0,7926
1,038455	0,8817
1,039324	0,8954
1,040193	0,8411
1,041062	0,7352
1,041931	0,5786
1,042800	0,3781
1,043669	0,1480
1,044538	-0,0845
1,045407	-0,3195
1,046276	-0,5368
1,047145	-0,7160
1,048014	-0,8444
1,048883	-0,9061
1,049752	-0,9067
1,050621	-0,8432
1,051490	-0,7150
1,052359	-0,5222
1,053228	-0,2954
1,054097	-0,0571
1,054966	0,1959
1,055835	0,4508
1,056704	0,6638
1,057573	0,8216
1,058442	0,9088
1,059311	0,9317
1,060180	0,8734
1,061049	0,7501
1,061918	0,5756
1,062787	0,3623
1,063656	0,1212
1,064525	-0,1175
1,065394	-0,3607
1,066263	-0,5728
1,067132	-0,7367
1,068001	-0,8506
1,068870	-0,9049
1,069739	-0,8954
1,070608	-0,8267
1,071477	-0,7059
1,072346	-0,5255
1,073215	-0,3046
1,074084	-0,0644
1,074953	0,1746
1,075822	0,4254
1,076691	0,6363
1,077560	0,8032
1,078429	0,9043
1,079298	0,9421
1,080167	0,9043
1,081036	0,7886
1,081905	0,6101
1,082774	0,3937
1,083643	0,1474
1,084512	-0,1025
1,085381	-0,3500
1,086250	-0,5701
1,087119	-0,7379
1,087988	-0,8542
1,088857	-0,9079
1,089726	-0,8927
1,090595	-0,8188
1,091464	-0,6949
1,092333	-0,5164
1,093202	-0,2969
1,094071	-0,0668
1,094940	0,1682
1,095809	0,4031
1,096678	0,6116
1,097547	0,7733
1,098416	0,8725
1,099285	0,9104
1,100154	0,8747
1,101023	0,7669
1,101892	0,5963
1,102761	0,3818
1,103630	0,1370
1,104499	-0,1138
1,105368	-0,3681
1,106237	-0,5908
1,107106	-0,7611
1,107975	-0,8652
1,108844	-0,9174
1,109713	-0,9018
1,110582	-0,8209
1,111451	-0,6922
1,112320	-0,5115
1,113189	-0,2936
1,114058	-0,0616
1,114927	0,1743
1,115796	0,4111
1,116665	0,6201
1,117534	0,7791
1,118403	0,8866
1,119272	0,9214
1,120141	0,8890
1,121010	0,7819
1,121879	0,6061
1,122748	0,3867
1,123617	0,1401
1,124486	-0,1144
1,125355	-0,3641
1,126224	-0,5866
1,127093	-0,7547
1,127962	-0,8707
1,128831	-0,9238
1,129700	-0,9101
1,130569	-0,8356
1,131438	-0,7123
1,132307	-0,5356
1,133176	-0,3247
1,134045	-0,0839
1,134914	0,1483
1,135783	0,3909
1,136652	0,6006
1,137521	0,7746
1,138390	0,8725
1,139259	0,9119
1,140128	0,8731
1,140997	0,7587
1,141866	0,5857
1,142735	0,3732
1,143604	0,1282
1,144473	-0,1178
1,145342	-0,3555
1,146211	-0,5689
1,147080	-0,7288
1,147949	-0,8466
1,148818	-0,8982
1,149687	-0,8954
1,150556	-0,8329
1,151425	-0,7150
1,152294	-0,5368
1,153163	-0,3186
1,154032	-0,0775
1,154901	0,1697
1,155770	0,4202
1,156639	0,6384
1,157508	0,7996
1,158377	0,8927
1,159246	0,9247
1,160115	0,8692
1,160984	0,7434
1,161853	0,5719
1,162722	0,3632
1,163591	0,1312
1,164460	-0,1065
1,165329	-0,3345
1,166198	-0,5454
1,167067	-0,7233
1,167936	-0,8460
1,168805	-0,9153
1,169674	-0,9296
1,170543	-0,8771
1,171412	-0,7514
1,172281	-0,5557
1,173150	-0,3278
1,174019	-0,0751
1,174888	0,1868
1,175757	0,4334
1,176626	0,6354
1,177495	0,7825
1,178364	0,8734
1,179233	0,8856
1,180102	0,8329
1,180971	0,7343
1,181840	0,5875
1,182709	0,3955
1,183578	0,1724
1,184447	-0,0604
1,185316	-0,2982
1,186185	-0,5332
1,187054	-0,7285
1,187923	-0,8631
1,188792	-0,9308
1,189661	-0,9336
1,190530	-0,8512
1,191399	-0,7016
1,192268	-0,5075
1,193137	-0,2789
1,194006	-0,0375
1,194875	0,1968
1,195744	0,4129
1,196613	0,6037
1,197482	0,7556
1,198351	0,8518
1,199220	0,8902
1,200089	0,8652
1,200958	0,7807
1,201827	0,6229
1,202696	0,4086
1,203565	0,1645
1,204434	-0,0891
1,205303	-0,3470
1,206172	-0,5805
1,207041	-0,7532
1,207910	-0,8698
1,208779	-0,9168
1,209648	-0,8997
1,210517	-0,8243
1,211386	-0,7056
1,212255	-0,5347
1,213124	-0,3256
1,213993	-0,0934
1,214862	0,1437
1,215731	0,3949
1,216600	0,6143
1,217469	0,7871
1,218338	0,8902
1,219207	0,9223
1,220076	0,8716
1,220945	0,7517
1,221814	0,5853
1,222683	0,3784
1,223552	0,1498
1,224421	-0,0781
1,225290	-0,3034
1,226159	-0,5158
1,227028	-0,6973
1,227897	-0,8289
1,228766	-0,9088
1,229635	-0,9226
1,230504	-0,8628
1,231373	-0,7257
1,232242	-0,5289
1,233111	-0,3009
1,233980	-0,0504
1,234849	0,1987
1,235718	0,4291
1,236587	0,6134
1,237456	0,7535
1,238325	0,8429
1,239194	0,8728
1,240063	0,8438
1,240932	0,7633
1,241801	0,6189
1,242670	0,4132
1,243539	0,1761
1,244408	-0,0809
1,245277	-0,3388
1,246146	-0,5734
1,247015	-0,7559
1,247884	-0,8683
1,248753	-0,9201
1,249622	-0,9033
1,250491	-0,8261
1,251360	-0,7080
1,252229	-0,5399
1,253098	-0,3342
1,253967	-0,0992
1,254836	0,1373
1,255705	0,3897
1,256574	0,6137
1,257443	0,7758
1,258312	0,8826
1,259181	0,9146
1,260050	0,8588
1,260919	0,7404
1,261788	0,5805
1,262657	0,3815
1,263526	0,1587
1,264395	-0,0647
1,265264	-0,2905
1,266133	-0,5182
1,267002	-0,7105
1,267871	-0,8448
1,268740	-0,9217
1,269609	-0,9354
1,270478	-0,8585
1,271347	-0,7114
1,272216	-0,5161
1,273085	-0,2899
1,273954	-0,0504
1,274823	0,1785
1,275692	0,3967
1,276561	0,5866
1,277430	0,7471
1,278299	0,8496
1,279168	0,8985
1,280037	0,8786
1,280906	0,7846
1,281775	0,6128
1,282644	0,3940
1,283513	0,1480
1,284382	-0,1016
1,285251	-0,3403
1,286120	-0,5527
1,286989	-0,7193
1,287858	-0,8347
1,288727	-0,8985
1,289596	-0,9107
1,290465	-0,8649
1,291334	-0,7526
1,292203	-0,5649
1,293072	-0,3381
1,293941	-0,0833
1,294810	0,1740
1,295679	0,4169
1,296548	0,6122
1,297417	0,7569
1,298286	0,8408
1,299155	0,8637
1,300024	0,8329
1,300893	0,7541
1,301762	0,6189
1,302631	0,4205
1,303500	0,1886
1,304369	-0,0595
1,305238	-0,3214
1,306107	-0,5609
1,306976	-0,7309
1,307845	-0,8460
1,308714	-0,8939
1,309583	-0,8808
1,310452	-0,8145
1,311321	-0,7044
1,312190	-0,5383
1,313059	-0,3308
1,313928	-0,0934
1,314797	0,1538
1,315666	0,4163
1,316535	0,6339
1,317404	0,7880
1,318273	0,8771
1,319142	0,8927
1,320011	0,8329
1,320880	0,7331
1,321749	0,5948
1,322618	0,4089
1,323487	0,1883
1,324356	-0,0449
1,325225	-0,2985
1,326094	-0,5457
1,326963	-0,7358
1,327832	-0,8750
1,328701	-0,9317
1,329570	-0,9153
1,330439	-0,8292
1,331308	-0,7047
1,332177	-0,5350
1,333046	-0,3323
1,333915	-0,1044
1,334784	0,1294
1,335653	0,3769
1,336522	0,6012
1,337391	0,7669
1,338260	0,8725
1,339129	0,8972
1,339998	0,8359
1,340867	0,7257
1,341736	0,5774
1,342605	0,3903
1,343474	0,1801
1,344343	-0,0436
1,345212	-0,2835
1,346081	-0,5255
1,346950	-0,7318
1,347819	-0,8631
1,348688	-0,9278
1,349557	-0,9128
1,350426	-0,8237
1,351295	-0,6900
1,352164	-0,5173
1,353033	-0,3150
1,353902	-0,0900
1,354771	0,1419
1,355640	0,3879
1,356509	0,6091
1,357378	0,7764
1,358247	0,8795
1,359116	0,9137
1,359985	0,8530
1,360854	0,7367
1,361723	0,5872
1,362592	0,4004
1,363461	0,1874
1,364330	-0,0342
1,365199	-0,2762
1,366068	-0,5234
1,366937	-0,7248
1,367806	-0,8591
1,368675	-0,9238
1,369544	-0,9128
1,370413	-0,8255
1,371282	-0,6992
1,372151	-0,5313
1,373020	-0,3308
1,373889	-0,1071
1,374758	0,1248
1,375627	0,3775
1,376496	0,6043
1,377365	0,7651
1,378234	0,8646
1,379103	0,8832
1,379972	0,8243
1,380841	0,7208
1,381710	0,5811
1,382579	0,3992
1,383448	0,1859
1,384317	-0,0452
1,385186	-0,2969
1,386055	-0,5451
1,386924	-0,7398
1,387793	-0,8640
1,388662	-0,9180
1,389531	-0,8975
1,390400	-0,8185
1,391269	-0,7056
1,392138	-0,5472
1,393007	-0,3449
1,393876	-0,1086
1,394745	0,1395
1,395614	0,3983
1,396483	0,6195
1,397352	0,7721
1,398221	0,8597
1,399090	0,8750
1,399959	0,8316
1,400828	0,7480
1,401697	0,6186
1,402566	0,4315
1,403435	0,2066
1,404304	-0,0412
1,405173	-0,2982
1,406042	-0,5402
1,406911	-0,7205
1,407780	-0,8271
1,408649	-0,8768
1,409518	-0,8741
1,410387	-0,8246
1,411256	-0,7245
1,412125	-0,5560
1,412994	-0,3394
1,413863	-0,0922
1,414732	0,1672
1,415601	0,4132
1,416470	0,6052
1,417339	0,7404
1,418208	0,8231
1,419077	0,8615
1,419946	0,8466
1,420815	0,7761
1,421684	0,6269
1,422553	0,4154
1,423422	0,1700
1,424291	-0,0830
1,425160	-0,3229
1,426029	-0,5329
1,426898	-0,6964
1,427767	-0,8200
1,428636	-0,8942
1,429505	-0,9198
1,430374	-0,8798
1,431243	-0,7523
1,432112	-0,5539
1,432981	-0,3253
1,433850	-0,0787
1,434719	0,1544
1,435588	0,3671
1,436457	0,5597
1,437326	0,7245
1,438195	0,8405
1,439064	0,8966
1,439933	0,8753
1,440802	0,7630
1,441671	0,5942
1,442540	0,3870
1,443409	0,1642
1,444278	-0,0555
1,445147	-0,2728
1,446016	-0,4947
1,446885	-0,6989
1,447754	-0,8451
1,448623	-0,9210
1,449492	-0,9241
1,450361	-0,8329
1,451230	-0,6937
1,452099	-0,5194
1,452968	-0,3189
1,453837	-0,1004
1,454706	0,1297
1,455575	0,3772
1,456444	0,6052
1,457313	0,7694
1,458182	0,8722
1,459051	0,8918
1,459920	0,8325
1,460789	0,7364
1,461658	0,6082
1,462527	0,4300
1,463396	0,2133
1,464265	-0,0354
1,465134	-0,2933
1,466003	-0,5368
1,466872	-0,7120
1,467741	-0,8243
1,468610	-0,8771
1,469479	-0,8780
1,470348	-0,8362
1,471217	-0,7407
1,472086	-0,5676
1,472955	-0,3470
1,473824	-0,0919
1,474693	0,1688
1,475562	0,3909
1,476431	0,5731
1,477300	0,7114
1,478169	0,8164
1,479038	0,8722
1,479907	0,8637
1,480776	0,7782
1,481645	0,6088
1,482514	0,3943
1,483383	0,1569
1,484252	-0,0699
1,485121	-0,2905
1,485990	-0,4987
1,486859	-0,6897
1,487728	-0,8350
1,488597	-0,9238
1,489466	-0,9381
1,490335	-0,8533
1,491204	-0,7071
1,492073	-0,5301
1,492942	-0,3305
1,493811	-0,1135
1,494680	0,1096
1,495549	0,3595
1,496418	0,5887
1,497287	0,7532
1,498156	0,8557
1,499025	0,8759
1,499894	0,8222
1,500763	0,7355
1,501632	0,6131
1,502501	0,4331
1,503370	0,2084
1,504239	-0,0421
1,505108	-0,3006
1,505977	-0,5304
1,506846	-0,6952
1,507715	-0,8026
1,508584	-0,8600
1,509453	-0,8847
1,510322	-0,8506
1,511191	-0,7416
1,512060	-0,5521
1,512929	-0,3211
1,513798	-0,0693
1,514667	0,1627
1,515536	0,3745
1,516405	0,5594
1,517274	0,7245
1,518143	0,8460
1,519012	0,9055
1,519881	0,8811
1,520750	0,7590
1,521619	0,5924
1,522488	0,3980
1,523357	0,1895
1,524226	-0,0238
1,525095	-0,2548
1,525964	-0,5011
1,526833	-0,7047
1,527702	-0,8454
1,528571	-0,9015
1,529440	-0,8853
1,530309	-0,8155
1,531178	-0,7154
1,532047	-0,5634
1,532916	-0,3577
1,533785	-0,1144
1,534654	0,1459
1,535523	0,3900
1,536392	0,5841
1,537261	0,7166
1,538130	0,8078
1,538999	0,8539
1,539868	0,8506
1,540737	0,7764
1,541606	0,6159
1,542475	0,4016
1,543344	0,1614
1,544213	-0,0684
1,545082	-0,2817
1,545951	-0,4920
1,546820	-0,6848
1,547689	-0,8325
1,548558	-0,9217
1,549427	-0,9311
1,550296	-0,8386
1,551165	-0,7013
1,552034	-0,5380
1,552903	-0,3455
1,553772	-0,1257
1,554641	0,1086
1,555510	0,3705
1,556379	0,5951
1,557248	0,7428
1,558117	0,8307
1,558986	0,8487
1,559855	0,8252
1,560724	0,7611
1,561593	0,6314
1,562462	0,4312
1,563331	0,1898
1,564200	-0,0635
1,565069	-0,2939
1,565938	-0,4923
1,566807	-0,6635
1,567676	-0,8005
1,568545	-0,8963
1,569414	-0,9220
1,570283	-0,8542
1,571152	-0,7053
1,572021	-0,5216
1,572890	-0,3180
1,573759	-0,1053
1,574628	0,1196
1,575497	0,3586
1,576366	0,5905
1,577235	0,7581
1,578104	0,8524
1,578973	0,8664
1,579842	0,8216
1,580711	0,7489
1,581580	0,6323
1,582449	0,4434
1,583318	0,2091
1,584187	-0,0479
1,585056	-0,2918
1,585925	-0,4984
1,586794	-0,6595
1,587663	-0,7947
1,588532	-0,8817
1,589401	-0,9168
1,590270	-0,8621
1,591139	-0,7160
1,592008	-0,5292
1,592877	-0,3207
1,593746	-0,1071
1,594615	0,1019
1,595484	0,3433
1,596353	0,5774
1,597222	0,7550
1,598091	0,8454
1,598960	0,8579
1,599829	0,8133
1,600698	0,7395
1,601567	0,6241
1,602436	0,4343
1,603305	0,1965
1,604174	-0,0592
1,605043	-0,3006
1,605912	-0,5063
1,606781	-0,6674
1,607650	-0,7999
1,608519	-0,8960
1,609388	-0,9259
1,610257	-0,8667
1,611126	-0,7199
1,611995	-0,5356
1,612864	-0,3330
1,613733	-0,1215
1,614602	0,0961
1,615471	0,3452
1,616340	0,5753
1,617209	0,7392
1,618078	0,8267
1,618947	0,8405
1,619816	0,8094
1,620685	0,7459
1,621554	0,6229
1,622423	0,4266
1,623292	0,1877
1,624161	-0,0613
1,625030	-0,2850
1,625899	-0,4822
1,626768	-0,6577
1,627637	-0,8087
1,628506	-0,8985
1,629375	-0,9253
1,630244	-0,8393
1,631113	-0,6964
1,631982	-0,5325
1,632851	-0,3455
1,633720	-0,1285
1,634589	0,1114
1,635458	0,3690
1,636327	0,5896
1,637196	0,7303
1,638065	0,8130
1,638934	0,8444
1,639803	0,8408
1,640672	0,7825
1,641541	0,6317
1,642410	0,4196
1,643279	0,1791
1,644148	-0,0458
1,645017	-0,2521
1,645886	-0,4651
1,646755	-0,6684
1,647624	-0,8231
1,648493	-0,8927
1,649362	-0,8866
1,650231	-0,8039
1,651100	-0,6989
1,651969	-0,5533
1,652838	-0,3565
1,653707	-0,1157
1,654576	0,1459
1,655445	0,3851
1,656314	0,5667
1,657183	0,7044
1,658052	0,8115
1,658921	0,8731
1,659790	0,8728
1,660659	0,7672
1,661528	0,5966
1,662397	0,4016
1,663266	0,1984
1,664135	-0,0104
1,665004	-0,2432
1,665873	-0,4959
1,666742	-0,6922
1,667611	-0,8167
1,668480	-0,8683
1,669349	-0,8640
1,670218	-0,8322
1,671087	-0,7447
1,671956	-0,5679
1,672825	-0,3406
1,673694	-0,0906
1,674563	0,1331
1,675432	0,3296
1,676301	0,5298
1,677170	0,7114
1,678039	0,8365
1,678908	0,8802
1,679777	0,8231
1,680646	0,7202
1,681515	0,5991
1,682384	0,4318
1,683253	0,2118
1,684122	-0,0363
1,684991	-0,2915
1,685860	-0,5063
1,686729	-0,6626
1,687598	-0,7898
1,688467	-0,8747
1,689336	-0,9165
1,690205	-0,8646
1,691074	-0,7172
1,691943	-0,5362
1,692812	-0,3397
1,693681	-0,1334
1,694550	0,0922
1,695419	0,3504
1,696288	0,5737
1,697157	0,7175
1,698026	0,7950
1,698895	0,8292
1,699764	0,8264
1,700633	0,7669
1,701502	0,6174
1,702371	0,4074
1,703240	0,1764
1,704109	-0,0385
1,704978	-0,2420
1,705847	-0,4694
1,706716	-0,6845
1,707585	-0,8356
1,708454	-0,8930
1,709323	-0,8698
1,710192	-0,8081
1,711061	-0,7273
1,711930	-0,5768
1,712799	-0,3549
1,713668	-0,1016
1,714537	0,1367
1,715406	0,3412
1,716275	0,5283
1,717144	0,6992
1,718013	0,8362
1,718882	0,8856
1,719751	0,8353
1,720620	0,7251
1,721489	0,5994
1,722358	0,4358
1,723227	0,2255
1,724096	-0,0250
1,724965	-0,2814
1,725834	-0,4923
1,726703	-0,6449
1,727572	-0,7718
1,728441	-0,8652
1,729310	-0,9067
1,730179	-0,8429
1,731048	-0,6973
1,731917	-0,5267
1,732786	-0,3403
1,733655	-0,1282
1,734524	0,1099
1,735393	0,3644
1,736262	0,5744
1,737131	0,7099
1,738000	0,7971
1,738869	0,8463
1,739738	0,8554
1,740607	0,7779
1,741476	0,6091
1,742345	0,4047
1,743214	0,1959
1,744083	-0,0031
1,744952	-0,2313
1,745821	-0,4837
1,746690	-0,6854
1,747559	-0,7990
1,748428	-0,8438
1,749297	-0,8539
1,750166	-0,8310
1,751035	-0,7346
1,751904	-0,5496
1,752773	-0,3256
1,753642	-0,0970
1,754511	0,1019
1,755380	0,3192
1,756249	0,5518
1,757118	0,7288
1,757987	0,8319
1,758856	0,8438
1,759725	0,8066
1,760594	0,7520
1,761463	0,6339
1,762332	0,4306
1,763201	0,1889
1,764070	-0,0433
1,764939	-0,2466
1,765808	-0,4520
1,766677	-0,6558
1,767546	-0,8145
1,768415	-0,8850
1,769284	-0,8695
1,770153	-0,8042
1,771022	-0,7215
1,771891	-0,5747
1,772760	-0,3595
1,773629	-0,1025
1,774498	0,1328
1,775367	0,3308
1,776236	0,5155
1,777105	0,6952
1,777974	0,8292
1,778843	0,8661
1,779712	0,8109
1,780581	0,7172
1,781450	0,6088
1,782319	0,4398
1,783188	0,2109
1,784057	-0,0455
1,784926	-0,2799
1,785795	-0,4682
1,786664	-0,6394
1,787533	-0,7907
1,788402	-0,8890
1,789271	-0,9030
1,790140	-0,8136
1,791009	-0,7022
1,791878	-0,5655
1,792747	-0,3739
1,793616	-0,1297
1,794485	0,1285
1,795354	0,3421
1,796223	0,5200
1,797092	0,6796
1,797961	0,8097
1,798830	0,8713
1,799699	0,8286
1,800568	0,7150
1,801437	0,5905
1,802306	0,4321
1,803175	0,2216
1,804044	-0,0290
1,804913	-0,2765
1,805782	-0,4831
1,806651	-0,6409
1,807520	-0,7810
1,808389	-0,8823
1,809258	-0,9058
1,810127	-0,8167
1,810996	-0,6919
1,811865	-0,5548
1,812734	-0,3717
1,813603	-0,1361
1,814472	0,1218
1,815341	0,3500
1,816210	0,5243
1,817079	0,6729
1,817948	0,8023
1,818817	0,8686
1,819686	0,8313
1,820555	0,7144
1,821424	0,5881
1,822293	0,4315
1,823162	0,2243
1,824031	-0,0250
1,824900	-0,2719
1,825769	-0,4678
1,826638	-0,6293
1,827507	-0,7794
1,828376	-0,8792
1,829245	-0,8988
1,830114	-0,8072
1,830983	-0,6900
1,831852	-0,5576
1,832721	-0,3687
1,833590	-0,1288
1,834459	0,1279
1,835328	0,3409
1,836197	0,5161
1,837066	0,6729
1,837935	0,8090
1,838804	0,8722
1,839673	0,8231
1,840542	0,7184
1,841411	0,6064
1,842280	0,4447
1,843149	0,2234
1,844018	-0,0342
1,844887	-0,2628
1,845756	-0,4511
1,846625	-0,6259
1,847494	-0,7917
1,848363	-0,8811
1,849232	-0,8774
1,850101	-0,7941
1,850970	-0,7025
1,851839	-0,5689
1,852708	-0,3558
1,853577	-0,1044
1,854446	0,1306
1,855315	0,3241
1,856184	0,5142
1,857053	0,6977
1,857922	0,8280
1,858791	0,8588
1,859660	0,8020
1,860529	0,7306
1,861398	0,6272
1,862267	0,4392
1,863136	0,2033
1,864005	-0,0348
1,864874	-0,2350
1,865743	-0,4392
1,866612	-0,6467
1,867481	-0,8002
1,868350	-0,8570
1,869219	-0,8426
1,870088	-0,8051
1,870957	-0,7309
1,871826	-0,5631
1,872695	-0,3339
1,873564	-0,0980
1,874433	0,1038
1,875302	0,3095
1,876171	0,5417
1,877040	0,7089
1,877909	0,8005
1,878778	0,8182
1,879647	0,8112
1,880516	0,7660
1,881385	0,6192
1,882254	0,4099
1,883123	0,1959
1,883992	0,0012
1,884861	-0,2210
1,885730	-0,4715
1,886599	-0,6711
1,887468	-0,7697
1,888337	-0,8222
1,889206	-0,8606
1,890075	-0,8405
1,890944	-0,7102
1,891813	-0,5271
1,892682	-0,3351
1,893551	-0,1389
1,894420	0,0894
1,895289	0,3467
1,896158	0,5478
1,897027	0,6760
1,897896	0,7721
1,898765	0,8484
1,899634	0,8469
1,900503	0,7276
1,901372	0,5802
1,902241	0,4233
1,903110	0,2319
1,903979	-0,0031
1,904848	-0,2609
1,905717	-0,4621
1,906586	-0,6198
1,907455	-0,7636
1,908324	-0,8673
1,909193	-0,8805
1,910062	-0,7917
1,910931	-0,6897
1,911800	-0,5612
1,912669	-0,3641
1,913538	-0,1154
1,914407	0,1187
1,915276	0,3073
1,916145	0,5008
1,917014	0,6922
1,917883	0,8139
1,918752	0,8362
1,919621	0,7868
1,920490	0,7355
1,921359	0,6262
1,922228	0,4233
1,923097	0,1889
1,923966	-0,0201
1,924835	-0,2145
1,925704	-0,4468
1,926573	-0,6613
1,927442	-0,7804
1,928311	-0,8237
1,929180	-0,8475
1,930049	-0,8359
1,930918	-0,7215
1,931787	-0,5332
1,932656	-0,3314
1,933525	-0,1379
1,934394	0,0800
1,935263	0,3317
1,936132	0,5396
1,937001	0,6693
1,937870	0,7669
1,938739	0,8396
1,939608	0,8414
1,940477	0,7190
1,941346	0,5777
1,942215	0,4285
1,943084	0,2316
1,943953	-0,0189
1,944822	-0,2588
1,945691	-0,4477
1,946560	-0,6140
1,947429	-0,7761
1,948298	-0,8673
1,949167	-0,8606
1,950036	-0,7868
1,950905	-0,7083
1,951774	-0,5704
1,952643	-0,3534
1,953512	-0,1050
1,954381	0,0974
1,955250	0,2911
1,956119	0,5173
1,956988	0,7022
1,957857	0,7923
1,958726	0,8002
1,959595	0,8045
1,960464	0,7593
1,961333	0,6024
1,962202	0,3992
1,963071	0,2054
1,963940	0,0098
1,964809	-0,2286
1,965678	-0,4749
1,966547	-0,6375
1,967416	-0,7462
1,968285	-0,8371
1,969154	-0,8826
1,970023	-0,8194
1,970892	-0,6842
1,971761	-0,5451
1,972630	-0,3702
1,973499	-0,1367
1,974368	0,1193
1,975237	0,3186
1,976106	0,4920
1,976975	0,6723
1,977844	0,8032
1,978713	0,8353
1,979582	0,7807
1,980451	0,7248
1,981320	0,6226
1,982189	0,4209
1,983058	0,1898
1,983927	-0,0134
1,984796	-0,2081
1,985665	-0,4489
1,986534	-0,6534
1,987403	-0,7630
1,988272	-0,8127
1,989141	-0,8542
1,990010	-0,8353
1,990879	-0,6989
1,991748	-0,5277
1,992617	-0,3537
1,993486	-0,1495
1,994355	0,1004
1,995224	0,3348
1,996093	0,4999
1,996962	0,6510
1,997831	0,7883
1,998700	0,8411
1,999569	0,7898
2,000438	0,7044
2,001307	0,6137
2,002176	0,4334
2,003045	0,1978
2,003914	-0,0275
2,004783	-0,2124
2,005652	-0,4340
2,006521	-0,6494
2,007390	-0,7709
2,008259	-0,8164
2,009128	-0,8377
2,009997	-0,8304
2,010866	-0,7083
2,011735	-0,5267
2,012604	-0,3433
2,013473	-0,1483
2,014342	0,0913
2,015211	0,3345
2,016080	0,5103
2,016949	0,6439
2,017818	0,7804
2,018687	0,8444
2,019556	0,7938
2,020425	0,6998
2,021294	0,6085
2,022163	0,4352
2,023032	0,1965
2,023901	-0,0290
2,024770	-0,2136
2,025639	-0,4297
2,026508	-0,6439
2,027377	-0,7666
2,028246	-0,8097
2,029115	-0,8356
2,029984	-0,8271
2,030853	-0,7016
2,031722	-0,5231
2,032591	-0,3458
2,033460	-0,1480
2,034329	0,0961
2,035198	0,3375
2,036067	0,4999
2,036936	0,6485
2,037805	0,7871
2,038674	0,8405
2,039543	0,7837
2,040412	0,7053
2,041281	0,6146
2,042150	0,4279
2,043019	0,1926
2,043888	-0,0192
2,044757	-0,2060
2,045626	-0,4373
2,046495	-0,6442
2,047364	-0,7520
2,048233	-0,8060
2,049102	-0,8444
2,049971	-0,8228
2,050840	-0,6824
2,051709	-0,5246
2,052578	-0,3586
2,053447	-0,1407
2,054316	0,1138
2,055185	0,3174
2,056054	0,4813
2,056923	0,6610
2,057792	0,7926
2,058661	0,8145
2,059530	0,7694
2,060399	0,7282
2,061268	0,6122
2,062137	0,4044
2,063006	0,1901
2,063875	0,0067
2,064744	-0,2127
2,065613	-0,4584
2,066482	-0,6211
2,067351	-0,7248
2,068220	-0,8206
2,069089	-0,8637
2,069958	-0,7855
2,070827	-0,6720
2,071696	-0,5512
2,072565	-0,3589
2,073434	-0,1117
2,074303	0,1044
2,075172	0,2826
2,076041	0,5017
2,076910	0,6793
2,077779	0,7599
2,078648	0,7865
2,079517	0,8032
2,080386	0,7385
2,081255	0,5707
2,082124	0,4013
2,082993	0,2304
2,083862	0,0009
2,084731	-0,2478
2,085600	-0,4334
2,086469	-0,5933
2,087338	-0,7559
2,088207	-0,8423
2,089076	-0,8209
2,089945	-0,7736
2,090814	-0,7096
2,091683	-0,5414
2,092552	-0,3229
2,093421	-0,1257
2,094290	0,0684
2,095159	0,3131
2,096028	0,5213
2,096897	0,6348
2,097766	0,7401
2,098635	0,8237
2,099504	0,8005
2,100373	0,6842
2,101242	0,5887
2,102111	0,4328
2,102980	0,2020
2,103849	-0,0266
2,104718	-0,2042
2,105587	-0,4215
2,106456	-0,6323
2,107325	-0,7453
2,108194	-0,7883
2,109063	-0,8356
2,109932	-0,8103
2,110801	-0,6699
2,111670	-0,5203
2,112539	-0,3562
2,113408	-0,1379
2,114277	0,1099
2,115146	0,2982
2,116015	0,4749
2,116884	0,6662
2,117753	0,7718
2,118622	0,7807
2,119491	0,7727
2,120360	0,7346
2,121229	0,5789
2,122098	0,3909
2,122967	0,2161
2,123836	0,0116
2,124705	-0,2429
2,125574	-0,4389
2,126443	-0,5936
2,127312	-0,7447
2,128181	-0,8344
2,129050	-0,8167
2,129919	-0,7654
2,130788	-0,7028
2,131657	-0,5390
2,132526	-0,3223
2,133395	-0,1315
2,134264	0,0653
2,135133	0,3073
2,136002	0,5066
2,136871	0,6287
2,137740	0,7440
2,138609	0,8164
2,139478	0,7700
2,140347	0,6775
2,141216	0,5933
2,142085	0,4163
2,142954	0,1862
2,143823	-0,0131
2,144692	-0,2026
2,145561	-0,4434
2,146430	-0,6214
2,147299	-0,7169
2,148168	-0,8039
2,149037	-0,8502
2,149906	-0,7730
2,150775	-0,6635
2,151644	-0,5506
2,152513	-0,3543
2,153382	-0,1080
2,154251	0,0833
2,155120	0,2756
2,155989	0,5023
2,156858	0,6507
2,157727	0,7221
2,158596	0,7810
2,159465	0,8002
2,160334	0,6861
2,161203	0,5570
2,162072	0,4184
2,162941	0,2091
2,163810	-0,0354
2,164679	-0,2216
2,165548	-0,4144
2,166417	-0,6330
2,167286	-0,7462
2,168155	-0,7852
2,169024	-0,8295
2,169893	-0,8075
2,170762	-0,6653
2,171631	-0,5237
2,172500	-0,3604
2,173369	-0,1331
2,174238	0,1044
2,175107	0,2774
2,175976	0,4730
2,176845	0,6546
2,177714	0,7453
2,178583	0,7544
2,179452	0,7794
2,180321	0,7047
2,181190	0,5484
2,182059	0,3983
2,182928	0,2164
2,183797	-0,0266
2,184666	-0,2420
2,185535	-0,4080
2,186404	-0,6095
2,187273	-0,7566
2,188142	-0,7968
2,189011	-0,8051
2,189880	-0,8048
2,190749	-0,6754
2,191618	-0,5097
2,192487	-0,3549
2,193356	-0,1425
2,194225	0,1047
2,195094	0,2863
2,195963	0,4630
2,196832	0,6464
2,197701	0,7498
2,198570	0,7611
2,199439	0,7715
2,200308	0,7096
2,201177	0,5490
2,202046	0,3909
2,202915	0,2191
2,203784	-0,0122
2,204653	-0,2335
2,205522	-0,4010
2,206391	-0,5985
2,207260	-0,7477
2,208129	-0,7871
2,208998	-0,7929
2,209867	-0,7932
2,210736	-0,6629
2,211605	-0,5029
2,212474	-0,3470
2,213343	-0,1346
2,214212	0,1126
2,215081	0,2847
2,215950	0,4712
2,216819	0,6531
2,217688	0,7395
2,218557	0,7550
2,219426	0,7776
2,220295	0,6986
2,221164	0,5472
2,222033	0,4065
2,222902	0,2213
2,223771	-0,0223
2,224640	-0,2124
2,225509	-0,3970
2,226378	-0,6009
2,227247	-0,7248
2,228116	-0,7639
2,228985	-0,8014
2,229854	-0,7801
2,230723	-0,6391
2,231592	-0,5081
2,232461	-0,3449
2,233330	-0,1062
2,234199	0,1077
2,235068	0,2734
2,235937	0,4968
2,236806	0,6537
2,237675	0,7215
2,238544	0,7810
2,239413	0,7956
2,240282	0,6772
2,241151	0,5628
2,242020	0,4248
2,242889	0,2023
2,243758	-0,0189
2,244627	-0,1889
2,245496	-0,4111
2,246365	-0,5982
2,247234	-0,6900
2,248103	-0,7666
2,248972	-0,8158
2,249841	-0,7379
2,250710	-0,6412
2,251579	-0,5267
2,252448	-0,3186
2,253317	-0,0946
2,254186	0,0790
2,255055	0,2939
2,255924	0,5069
2,256793	0,6146
2,257662	0,7263
2,258531	0,8029
2,259400	0,7477
2,260269	0,6696
2,261138	0,5869
2,262007	0,3937
2,262876	0,1865
2,263745	0,0134
2,264614	-0,2115
2,265483	-0,4328
2,266352	-0,5661
2,267221	-0,7068
2,268090	-0,7993
2,268959	-0,7822
2,269828	-0,7419
2,270697	-0,6760
2,271566	-0,5036
2,272435	-0,3174
2,273304	-0,1428
2,274173	0,0885
2,275042	0,3003
2,275911	0,4535
2,276780	0,6229
2,277649	0,7379
2,278518	0,7364
2,279387	0,7389
2,280256	0,6888
2,281125	0,5301
2,281994	0,3778
2,282863	0,2060
2,283732	-0,0403
2,284601	-0,2310
2,285470	-0,4019
2,286339	-0,6116
2,287208	-0,7227
2,288077	-0,7596
2,288946	-0,8133
2,289815	-0,7688
2,290684	-0,6369
2,291553	-0,5295
2,292422	-0,3427
2,293291	-0,1093
2,294160	0,0702
2,295029	0,2664
2,295898	0,4828
2,296767	0,5982
2,297636	0,6876
2,298505	0,7645
2,299374	0,7233
2,300243	0,6424
2,301112	0,5576
2,301981	0,3723
2,302850	0,1688
2,303719	-0,0040
2,304588	-0,2283
2,305457	-0,4343
2,306326	-0,5643
2,307195	-0,7184
2,308064	-0,7996
2,308933	-0,7660
2,309802	-0,7532
2,310671	-0,6671
2,311540	-0,4886
2,312409	-0,3287
2,313278	-0,1395
2,314147	0,1056
2,315016	0,2792
2,315885	0,4550
2,316754	0,6342
2,317623	0,7077
2,318492	0,7327
2,319361	0,7593
2,320230	0,6552
2,321099	0,5353
2,321968	0,4050
2,322837	0,1901
2,323706	-0,0223
2,324575	-0,1877
2,325444	-0,4093
2,326313	-0,5808
2,327182	-0,6684
2,328051	-0,7614
2,328920	-0,7822
2,329789	-0,7031
2,330658	-0,6433
2,331527	-0,4947
2,332396	-0,2863
2,333265	-0,1144
2,334134	0,0946
2,335003	0,3189
2,335872	0,4611
2,336741	0,6207
2,337610	0,7401
2,338479	0,7404
2,339348	0,7431
2,340217	0,6906
2,341086	0,5298
2,341955	0,3961
2,342824	0,2152
2,343693	-0,0223
2,344562	-0,1901
2,345431	-0,3803
2,346300	-0,5808
2,347169	-0,6714
2,348038	-0,7395
2,348907	-0,7837
2,349776	-0,7010
2,350645	-0,6195
2,351514	-0,5005
2,352383	-0,2927
2,353252	-0,1093
2,354121	0,0723
2,354990	0,3015
2,355859	0,4593
2,356728	0,5921
2,357597	0,7215
2,358466	0,7254
2,359335	0,7071
2,360204	0,6696
2,361073	0,5136
2,361942	0,3623
2,362811	0,1959
2,363680	-0,0443
2,364549	-0,2225
2,365418	-0,4016
2,366287	-0,5988
2,367156	-0,6922
2,368025	-0,7550
2,368894	-0,8054
2,369763	-0,7205
2,370632	-0,6391
2,371501	-0,5194
2,372370	-0,3058
2,373239	-0,1242
2,374108	0,0604
2,374977	0,2853
2,375846	0,4334
2,376715	0,5762
2,377584	0,7016
2,378453	0,7044
2,379322	0,6977
2,380191	0,6473
2,381060	0,4938
2,381929	0,3571
2,382798	0,1813
2,383667	-0,0467
2,384536	-0,2106
2,385405	-0,4022
2,386274	-0,5945
2,387143	-0,6763
2,388012	-0,7544
2,388881	-0,7816
2,389750	-0,6931
2,390619	-0,6330
2,391488	-0,4910
2,392357	-0,2853
2,393226	-0,1218
2,394095	0,0916
2,394964	0,2997
2,395833	0,4419
2,396702	0,6125
2,397571	0,7065
2,398440	0,7166
2,399309	0,7416
2,400178	0,6461
2,401047	0,5194
2,401916	0,3958
2,402785	0,1822
2,403654	-0,0119
2,404523	-0,1785
2,405392	-0,3998
2,406261	-0,5362
2,407130	-0,6464
2,407999	-0,7398
2,408868	-0,7166
2,409737	-0,6858
2,410606	-0,6110
2,411475	-0,4413
2,412344	-0,2887
2,413213	-0,1013
2,414082	0,1202
2,414951	0,2731
2,415820	0,4651
2,416689	0,6146
2,417558	0,6702
2,418427	0,7355
2,419296	0,7123
2,420165	0,6113
2,421034	0,5350
2,421903	0,3531
2,422772	0,1624
2,423641	-0,0018
2,424510	-0,2353
2,425379	-0,4013
2,426248	-0,5515
2,427117	-0,6980
2,427986	-0,7248
2,428855	-0,7498
2,429724	-0,7297
2,430593	-0,5969
2,431462	-0,4959
2,432331	-0,3119
2,433200	-0,1007
2,434069	0,0589
2,434938	0,2701
2,435807	0,4379
2,436676	0,5472
2,437545	0,6726
2,438414	0,6888
2,439283	0,6638
2,440152	0,6226
2,441021	0,4721
2,441890	0,3348
2,442759	0,1636
2,443628	-0,0568
2,444497	-0,2094
2,445366	-0,4089
2,446235	-0,5814
2,447104	-0,6540
2,447973	-0,7453
2,448842	-0,7437
2,449711	-0,6778
2,450580	-0,6223
2,451449	-0,4532
2,452318	-0,2872
2,453187	-0,1129
2,454056	0,1190
2,454925	0,2661
2,455794	0,4547
2,456663	0,6027
2,457532	0,6592
2,458401	0,7273
2,459270	0,6995
2,460139	0,6116
2,461008	0,5341
2,461877	0,3479
2,462746	0,1782
2,463615	0,0055
2,464484	-0,2109
2,465353	-0,3540
2,466222	-0,5216
2,467091	-0,6436
2,467960	-0,6772
2,468829	-0,7199
2,469698	-0,6574
2,470567	-0,5609
2,471436	-0,4547
2,472305	-0,2570
2,473174	-0,0903
2,474043	0,0909
2,474912	0,2988
2,475781	0,4300
2,476650	0,5838
2,477519	0,6696
2,478388	0,6742
2,479257	0,6958
2,480126	0,5866
2,480995	0,4813
2,481864	0,3439
2,482733	0,1297
2,483602	-0,0290
2,484471	-0,2283
2,485340	-0,4135
2,486209	-0,5405
2,487078	-0,6858
2,487947	-0,7212
2,488816	-0,7251
2,489685	-0,7135
2,490554	-0,5777
2,491423	-0,4785
2,492292	-0,2994
2,493161	-0,0974
2,494030	0,0549
2,494899	0,2704
2,495768	0,4169
2,496637	0,5466
2,497506	0,6531
2,498375	0,6516
2,499244	0,6607
2,500113	0,5850
2,500982	0,4611
2,501851	0,3452
2,502720	0,1395
2,503589	-0,0330
2,504458	-0,1996
2,505327	-0,4001
2,506196	-0,5121
2,507065	-0,6391
2,507934	-0,6964
2,508803	-0,6800
2,509672	-0,6720
2,510541	-0,5429
2,511410	-0,4273
2,512279	-0,2646
2,513148	-0,0525
2,514017	0,0961
2,514886	0,3037
2,515755	0,4523
2,516624	0,5655
2,517493	0,6848
2,518362	0,6760
2,519231	0,6815
2,520100	0,6015
2,520969	0,4712
2,521838	0,3562
2,522707	0,1468
2,523576	-0,0186
2,524445	-0,1981
2,525314	-0,3894
2,526183	-0,5106
2,527052	-0,6467
2,527921	-0,6790
2,528790	-0,6851
2,529659	-0,6751
2,530528	-0,5481
2,531397	-0,4547
2,532266	-0,2731
2,533135	-0,0916
2,534004	0,0662
2,534873	0,2680
2,535742	0,3989
2,536611	0,5353
2,537480	0,6259
2,538349	0,6235
2,539218	0,6421
2,540087	0,5368
2,540956	0,4404
2,541825	0,3030
2,542694	0,1093
2,543563	-0,0339
2,544432	-0,2396
2,545301	-0,3900
2,546170	-0,5274
2,547039	-0,6531
2,547908	-0,6644
2,548777	-0,6970
2,549646	-0,6357
2,550515	-0,5420
2,551384	-0,4309
2,552253	-0,2332
2,553122	-0,0864
2,553991	0,1196
2,554860	0,2875
2,555729	0,4263
2,556598	0,5853
2,557467	0,6262
2,558336	0,6876
2,559205	0,6549
2,560074	0,5704
2,560943	0,4904
2,561812	0,3113
2,562681	0,1694
2,563550	-0,0226
2,564419	-0,1990
2,565288	-0,3458
2,566157	-0,5249
2,567026	-0,5945
2,567895	-0,6644
2,568764	-0,6653
2,569633	-0,6128
2,570502	-0,5551
2,571371	-0,3980
2,572240	-0,2686
2,573109	-0,0784
2,573978	0,0943
2,574847	0,2387
2,575716	0,4184
2,576585	0,5033
2,577454	0,6043
2,578323	0,6174
2,579192	0,5881
2,580061	0,5420
2,580930	0,4007
2,581799	0,2893
2,582668	0,1047
2,583537	-0,0641
2,584406	-0,2158
2,585275	-0,4010
2,586144	-0,5078
2,587013	-0,6330
2,587882	-0,6613
2,588751	-0,6616
2,589620	-0,6330
2,590489	-0,5133
2,591358	-0,4184
2,592227	-0,2274
2,593096	-0,0702
2,593965	0,1105
2,594834	0,2811
2,595703	0,4099
2,596572	0,5637
2,597441	0,6070
2,598310	0,6549
2,599179	0,6272
2,600048	0,5469
2,600917	0,4627
2,601786	0,2924
2,602655	0,1584
2,603524	-0,0375
2,604393	-0,1923
2,605262	-0,3470
2,606131	-0,5036
2,607000	-0,5710
2,607869	-0,6543
2,608738	-0,6275
2,609607	-0,6058
2,610476	-0,5173
2,611345	-0,3848
2,612214	-0,2545
2,613083	-0,0580
2,613952	0,0784
2,614821	0,2576
2,615690	0,3919
2,616559	0,4932
2,617428	0,5887
2,618297	0,5811
2,619166	0,5914
2,620035	0,4898
2,620904	0,4007
2,621773	0,2625
2,622642	0,0897
2,623511	-0,0516
2,624380	-0,2414
2,625249	-0,3616
2,626118	-0,5185
2,626987	-0,5914
2,627856	-0,6326
2,628725	-0,6531
2,629594	-0,5719
2,630463	-0,5164
2,631332	-0,3598
2,632201	-0,2304
2,633070	-0,0473
2,633939	0,1205
2,634808	0,2652
2,635677	0,4300
2,636546	0,5097
2,637415	0,6162
2,638284	0,6073
2,639153	0,6052
2,640022	0,5249
2,640891	0,4166
2,641760	0,3000
2,642629	0,1105
2,643498	-0,0217
2,644367	-0,2152
2,645236	-0,3385
2,646105	-0,4871
2,646974	-0,5747
2,647843	-0,6079
2,648712	-0,6360
2,649581	-0,5628
2,650450	-0,5142
2,651319	-0,3656
2,652188	-0,2405
2,653057	-0,0751
2,653926	0,0919
2,654795	0,2249
2,655664	0,3873
2,656533	0,4672
2,657402	0,5634
2,658271	0,5542
2,659140	0,5499
2,660009	0,4736
2,660878	0,3726
2,661747	0,2579
2,662616	0,0812
2,663485	-0,0479
2,664354	-0,2295
2,665223	-0,3412
2,666092	-0,4846
2,666961	-0,5591
2,667830	-0,5893
2,668699	-0,6061
2,669568	-0,5316
2,670437	-0,4743
2,671306	-0,3241
2,672175	-0,2033
2,673044	-0,0256
2,673913	0,1233
2,674782	0,2716
2,675651	0,4138
2,676520	0,4968
2,677389	0,5872
2,678258	0,5661
2,679127	0,5786
2,679996	0,4752
2,680865	0,3958
2,681734	0,2475
2,682603	0,0958
2,683472	-0,0562
2,684341	-0,2252
2,685210	-0,3409
2,686079	-0,4959
2,686948	-0,5493
2,687817	-0,6229
2,688686	-0,5902
2,689555	-0,5695
2,690424	-0,4727
2,691293	-0,3610
2,692162	-0,2283
2,693031	-0,0522
2,693900	0,0751
2,694769	0,2503
2,695638	0,3513
2,696507	0,4807
2,697376	0,5258
2,698245	0,5594
2,699114	0,5289
2,699983	0,4666
2,700852	0,3760
2,701721	0,2380
2,702590	0,1144
2,703459	-0,0620
2,704328	-0,1718
2,705197	-0,3348
2,706066	-0,4321
2,706935	-0,5267
2,707804	-0,5545
2,708673	-0,5448
2,709542	-0,5136
2,710411	-0,4205
2,711280	-0,3320
2,712149	-0,1694
2,713018	-0,0491
2,713887	0,1254
2,714756	0,2344
2,715625	0,3775
2,716494	0,4572
2,717363	0,5210
2,718232	0,5329
2,719101	0,4953
2,719970	0,4416
2,720839	0,3207
2,721708	0,2206
2,722577	0,0507
2,723446	-0,0674
2,724315	-0,2359
2,725184	-0,3436
2,726053	-0,4758
2,726922	-0,5322
2,727791	-0,5643
2,728660	-0,5625
2,729529	-0,5087
2,730398	-0,4398
2,731267	-0,3058
2,732136	-0,1910
2,733005	-0,0153
2,733874	0,1019
2,734743	0,2673
2,735612	0,3626
2,736481	0,4770
2,737350	0,5203
2,738219	0,5405
2,739088	0,5100
2,739957	0,4459
2,740826	0,3558
2,741695	0,2222
2,742564	0,0983
2,743433	-0,0711
2,744302	-0,1816
2,745171	-0,3394
2,746040	-0,4224
2,746909	-0,5264
2,747778	-0,5383
2,748647	-0,5618
2,749516	-0,4938
2,750385	-0,4337
2,751254	-0,3189
2,752123	-0,1917
2,752992	-0,0565
2,753861	0,0970
2,754730	0,2084
2,755599	0,3473
2,756468	0,4147
2,757337	0,4947
2,758206	0,4825
2,759075	0,4874
2,759944	0,3989
2,760813	0,3342
2,761682	0,1978
2,762551	0,0842
2,763420	-0,0668
2,764289	-0,1831
2,765158	-0,3052
2,766027	-0,4123
2,766896	-0,4770
2,767765	-0,5173
2,768634	-0,4874
2,769503	-0,4663
2,770372	-0,3702
2,771241	-0,2924
2,772110	-0,1410
2,772979	-0,0323
2,773848	0,1279
2,774717	0,2188
2,775586	0,3497
2,776455	0,4120
2,777324	0,4743
2,778193	0,4700
2,779062	0,4520
2,779931	0,3784
2,780800	0,2893
2,781669	0,1779
2,782538	0,0443
2,783407	-0,0824
2,784276	-0,2164
2,785145	-0,3165
2,786014	-0,4370
2,786883	-0,4764
2,787752	-0,5271
2,788621	-0,4862
2,789490	-0,4736
2,790359	-0,3659
2,791228	-0,2872
2,792097	-0,1355
2,792966	-0,0232
2,793835	0,1282
2,794704	0,2283
2,795573	0,3562
2,796442	0,4254
2,797311	0,4791
2,798180	0,4804
2,799049	0,4621
2,799918	0,3925
2,800787	0,3030
2,801656	0,1929
2,802525	0,0574
2,803394	-0,0678
2,804263	-0,1987
2,805132	-0,3006
2,806001	-0,4187
2,806870	-0,4666
2,807739	-0,5179
2,808608	-0,4801
2,809477	-0,4688
2,810346	-0,3696
2,811215	-0,2985
2,812084	-0,1535
2,812953	-0,0501
2,813822	0,1025
2,814691	0,1926
2,815560	0,3226
2,816429	0,3854
2,817298	0,4544
2,818167	0,4428
2,819036	0,4395
2,819905	0,3604
2,820774	0,2991
2,821643	0,1801
2,822512	0,0745
2,823381	-0,0583
2,824250	-0,1621
2,825119	-0,2774
2,825988	-0,3653
2,826857	-0,4279
2,827726	-0,4535
2,828595	-0,4505
2,829464	-0,4132
2,830333	-0,3442
2,831202	-0,2554
2,832071	-0,1419
2,832940	-0,0339
2,833809	0,0949
2,834678	0,1862
2,835547	0,2982
2,836416	0,3565
2,837285	0,4126
2,838154	0,4056
2,839023	0,3958
2,839892	0,3211
2,840761	0,2606
2,841630	0,1422
2,842499	0,0458
2,843368	-0,0909
2,844237	-0,1740
2,845106	-0,2918
2,845975	-0,3577
2,846844	-0,4361
2,847713	-0,4334
2,848582	-0,4440
2,849451	-0,3757
2,850320	-0,3284
2,851189	-0,2173
2,852058	-0,1297
2,852927	0,0101
2,853796	0,1047
2,854665	0,2255
2,855534	0,2945
2,856403	0,3873
2,857272	0,3992
2,858141	0,4266
2,859010	0,3748
2,859879	0,3372
2,860748	0,2335
2,861617	0,1517
2,862486	0,0208
2,863355	-0,0778
2,864224	-0,2011
2,865093	-0,2811
2,865962	-0,3836
2,866831	-0,4157
2,867700	-0,4547
2,868569	-0,4260
2,869438	-0,4031
2,870307	-0,3168
2,871176	-0,2432
2,872045	-0,1184
2,872914	-0,0208
2,873783	0,1105
2,874652	0,1938
2,875521	0,2988
2,876390	0,3543
2,877259	0,4080
2,878128	0,4010
2,878997	0,3922
2,879866	0,3198
2,880735	0,2576
2,881604	0,1462
2,882473	0,0507
2,883342	-0,0742
2,884211	-0,1627
2,885080	-0,2725
2,885949	-0,3436
2,886818	-0,4144
2,887687	-0,4181
2,888556	-0,4251
2,889425	-0,3723
2,890294	-0,3269
2,891163	-0,2289
2,892032	-0,1422
2,892901	-0,0165
2,893770	0,0766
2,894639	0,1874
2,895508	0,2567
2,896377	0,3452
2,897246	0,3659
2,898115	0,3964
2,898984	0,3494
2,899853	0,3195
2,900722	0,2298
2,901591	0,1599
2,902460	0,0406
2,903329	-0,0473
2,904198	-0,1605
2,905067	-0,2307
2,905936	-0,3287
2,906805	-0,3616
2,907674	-0,4038
2,908543	-0,3803
2,909412	-0,3662
2,910281	-0,2847
2,911150	-0,2289
2,912019	-0,1151
2,912888	-0,0348
2,913757	0,0845
2,914626	0,1538
2,915495	0,2530
2,916364	0,2939
2,917233	0,3510
2,918102	0,3363
2,918971	0,3366
2,919840	0,2686
2,920709	0,2194
2,921578	0,1218
2,922447	0,0443
2,923316	-0,0690
2,924185	-0,1428
2,925054	-0,2368
2,925923	-0,2973
2,926792	-0,3549
2,927661	-0,3583
2,928530	-0,3592
2,929399	-0,3186
2,930268	-0,2741
2,931137	-0,1886
2,932006	-0,1068
2,932875	-0,0027
2,933744	0,0839
2,934613	0,1712
2,935482	0,2356
2,936351	0,3098
2,937220	0,3293
2,938089	0,3327
2,938958	0,3055
2,939827	0,2576
2,940696	0,1917
2,941565	0,1102
2,942434	0,0186
2,943303	-0,0803
2,944172	-0,1599
2,945041	-0,2420
2,945910	-0,3052
2,946779	-0,3601
2,947648	-0,3568
2,948517	-0,3583
2,949386	-0,3113
2,950255	-0,2652
2,951124	-0,1773
2,951993	-0,1032
2,952862	0,0092
2,953731	0,0845
2,954600	0,1813
2,955469	0,2353
2,956338	0,3116
2,957207	0,3220
2,958076	0,3430
2,958945	0,2976
2,959814	0,2667
2,960683	0,1810
2,961552	0,1190
2,962421	0,0125
2,963290	-0,0656
2,964159	-0,1621
2,965028	-0,2231
2,965897	-0,3073
2,966766	-0,3372
2,967635	-0,3623
2,968504	-0,3452
2,969373	-0,3177
2,970242	-0,2579
2,971111	-0,1883
2,971980	-0,1007
2,972849	-0,0061
2,973718	0,0806
2,974587	0,1630
2,975456	0,2301
2,976325	0,2915
2,977194	0,3122
2,978063	0,3299
2,978932	0,2933
2,979801	0,2625
2,980670	0,1825
2,981539	0,1233
2,982408	0,0174
2,983277	-0,0543
2,984146	-0,1547
2,985015	-0,2112
2,985884	-0,2969
2,986753	-0,3265
2,987622	-0,3607
2,988491	-0,3366
2,989360	-0,3186
2,990229	-0,2527
2,991098	-0,1965
2,991967	-0,1019
2,992836	-0,0198
2,993705	0,0748
2,994574	0,1447
2,995443	0,2152
2,996312	0,2716
2,997181	0,3024
2,998050	0,3088
2,998919	0,2844
2,999788	0,2542
3,000657	0,1843
3,001526	0,1257
3,002395	0,0293
3,003264	-0,0452
3,004133	-0,1337
3,005002	-0,1868
3,005871	-0,2728
3,006740	-0,2976
3,007609	-0,3351
3,008478	-0,3122
3,009347	-0,3021
3,010216	-0,2411
3,011085	-0,1923
3,011954	-0,1056
3,012823	-0,0299
3,013692	0,0583
3,014561	0,1260
3,015430	0,1950
3,016299	0,2503
3,017168	0,2789
3,018037	0,2902
3,018906	0,2646
3,019775	0,2365
3,020644	0,1709
3,021513	0,1172
3,022382	0,0284
3,023251	-0,0406
3,024120	-0,1257
3,024989	-0,1767
3,025858	-0,2557
3,026727	-0,2811
3,027596	-0,3171
3,028465	-0,2933
3,029334	-0,2869
3,030203	-0,2268
3,031072	-0,1782
3,031941	-0,0989
3,032810	-0,0290
3,033679	0,0574
3,034548	0,1199
3,035417	0,1865
3,036286	0,2319
3,037155	0,2652
3,038024	0,2762
3,038893	0,2484
3,039762	0,2222
3,040631	0,1563
3,041500	0,1083
3,042369	0,0211
3,043238	-0,0391
3,044107	-0,1227
3,044976	-0,1700
3,045845	-0,2448
3,046714	-0,2692
3,047583	-0,2973
3,048452	-0,2750
3,049321	-0,2655
3,050190	-0,2155
3,051059	-0,1636
3,051928	-0,0934
3,052797	-0,0165
3,053666	0,0568
3,054535	0,1193
3,055404	0,1743
3,056273	0,2307
3,057142	0,2484
3,058011	0,2612
3,058880	0,2359
3,059749	0,2100
3,060618	0,1428
3,061487	0,0964
3,062356	0,0113
3,063225	-0,0473
3,064094	-0,1248
3,064963	-0,1724
3,065832	-0,2429
3,066701	-0,2698
3,067570	-0,2887
3,068439	-0,2753
3,069308	-0,2527
3,070177	-0,2103
3,071046	-0,1517
3,071915	-0,0876
3,072784	-0,0055
3,073653	0,0604
3,074522	0,1309
3,075391	0,1770
3,076260	0,2371
3,077129	0,2506
3,077998	0,2661
3,078867	0,2310
3,079736	0,2066
3,080605	0,1416
3,081474	0,0925
3,082343	0,0110
3,083212	-0,0549
3,084081	-0,1267
3,084950	-0,1770
3,085819	-0,2365
3,086688	-0,2750
3,087557	-0,2857
3,088426	-0,2780
3,089295	-0,2463
3,090164	-0,2136
3,091033	-0,1477
3,091902	-0,0931
3,092771	-0,0067
3,093640	0,0528
3,094509	0,1279
3,095378	0,1694
3,096247	0,2295
3,097116	0,2426
3,097985	0,2567
3,098854	0,2313
3,099723	0,1996
3,100592	0,1471
3,101461	0,0882
3,102330	0,0208
3,103199	-0,0577
3,104068	-0,1144
3,104937	-0,1794
3,105806	-0,2258
3,106675	-0,2802
3,107544	-0,2704
3,108413	-0,2805
3,109282	-0,2441
3,110151	-0,2152
3,111020	-0,1483
3,111889	-0,0931
3,112758	-0,0146
3,113627	0,0552
3,114496	0,1202
3,115365	0,1749
3,116234	0,2225
3,117103	0,2512
3,117972	0,2487
3,118841	0,2399
3,119710	0,1959
3,120579	0,1578
3,121448	0,0858
3,122317	0,0308
3,123186	-0,0580
3,124055	-0,1047
3,124924	-0,1761
3,125793	-0,2210
3,126662	-0,2698
3,127531	-0,2759
3,128400	-0,2710
3,129269	-0,2518
3,130138	-0,2118
3,131007	-0,1621
3,131876	-0,0922
3,132745	-0,0284
3,133614	0,0522
3,134483	0,0970
3,135352	0,1663
3,136221	0,1990
3,137090	0,2429
3,137959	0,2332
3,138828	0,2356
3,139697	0,1932
3,140566	0,1547
3,141435	0,0943
3,142304	0,0327
3,143173	-0,0366
3,144042	-0,1013
3,144911	-0,1550
3,145780	-0,2179
3,146649	-0,2438
3,147518	-0,2713
3,148387	-0,2551
3,149256	-0,2515
3,150125	-0,2011
3,150994	-0,1639
3,151863	-0,0909
3,152732	-0,0339
3,153601	0,0452
3,154470	0,0974
3,155339	0,1587
3,156208	0,2029
3,157077	0,2316
3,157946	0,2377
3,158815	0,2234
3,159684	0,1999
3,160553	0,1471
3,161422	0,1032
3,162291	0,0259
3,163160	-0,0305
3,164029	-0,1035
3,164898	-0,1492
3,165767	-0,2121
3,166636	-0,2390
3,167505	-0,2676
3,168374	-0,2551
3,169243	-0,2405
3,170112	-0,2060
3,170981	-0,1584
3,171850	-0,1035
3,172719	-0,0293
3,173588	0,0275
3,174457	0,0940
3,175326	0,1346
3,176195	0,1923
3,177064	0,2081
3,177933	0,2329
3,178802	0,2081
3,179671	0,1929
3,180540	0,1431
3,181409	0,1001
3,182278	0,0366
3,183147	-0,0284
3,184016	-0,0839
3,184885	-0,1422
3,185754	-0,1892
3,186623	-0,2332
3,187492	-0,2411
3,188361	-0,2564
3,189230	-0,2234
3,190099	-0,2033
3,190968	-0,1480
3,191837	-0,1025
3,192706	-0,0296
3,193575	0,0284
3,194444	0,0888
3,195313	0,1370
3,196182	0,1822
3,197051	0,2130
3,197920	0,2149
3,198789	0,2161
3,199658	0,1767
3,200527	0,1456
3,201396	0,0861
3,202265	0,0381
3,203134	-0,0348
3,204003	-0,0848
3,204872	-0,1462
3,205741	-0,1910
3,206610	-0,2350
3,207479	-0,2402
3,208348	-0,2429
3,209217	-0,2264
3,210086	-0,1895
3,210955	-0,1511
3,211824	-0,0888
3,212693	-0,0320
3,213562	0,0345
3,214431	0,0800
3,215300	0,1425
3,216169	0,1740
3,217038	0,2109
3,217907	0,2115
3,218776	0,2094
3,219645	0,1718
3,220514	0,1358
3,221383	0,0885
3,222252	0,0299
3,223121	-0,0302
3,223990	-0,0876
3,224859	-0,1321
3,225728	-0,1941
3,226597	-0,2219
3,227466	-0,2487
3,228335	-0,2341
3,229204	-0,2268
3,230073	-0,1804
3,230942	-0,1462
3,231811	-0,0845
3,232680	-0,0256
3,233549	0,0385
3,234418	0,0827
3,235287	0,1355
3,236156	0,1794
3,237025	0,2014
3,237894	0,2118
3,238763	0,1953
3,239632	0,1785
3,240501	0,1245
3,241370	0,0882
3,242239	0,0174
3,243108	-0,0305
3,243977	-0,1007
3,244846	-0,1407
3,245715	-0,1990
3,246584	-0,2295
3,247453	-0,2463
3,248322	-0,2414
3,249191	-0,2194
3,250060	-0,1898
3,250929	-0,1361
3,251798	-0,0897
3,252667	-0,0134
3,253536	0,0366
3,254405	0,0980
3,255274	0,1334
3,256143	0,1880
3,257012	0,2057
3,257881	0,2185
3,258750	0,1965
3,259619	0,1718
3,260488	0,1312
3,261357	0,0806
3,262226	0,0287
3,263095	-0,0385
3,263964	-0,0864
3,264833	-0,1444
3,265702	-0,1849
3,266571	-0,2319
3,267440	-0,2322
3,268309	-0,2432
3,269178	-0,2145
3,270047	-0,1877
3,270916	-0,1395
3,271785	-0,0870
3,272654	-0,0235
3,273523	0,0406
3,274392	0,0879
3,275261	0,1422
3,276130	0,1813
3,276999	0,2152
3,277868	0,2081
3,278737	0,2054
3,279606	0,1672
3,280475	0,1361
3,281344	0,0784
3,282213	0,0269
3,283082	-0,0400
3,283951	-0,0958
3,284820	-0,1440
3,285689	-0,1978
3,286558	-0,2350
3,287427	-0,2561
3,288296	-0,2374
3,289165	-0,2304
3,290034	-0,1834
3,290903	-0,1495
3,291772	-0,0818
3,292641	-0,0296
3,293510	0,0439
3,294379	0,0873
3,295248	0,1447
3,296117	0,1852
3,296986	0,2155
3,297855	0,2188
3,298724	0,2039
3,299593	0,1813
3,300462	0,1306
3,301331	0,0943
3,302200	0,0247
3,303069	-0,0241
3,303938	-0,0940
3,304807	-0,1331
3,305676	-0,1959
3,306545	-0,2191
3,307414	-0,2481
3,308283	-0,2417
3,309152	-0,2255
3,310021	-0,1941
3,310890	-0,1453
3,311759	-0,0970
3,312628	-0,0250
3,313497	0,0247
3,314366	0,0897
3,315235	0,1297
3,316104	0,1813
3,316973	0,1981
3,317842	0,2200
3,318711	0,2029
3,319580	0,1810
3,320449	0,1358
3,321318	0,0891
3,322187	0,0336
3,323056	-0,0327
3,323925	-0,0861
3,324794	-0,1434
3,325663	-0,1852
3,326532	-0,2411
3,327401	-0,2371
3,328270	-0,2512
3,329139	-0,2225
3,330008	-0,1996
3,330877	-0,1480
3,331746	-0,0998
3,332615	-0,0302
3,333484	0,0357
3,334353	0,0815
3,335222	0,1364
3,336091	0,1770
3,336960	0,2112
3,337829	0,2100
3,338698	0,2075
3,339567	0,1746
3,340436	0,1468
3,341305	0,0903
3,342174	0,0421
3,343043	-0,0214
3,343912	-0,0772
3,344781	-0,1260
3,345650	-0,1810
3,346519	-0,2173
3,347388	-0,2408
3,348257	-0,2322
3,349126	-0,2338
3,349995	-0,1895
3,350864	-0,1593
3,351733	-0,0964
3,352602	-0,0461
3,353471	0,0256
3,354340	0,0720
3,355209	0,1260
3,356078	0,1691
3,356947	0,1959
3,357816	0,2121
3,358685	0,1978
3,359554	0,1825
3,360423	0,1358
3,361292	0,1004
3,362161	0,0339
3,363030	-0,0150
3,363899	-0,0827
3,364768	-0,1236
3,365637	-0,1837
3,366506	-0,2133
3,367375	-0,2402
3,368244	-0,2338
3,369113	-0,2231
3,369982	-0,1968
3,370851	-0,1502
3,371720	-0,1053
3,372589	-0,0348
3,373458	0,0168
3,374327	0,0769
3,375196	0,1190
3,376065	0,1694
3,376934	0,1880
3,377803	0,2124
3,378672	0,1984
3,379541	0,1785
3,380410	0,1392
3,381279	0,0961
3,382148	0,0452
3,383017	-0,0180
3,383886	-0,0678
3,384755	-0,1285
3,385624	-0,1666
3,386493	-0,2133
3,387362	-0,2200
3,388231	-0,2335
3,389100	-0,2139
3,389969	-0,1938
3,390838	-0,1514
3,391707	-0,1053
3,392576	-0,0455
3,393445	0,0180
3,394314	0,0644
3,395183	0,1199
3,396052	0,1578
3,396921	0,1950
3,397790	0,1962
3,398659	0,2002
3,399528	0,1669
3,400397	0,1395
3,401266	0,0900
3,402135	0,0446
3,403004	-0,0171
3,403873	-0,0720
3,404742	-0,1205
3,405611	-0,1773
3,406480	-0,2066
3,407349	-0,2313
3,408218	-0,2261
3,409087	-0,2228
3,409956	-0,1813
3,410825	-0,1538
3,411694	-0,0943
3,412563	-0,0446
3,413432	0,0262
3,414301	0,0696
3,415170	0,1218
3,416039	0,1639
3,416908	0,1907
3,417777	0,2036
3,418646	0,1923
3,419515	0,1758
3,420384	0,1279
3,421253	0,0952
3,422122	0,0323
3,422991	-0,0134
3,423860	-0,0793
3,424729	-0,1160
3,425598	-0,1727
3,426467	-0,2048
3,427336	-0,2274
3,428205	-0,2313
3,429074	-0,2121
3,429943	-0,1883
3,430812	-0,1425
3,431681	-0,1038
3,432550	-0,0351
3,433419	0,0146
3,434288	0,0739
3,435157	0,1099
3,436026	0,1666
3,436895	0,1831
3,437764	0,2005
3,438633	0,1901
3,439502	0,1672
3,440371	0,1315
3,441240	0,0851
3,442109	0,0372
3,442978	-0,0284
3,443847	-0,0714
3,444716	-0,1282
3,445585	-0,1679
3,446454	-0,2158
3,447323	-0,2200
3,448192	-0,2329
3,449061	-0,2084
3,449930	-0,1862
3,450799	-0,1425
3,451668	-0,0925
3,452537	-0,0330
3,453406	0,0314
3,454275	0,0735
3,455144	0,1248
3,456013	0,1669
3,456882	0,2011
3,457751	0,1935
3,458620	0,2039
3,459489	0,1636
3,460358	0,1346
3,461227	0,0821
3,462096	0,0345
3,462965	-0,0287
3,463834	-0,0845
3,464703	-0,1291
3,465572	-0,1782
3,466441	-0,2084
3,467310	-0,2359
3,468179	-0,2194
3,469048	-0,2194
3,469917	-0,1791
3,470786	-0,1505
3,471655	-0,0909
3,472524	-0,0400
3,473393	0,0262
3,474262	0,0711
3,475131	0,1178
3,476000	0,1654
3,476869	0,1926
3,477738	0,2054
3,478607	0,1920
3,479476	0,1752
3,480345	0,1267
3,481214	0,0931
3,482083	0,0281
3,482952	-0,0195
3,483821	-0,0864
3,484690	-0,1239
3,485559	-0,1776
3,486428	-0,2142
3,487297	-0,2365
3,488166	-0,2304
3,489035	-0,2149
3,489904	-0,1895
3,490773	-0,1410
3,491642	-0,0992
3,492511	-0,0278
3,493380	0,0229
3,494249	0,0870
3,495118	0,1209
3,495987	0,1791
3,496856	0,1935
3,497725	0,2109
3,498594	0,1987
3,499463	0,1755
3,500332	0,1361
3,501201	0,0882
3,502070	0,0385
3,502939	-0,0299
3,503808	-0,0793
3,504677	-0,1361
3,505546	-0,1737
3,506415	-0,2261
3,507284	-0,2304
3,508153	-0,2405
3,509022	-0,2176
3,509891	-0,1932
3,510760	-0,1492
3,511629	-0,0998
3,512498	-0,0421
3,513367	0,0238
3,514236	0,0693
3,515105	0,1257
3,515974	0,1624
3,516843	0,2014
3,517712	0,2039
3,518581	0,2072
3,519450	0,1730
3,520319	0,1431
3,521188	0,0916
3,522057	0,0412
3,522926	-0,0195
3,523795	-0,0787
3,524664	-0,1233
3,525533	-0,1801
3,526402	-0,2100
3,527271	-0,2411
3,528140	-0,2280
3,529009	-0,2268
3,529878	-0,1877
3,530747	-0,1569
3,531616	-0,0974
3,532485	-0,0430
3,533354	0,0250
3,534223	0,0742
3,535092	0,1227
3,535961	0,1703
3,536830	0,1965
3,537699	0,2094
3,538568	0,2029
3,539437	0,1871
3,540306	0,1358
3,541175	0,1025
3,542044	0,0372
3,542913	-0,0168
3,543782	-0,0803
3,544651	-0,1215
3,545520	-0,1779
3,546389	-0,2173
3,547258	-0,2332
3,548127	-0,2380
3,548996	-0,2225
3,549865	-0,2029
3,550734	-0,1514
3,551603	-0,1129
3,552472	-0,0415
3,553341	0,0082
3,554210	0,0681
3,555079	0,1080
3,555948	0,1645
3,556817	0,1892
3,557686	0,2060
3,558555	0,2036
3,559424	0,1791
3,560293	0,1486
3,561162	0,0970
3,562031	0,0531
3,562900	-0,0168
3,563769	-0,0598
3,564638	-0,1215
3,565507	-0,1633
3,566376	-0,2139
3,567245	-0,2243
3,568114	-0,2359
3,568983	-0,2210
3,569852	-0,1950
3,570721	-0,1593
3,571590	-0,1056
3,572459	-0,0519
3,573328	0,0171
3,574197	0,0571
3,575066	0,1181
3,575935	0,1581
3,576804	0,1971
3,577673	0,1984
3,578542	0,2045
3,579411	0,1776
3,580280	0,1456
3,581149	0,1019
3,582018	0,0479
3,582887	-0,0073
3,583756	-0,0714
3,584625	-0,1093
3,585494	-0,1700
3,586363	-0,2051
3,587232	-0,2396
3,588101	-0,2271
3,588970	-0,2271
3,589839	-0,1923
3,590708	-0,1608
3,591577	-0,1102
3,592446	-0,0546
3,593315	0,0049
3,594184	0,0577
3,595053	0,1044
3,595922	0,1566
3,596791	0,1779
3,597660	0,2057
3,598529	0,1910
3,599398	0,1831
3,600267	0,1389
3,601136	0,1068
3,602005	0,0494
3,602874	0,0003
3,603743	-0,0607
3,604612	-0,1090
3,605481	-0,1553
3,606350	-0,2033
3,607219	-0,2191
3,608088	-0,2335
3,608957	-0,2094
3,609826	-0,1975
3,610695	-0,1508
3,611564	-0,1141
3,612433	-0,0476
3,613302	0,0052
3,614171	0,0610
3,615040	0,1059
3,615909	0,1526
3,616778	0,1840
3,617647	0,1956
3,618516	0,1944
3,619385	0,1703
3,620254	0,1450
3,621123	0,0940
3,621992	0,0537
3,622861	-0,0131
3,623730	-0,0607
3,624599	-0,1166
3,625468	-0,1581
3,626337	-0,2078
3,627206	-0,2271
3,628075	-0,2271
3,628944	-0,2179
3,629813	-0,1874
3,630682	-0,1581
3,631551	-0,1025
3,632420	-0,0562
3,633289	0,0128
3,634158	0,0555
3,635027	0,1117
3,635896	0,1450
3,636765	0,1825
3,637634	0,1920
3,638503	0,1889
3,639372	0,1721
3,640241	0,1367
3,641110	0,1013
3,641979	0,0458
3,642848	-0,0024
3,643717	-0,0671
3,644586	-0,1047
3,645455	-0,1642
3,646324	-0,1923
3,647193	-0,2234
3,648062	-0,2194
3,648931	-0,2161
3,649800	-0,1859
3,650669	-0,1498
3,651538	-0,1050
3,652407	-0,0446
3,653276	0,0076
3,654145	0,0644
3,655014	0,1025
3,655883	0,1590
3,656752	0,1752
3,657621	0,2020
3,658490	0,1828
3,659359	0,1758
3,660228	0,1306
3,661097	0,0958
3,661966	0,0412
3,662835	-0,0134
3,663704	-0,0705
3,664573	-0,1187
3,665442	-0,1636
3,666311	-0,2121
3,667180	-0,2210
3,668049	-0,2313
3,668918	-0,2091
3,669787	-0,1944
3,670656	-0,1444
3,671525	-0,1047
3,672394	-0,0403
3,673263	0,0134
3,674132	0,0693
3,675001	0,1126
3,675870	0,1572
3,676739	0,1898
3,677608	0,1923
3,678477	0,1959
3,679346	0,1666
3,680215	0,1428
3,681084	0,0888
3,681953	0,0473
3,682822	-0,0171
3,683691	-0,0659
3,684560	-0,1193
3,685429	-0,1636
3,686298	-0,2069
3,687167	-0,2237
3,688036	-0,2240
3,688905	-0,2158
3,689774	-0,1843
3,690643	-0,1547
3,691512	-0,0964
3,692381	-0,0482
3,693250	0,0223
3,694119	0,0656
3,694988	0,1147
3,695857	0,1550
3,696726	0,1944
3,697595	0,1962
3,698464	0,1923
3,699333	0,1730
3,700202	0,1331
3,701071	0,0977
3,701940	0,0360
3,702809	-0,0137
3,703678	-0,0809
3,704547	-0,1163
3,705416	-0,1788
3,706285	-0,2060
3,707154	-0,2383
3,708023	-0,2280
3,708892	-0,2219
3,709761	-0,1914
3,710630	-0,1520
3,711499	-0,1047
3,712368	-0,0406
3,713237	0,0153
3,714106	0,0760
3,714975	0,1111
3,715844	0,1688
3,716713	0,1846
3,717582	0,2115
3,718451	0,1852
3,719320	0,1813
3,720189	0,1386
3,721058	0,0992
3,721927	0,0479
3,722796	-0,0134
3,723665	-0,0668
3,724534	-0,1193
3,725403	-0,1602
3,726272	-0,2112
3,727141	-0,2213
3,728010	-0,2390
3,728879	-0,2161
3,729748	-0,1993
3,730617	-0,1523
3,731486	-0,1099
3,732355	-0,0455
3,733224	0,0122
3,734093	0,0674
3,734962	0,1135
3,735831	0,1563
3,736700	0,1971
3,737569	0,1968
3,738438	0,2051
3,739307	0,1727
3,740176	0,1480
3,741045	0,0946
3,741914	0,0510
3,742783	-0,0159
3,743652	-0,0690
3,744521	-0,1209
3,745390	-0,1688
3,746259	-0,2118
3,747128	-0,2396
3,747997	-0,2307
3,748866	-0,2316
3,749735	-0,1941
3,750604	-0,1648
3,751473	-0,1047
3,752342	-0,0565
3,753211	0,0146
3,754080	0,0641
3,754949	0,1160
3,755818	0,1596
3,756687	0,1917
3,757556	0,2066
3,758425	0,2008
3,759294	0,1880
3,760163	0,1440
3,761032	0,1114
3,761901	0,0482
3,762770	-0,0012
3,763639	-0,0665
3,764508	-0,1065
3,765377	-0,1645
3,766246	-0,2026
3,767115	-0,2274
3,767984	-0,2329
3,768853	-0,2219
3,769722	-0,2026
3,770591	-0,1593
3,771460	-0,1205
3,772329	-0,0519
3,773198	-0,0037
3,774067	0,0650
3,774936	0,1007
3,775805	0,1593
3,776674	0,1831
3,777543	0,2048
3,778412	0,1975
3,779281	0,1819
3,780150	0,1483
3,781019	0,1041
3,781888	0,0589
3,782757	-0,0079
3,783626	-0,0601
3,784495	-0,1154
3,785364	-0,1550
3,786233	-0,2130
3,787102	-0,2240
3,787971	-0,2390
3,788840	-0,2249
3,789709	-0,2036
3,790578	-0,1630
3,791447	-0,1169
3,792316	-0,0592
3,793185	0,0055
3,794054	0,0562
3,794923	0,1065
3,795792	0,1495
3,796661	0,1907
3,797530	0,1947
3,798399	0,2081
3,799268	0,1782
3,800137	0,1535
3,801006	0,1071
3,801875	0,0613
3,802744	0,0027
3,803613	-0,0568
3,804482	-0,0992
3,805351	-0,1529
3,806220	-0,1904
3,807089	-0,2271
3,807958	-0,2185
3,808827	-0,2264
3,809696	-0,1938
3,810565	-0,1688
3,811434	-0,1169
3,812303	-0,0653
3,813172	-0,0024
3,814041	0,0501
3,814910	0,0964
3,815779	0,1483
3,816648	0,1743
3,817517	0,2033
3,818386	0,1859
3,819255	0,1849
3,820124	0,1410
3,820993	0,1120
3,821862	0,0543
3,822731	0,0064
3,823600	-0,0580
3,824469	-0,1010
3,825338	-0,1505
3,826207	-0,1978
3,827076	-0,2222
3,827945	-0,2362
3,828814	-0,2164
3,829683	-0,2036
3,830552	-0,1569
3,831421	-0,1239
3,832290	-0,0565
3,833159	-0,0043
3,834028	0,0571
3,834897	0,0940
3,835766	0,1511
3,836635	0,1794
3,837504	0,1959
3,838373	0,1926
3,839242	0,1752
3,840111	0,1505
3,840980	0,1016
3,841849	0,0638
3,842718	-0,0046
3,843587	-0,0491
3,844456	-0,1053
3,845325	-0,1444
3,846194	-0,1950
3,847063	-0,2152
3,847932	-0,2225
3,848801	-0,2170
3,849670	-0,1929
3,850539	-0,1636
3,851408	-0,1135
3,852277	-0,0668
3,853146	0,0034
3,854015	0,0424
3,854884	0,0974
3,855753	0,1355
3,856622	0,1770
3,857491	0,1880
3,858360	0,1938
3,859229	0,1727
3,860098	0,1404
3,860967	0,1047
3,861836	0,0534
3,862705	0,0031
3,863574	-0,0620
3,864443	-0,0998
3,865312	-0,1550
3,866181	-0,1907
3,867050	-0,2194
3,867919	-0,2206
3,868788	-0,2231
3,869657	-0,1910
3,870526	-0,1581
3,871395	-0,1126
3,872264	-0,0565
3,873133	-0,0012
3,874002	0,0583
3,874871	0,0989
3,875740	0,1532
3,876609	0,1733
3,877478	0,1993
3,878347	0,1883
3,879216	0,1825
3,880085	0,1361
3,880954	0,1041
3,881823	0,0491
3,882692	-0,0012
3,883561	-0,0610
3,884430	-0,1074
3,885299	-0,1523
3,886168	-0,2014
3,887037	-0,2127
3,887906	-0,2252
3,888775	-0,2081
3,889644	-0,1975
3,890513	-0,1508
3,891382	-0,1163
3,892251	-0,0531
3,893120	-0,0055
3,893989	0,0580
3,894858	0,0989
3,895727	0,1453
3,896596	0,1740
3,897465	0,1889
3,898334	0,1938
3,899203	0,1688
3,900072	0,1462
3,900941	0,0946
3,901810	0,0562
3,902679	-0,0110
3,903548	-0,0571
3,904417	-0,1068
3,905286	-0,1511
3,906155	-0,1990
3,907024	-0,2264
3,907893	-0,2231
3,908762	-0,2191
3,909631	-0,1886
3,910500	-0,1599
3,911369	-0,1047
3,912238	-0,0574
3,913107	0,0092
3,913976	0,0549
3,914845	0,1111
3,915714	0,1495
3,916583	0,1907
3,917452	0,1971
3,918321	0,1996
3,919190	0,1785
3,920059	0,1425
3,920928	0,1044
3,921797	0,0467
3,922666	-0,0009
3,923535	-0,0711
3,924404	-0,1038
3,925273	-0,1654
3,926142	-0,1959
3,927011	-0,2353
3,927880	-0,2240
3,928749	-0,2216
3,929618	-0,1950
3,930487	-0,1593
3,931356	-0,1154
3,932225	-0,0534
3,933094	-0,0015
3,933963	0,0635
3,934832	0,0989
3,935701	0,1541
3,936570	0,1737
3,937439	0,2069
3,938308	0,1889
3,939177	0,1837
3,940046	0,1422
3,940915	0,1056
3,941784	0,0549
3,942653	-0,0034
3,943522	-0,0598
3,944391	-0,1117
3,945260	-0,1526
3,946129	-0,2075
3,946998	-0,2173
3,947867	-0,2438
3,948736	-0,2155
3,949605	-0,2029
3,950474	-0,1559
3,951343	-0,1166
3,952212	-0,0552
3,953081	-0,0012
3,953950	0,0601
3,954819	0,1090
3,955688	0,1550
3,956557	0,1910
3,957426	0,2014
3,958295	0,2142
3,959164	0,1807
3,960033	0,1566
3,960902	0,1022
3,961771	0,0616
3,962640	-0,0055
3,963509	-0,0589
3,964378	-0,1117
3,965247	-0,1584
3,966116	-0,2026
3,966985	-0,2326
3,967854	-0,2353
3,968723	-0,2322
3,969592	-0,1975
3,970461	-0,1721
3,971330	-0,1151
3,972199	-0,0674
3,973068	0,0009
3,973937	0,0494
3,974806	0,1016
3,975675	0,1459
3,976544	0,1837
3,977413	0,2045
3,978282	0,2008
3,979151	0,1898
3,980020	0,1471
3,980889	0,1166
3,981758	0,0565
3,982627	0,0095
3,983496	-0,0610
3,984365	-0,0998
3,985234	-0,1575
3,986103	-0,2002
3,986972	-0,2283
3,987841	-0,2350
3,988710	-0,2225
3,989579	-0,2066
3,990448	-0,1627
3,991317	-0,1260
3,992186	-0,0592
3,993055	-0,0131
3,993924	0,0598
3,994793	0,0940
3,995662	0,1538
3,996531	0,1825
3,997400	0,2118
3,998269	0,1990
3,999138	0,1883
4,000007	0,1553
4,000876	0,1114
4,001745	0,0674
4,002614	0,0012
4,003483	-0,0488
4,004352	-0,1077
4,005221	-0,1468
4,006090	-0,2106
4,006959	-0,2167
4,007828	-0,2371
4,008697	-0,2222
4,009566	-0,2057
4,010435	-0,1700
4,011304	-0,1251
4,012173	-0,0726
4,013042	-0,0061
4,013911	0,0412
4,014780	0,0952
4,015649	0,1340
4,016518	0,1840
4,017387	0,1907
4,018256	0,2029
4,019125	0,1801
4,019994	0,1569
4,020863	0,1154
4,021732	0,0690
4,022601	0,0125
4,023470	-0,0467
4,024339	-0,0888
4,025208	-0,1453
4,026077	-0,1852
4,026946	-0,2234
4,027815	-0,2219
4,028684	-0,2277
4,029553	-0,1975
4,030422	-0,1718
4,031291	-0,1236
4,032160	-0,0726
4,033029	-0,0128
4,033898	0,0461
4,034767	0,0928
4,035636	0,1422
4,036505	0,1715
4,037374	0,2036
4,038243	0,1886
4,039112	0,1914
4,039981	0,1489
4,040850	0,1193
4,041719	0,0641
4,042588	0,0143
4,043457	-0,0494
4,044326	-0,0940
4,045195	-0,1434
4,046064	-0,1944
4,046933	-0,2173
4,047802	-0,2335
4,048671	-0,2203
4,049540	-0,2087
4,050409	-0,1621
4,051278	-0,1312
4,052147	-0,0665
4,053016	-0,0177
4,053885	0,0433
4,054754	0,0870
4,055623	0,1334
4,056492	0,1703
4,057361	0,1825
4,058230	0,1953
4,059099	0,1749
4,059968	0,1553
4,060837	0,1093
4,061706	0,0748
4,062575	0,0101
4,063444	-0,0369
4,064313	-0,0937
4,065182	-0,1337
4,066051	-0,1865
4,066920	-0,2118
4,067789	-0,2268
4,068658	-0,2170
4,069527	-0,1947
4,070396	-0,1688
4,071265	-0,1187
4,072134	-0,0757
4,073003	-0,0089
4,073872	0,0354
4,074741	0,0922
4,075610	0,1300
4,076479	0,1755
4,077348	0,1886
4,078217	0,1975
4,079086	0,1788
4,079955	0,1477
4,080824	0,1129
4,081693	0,0613
4,082562	0,0116
4,083431	-0,0531
4,084300	-0,0903
4,085169	-0,1486
4,086038	-0,1856
4,086907	-0,2213
4,087776	-0,2213
4,088645	-0,2222
4,089514	-0,1947
4,090383	-0,1630
4,091252	-0,1209
4,092121	-0,0644
4,092990	-0,0137
4,093859	0,0488
4,094728	0,0879
4,095597	0,1434
4,096466	0,1648
4,097335	0,1953
4,098204	0,1846
4,099073	0,1816
4,099942	0,1428
4,100811	0,1102
4,101680	0,0629
4,102549	0,0092
4,103418	-0,0467
4,104287	-0,0952
4,105156	-0,1370
4,106025	-0,1914
4,106894	-0,2039
4,107763	-0,2271
4,108632	-0,2139
4,109501	-0,2023
4,110370	-0,1559
4,111239	-0,1221
4,112108	-0,0620
4,112977	-0,0140
4,113846	0,0470
4,114715	0,0922
4,115584	0,1367
4,116453	0,1782
4,117322	0,1877
4,118191	0,1971
4,119060	0,1724
4,119929	0,1520
4,120798	0,1010
4,121667	0,0632
4,122536	-0,0012
4,123405	-0,0494
4,124274	-0,1047
4,125143	-0,1486
4,126012	-0,1968
4,126881	-0,2228
4,127750	-0,2280
4,128619	-0,2237
4,129488	-0,1938
4,130357	-0,1672
4,131226	-0,1123
4,132095	-0,0668
4,132964	-0,0009
4,133833	0,0449
4,134702	0,1001
4,135571	0,1386
4,136440	0,1819
4,137309	0,1947
4,138178	0,1935
4,139047	0,1810
4,139916	0,1450
4,140785	0,1126
4,141654	0,0574
4,142523	0,0101
4,143392	-0,0555
4,144261	-0,0970
4,145130	-0,1495
4,145999	-0,1871
4,146868	-0,2225
4,147737	-0,2222
4,148606	-0,2182
4,149475	-0,1990
4,150344	-0,1617
4,151213	-0,1233
4,152082	-0,0610
4,152951	-0,0095
4,153820	0,0574
4,154689	0,0906
4,155558	0,1489
4,156427	0,1749
4,157296	0,1968
4,158165	0,1947
4,159034	0,1849
4,159903	0,1477
4,160772	0,1093
4,161641	0,0632
4,162510	0,0006
4,163379	-0,0543
4,164248	-0,1096
4,165117	-0,1477
4,165986	-0,2039
4,166855	-0,2179
4,167724	-0,2405
4,168593	-0,2216
4,169462	-0,2091
4,170331	-0,1636
4,171200	-0,1248
4,172069	-0,0656
4,172938	-0,0061
4,173807	0,0494
4,174676	0,1001
4,175545	0,1419
4,176414	0,1901
4,177283	0,1926
4,178152	0,2136
4,179021	0,1813
4,179890	0,1596
4,180759	0,1108
4,181628	0,0705
4,182497	0,0092
4,183366	-0,0473
4,184235	-0,0967
4,185104	-0,1471
4,185973	-0,1895
4,186842	-0,2225
4,187711	-0,2286
4,188580	-0,2319
4,189449	-0,2005
4,190318	-0,1764
4,191187	-0,1227
4,192056	-0,0763
4,192925	-0,0092
4,193794	0,0409
4,194663	0,0977
4,195532	0,1407
4,196401	0,1794
4,197270	0,2039
4,198139	0,1971
4,199008	0,1932
4,199877	0,1511
4,200746	0,1212
4,201615	0,0626
4,202484	0,0153
4,203353	-0,0531
4,204222	-0,0977
4,205091	-0,1538
4,205960	-0,1959
4,206829	-0,2258
4,207698	-0,2368
4,208567	-0,2280
4,209436	-0,2133
4,210305	-0,1694
4,211174	-0,1352
4,212043	-0,0671
4,212912	-0,0192
4,213781	0,0510
4,214650	0,0897
4,215519	0,1474
4,216388	0,1752
4,217257	0,2054
4,218126	0,2011
4,218995	0,1877
4,219864	0,1624
4,220733	0,1178
4,221602	0,0787
4,222471	0,0113
4,223340	-0,0333
4,224209	-0,0949
4,225078	-0,1328
4,225947	-0,1886
4,226816	-0,2124
4,227685	-0,2295
4,228554	-0,2228
4,229423	-0,2084
4,230292	-0,1776
4,231161	-0,1315
4,232030	-0,0842
4,232899	-0,0156
4,233768	0,0333
4,234637	0,0906
4,235506	0,1260
4,236375	0,1782
4,237244	0,1886
4,238113	0,1993
4,238982	0,1831
4,239851	0,1602
4,240720	0,1209
4,241589	0,0739
4,242458	0,0201
4,243327	-0,0439
4,244196	-0,0845
4,245065	-0,1431
4,245934	-0,1846
4,246803	-0,2255
4,247672	-0,2216
4,248541	-0,2322
4,249410	-0,2051
4,250279	-0,1788
4,251148	-0,1325
4,252017	-0,0793
4,252886	-0,0208
4,253755	0,0385
4,254624	0,0806
4,255493	0,1392
4,256362	0,1730
4,257231	0,2042
4,258100	0,1929
4,258969	0,1920
4,259838	0,1538
4,260707	0,1257
4,261576	0,0748
4,262445	0,0235
4,263314	-0,0363
4,264183	-0,0879
4,265052	-0,1285
4,265921	-0,1834
4,266790	-0,2097
4,267659	-0,2298
4,268528	-0,2152
4,269397	-0,2118
4,270266	-0,1700
4,271135	-0,1401
4,272004	-0,0803
4,272873	-0,0302
4,273742	0,0317
4,274611	0,0784
4,275480	0,1242
4,276349	0,1663
4,277218	0,1846
4,278087	0,2020
4,278956	0,1770
4,279825	0,1617
4,280694	0,1129
4,281563	0,0797
4,282432	0,0171
4,283301	-0,0320
4,284170	-0,0885
4,285039	-0,1291
4,285908	-0,1785
4,286777	-0,2100
4,287646	-0,2203
4,288515	-0,2228
4,289384	-0,1993
4,290253	-0,1767
4,291122	-0,1263
4,291991	-0,0848
4,292860	-0,0153
4,293729	0,0278
4,294598	0,0858
4,295467	0,1251
4,296336	0,1709
4,297205	0,1846
4,298074	0,1920
4,298943	0,1831
4,299812	0,1514
4,300681	0,1215
4,301550	0,0687
4,302419	0,0238
4,303288	-0,0418
4,304157	-0,0775
4,305026	-0,1340
4,305895	-0,1740
4,306764	-0,2121
4,307633	-0,2222
4,308502	-0,2170
4,309371	-0,2014
4,310240	-0,1675
4,311109	-0,1340
4,311978	-0,0760
4,312847	-0,0281
4,313716	0,0388
4,314585	0,0726
4,315454	0,1306
4,316323	0,1599
4,317192	0,1868
4,318061	0,1880
4,318930	0,1813
4,319799	0,1505
4,320668	0,1141
4,321537	0,0714
4,322406	0,0143
4,323275	-0,0360
4,324144	-0,0916
4,325013	-0,1263
4,325882	-0,1874
4,326751	-0,2033
4,327620	-0,2252
4,328489	-0,2112
4,329358	-0,2045
4,330227	-0,1639
4,331096	-0,1276
4,331965	-0,0726
4,332834	-0,0162
4,333703	0,0403
4,334572	0,0858
4,335441	0,1318
4,336310	0,1779
4,337179	0,1923
4,338048	0,2017
4,338917	0,1764
4,339786	0,1572
4,340655	0,1077
4,341524	0,0714
4,342393	0,0098
4,343262	-0,0427
4,344131	-0,0922
4,345000	-0,1379
